seg_id,parent_track_id,title,file,start_ms,duration_ms,bpm,label
034965da0cfe56f423700a0343cd70b89f14c459__0ms,034965da0cfe56f423700a0343cd70b89f14c459,Cha cha    Alvaro Soler   Sofia II,D:\projekty\Hudba\music-editor\src\data\segments\cha cha\034965da0cfe56f423700a0343cd70b89f14c459__s0ms.wav,0,20000,,cha cha
034965da0cfe56f423700a0343cd70b89f14c459__20000ms,034965da0cfe56f423700a0343cd70b89f14c459,Cha cha    Alvaro Soler   Sofia II,D:\projekty\Hudba\music-editor\src\data\segments\cha cha\034965da0cfe56f423700a0343cd70b89f14c459__s20000ms.wav,20000,20000,,cha cha
034965da0cfe56f423700a0343cd70b89f14c459__40000ms,034965da0cfe56f423700a0343cd70b89f14c459,Cha cha    Alvaro Soler   Sofia II,D:\projekty\Hudba\music-editor\src\data\segments\cha cha\034965da0cfe56f423700a0343cd70b89f14c459__s40000ms.wav,40000,20000,,cha cha
034965da0cfe56f423700a0343cd70b89f14c459__60000ms,034965da0cfe56f423700a0343cd70b89f14c459,Cha cha    Alvaro Soler   Sofia II,D:\projekty\Hudba\music-editor\src\data\segments\cha cha\034965da0cfe56f423700a0343cd70b89f14c459__s60000ms.wav,60000,20000,,cha cha
034965da0cfe56f423700a0343cd70b89f14c459__80000ms,034965da0cfe56f423700a0343cd70b89f14c459,Cha cha    Alvaro Soler   Sofia II,D:\projekty\Hudba\music-editor\src\data\segments\cha cha\034965da0cfe56f423700a0343cd70b89f14c459__s80000ms.wav,80000,20000,,cha cha
034965da0cfe56f423700a0343cd70b89f14c459__100000ms,034965da0cfe56f423700a0343cd70b89f14c459,Cha cha    Alvaro Soler   Sofia II,D:\projekty\Hudba\music-editor\src\data\segments\cha cha\034965da0cfe56f423700a0343cd70b89f14c459__s100000ms.wav,100000,20000,,cha cha
034965da0cfe56f423700a0343cd70b89f14c459__120000ms,034965da0cfe56f423700a0343cd70b89f14c459,Cha cha    Alvaro Soler   Sofia II,D:\projekty\Hudba\music-editor\src\data\segments\cha cha\034965da0cfe56f423700a0343cd70b89f14c459__s120000ms.wav,120000,20000,,cha cha
034965da0cfe56f423700a0343cd70b89f14c459__140000ms,034965da0cfe56f423700a0343cd70b89f14c459,Cha cha    Alvaro Soler   Sofia II,D:\projekty\Hudba\music-editor\src\data\segments\cha cha\034965da0cfe56f423700a0343cd70b89f14c459__s140000ms.wav,140000,20000,,cha cha
034965da0cfe56f423700a0343cd70b89f14c459__160000ms,034965da0cfe56f423700a0343cd70b89f14c459,Cha cha    Alvaro Soler   Sofia II,D:\projekty\Hudba\music-editor\src\data\segments\cha cha\034965da0cfe56f423700a0343cd70b89f14c459__s160000ms.wav,160000,20000,,cha cha
034965da0cfe56f423700a0343cd70b89f14c459__180000ms,034965da0cfe56f423700a0343cd70b89f14c459,Cha cha    Alvaro Soler   Sofia II,D:\projekty\Hudba\music-editor\src\data\segments\cha cha\034965da0cfe56f423700a0343cd70b89f14c459__s180000ms.wav,180000,20000,,cha cha
034965da0cfe56f423700a0343cd70b89f14c459__200000ms,034965da0cfe56f423700a0343cd70b89f14c459,Cha cha    Alvaro Soler   Sofia II,D:\projekty\Hudba\music-editor\src\data\segments\cha cha\034965da0cfe56f423700a0343cd70b89f14c459__s200000ms.wav,200000,19664,,cha cha
c07ef1cc4cd417490c48b1f464a4572015a1951c__0ms,c07ef1cc4cd417490c48b1f464a4572015a1951c,Cha cha    Let's Cha Cha Cha 31 BPM,D:\projekty\Hudba\music-editor\src\data\segments\cha cha\c07ef1cc4cd417490c48b1f464a4572015a1951c__s0ms.wav,0,20000,,cha cha
c07ef1cc4cd417490c48b1f464a4572015a1951c__20000ms,c07ef1cc4cd417490c48b1f464a4572015a1951c,Cha cha    Let's Cha Cha Cha 31 BPM,D:\projekty\Hudba\music-editor\src\data\segments\cha cha\c07ef1cc4cd417490c48b1f464a4572015a1951c__s20000ms.wav,20000,20000,,cha cha
c07ef1cc4cd417490c48b1f464a4572015a1951c__40000ms,c07ef1cc4cd417490c48b1f464a4572015a1951c,Cha cha    Let's Cha Cha Cha 31 BPM,D:\projekty\Hudba\music-editor\src\data\segments\cha cha\c07ef1cc4cd417490c48b1f464a4572015a1951c__s40000ms.wav,40000,20000,,cha cha
c07ef1cc4cd417490c48b1f464a4572015a1951c__60000ms,c07ef1cc4cd417490c48b1f464a4572015a1951c,Cha cha    Let's Cha Cha Cha 31 BPM,D:\projekty\Hudba\music-editor\src\data\segments\cha cha\c07ef1cc4cd417490c48b1f464a4572015a1951c__s60000ms.wav,60000,20000,,cha cha
c07ef1cc4cd417490c48b1f464a4572015a1951c__80000ms,c07ef1cc4cd417490c48b1f464a4572015a1951c,Cha cha    Let's Cha Cha Cha 31 BPM,D:\projekty\Hudba\music-editor\src\data\segments\cha cha\c07ef1cc4cd417490c48b1f464a4572015a1951c__s80000ms.wav,80000,20000,,cha cha
c07ef1cc4cd417490c48b1f464a4572015a1951c__100000ms,c07ef1cc4cd417490c48b1f464a4572015a1951c,Cha cha    Let's Cha Cha Cha 31 BPM,D:\projekty\Hudba\music-editor\src\data\segments\cha cha\c07ef1cc4cd417490c48b1f464a4572015a1951c__s100000ms.wav,100000,20000,,cha cha
c07ef1cc4cd417490c48b1f464a4572015a1951c__120000ms,c07ef1cc4cd417490c48b1f464a4572015a1951c,Cha cha    Let's Cha Cha Cha 31 BPM,D:\projekty\Hudba\music-editor\src\data\segments\cha cha\c07ef1cc4cd417490c48b1f464a4572015a1951c__s120000ms.wav,120000,20000,,cha cha
c07ef1cc4cd417490c48b1f464a4572015a1951c__140000ms,c07ef1cc4cd417490c48b1f464a4572015a1951c,Cha cha    Let's Cha Cha Cha 31 BPM,D:\projekty\Hudba\music-editor\src\data\segments\cha cha\c07ef1cc4cd417490c48b1f464a4572015a1951c__s140000ms.wav,140000,20000,,cha cha
c07ef1cc4cd417490c48b1f464a4572015a1951c__160000ms,c07ef1cc4cd417490c48b1f464a4572015a1951c,Cha cha    Let's Cha Cha Cha 31 BPM,D:\projekty\Hudba\music-editor\src\data\segments\cha cha\c07ef1cc4cd417490c48b1f464a4572015a1951c__s160000ms.wav,160000,20000,,cha cha
c07ef1cc4cd417490c48b1f464a4572015a1951c__180000ms,c07ef1cc4cd417490c48b1f464a4572015a1951c,Cha cha    Let's Cha Cha Cha 31 BPM,D:\projekty\Hudba\music-editor\src\data\segments\cha cha\c07ef1cc4cd417490c48b1f464a4572015a1951c__s180000ms.wav,180000,20000,,cha cha
122556b0a1c6efb474f2a1e9aacf7e910ecfda40__0ms,122556b0a1c6efb474f2a1e9aacf7e910ecfda40,CHA CHA    music Bang Bang,D:\projekty\Hudba\music-editor\src\data\segments\cha cha\122556b0a1c6efb474f2a1e9aacf7e910ecfda40__s0ms.wav,0,20000,,cha cha
122556b0a1c6efb474f2a1e9aacf7e910ecfda40__20000ms,122556b0a1c6efb474f2a1e9aacf7e910ecfda40,CHA CHA    music Bang Bang,D:\projekty\Hudba\music-editor\src\data\segments\cha cha\122556b0a1c6efb474f2a1e9aacf7e910ecfda40__s20000ms.wav,20000,20000,,cha cha
122556b0a1c6efb474f2a1e9aacf7e910ecfda40__40000ms,122556b0a1c6efb474f2a1e9aacf7e910ecfda40,CHA CHA    music Bang Bang,D:\projekty\Hudba\music-editor\src\data\segments\cha cha\122556b0a1c6efb474f2a1e9aacf7e910ecfda40__s40000ms.wav,40000,20000,,cha cha
122556b0a1c6efb474f2a1e9aacf7e910ecfda40__60000ms,122556b0a1c6efb474f2a1e9aacf7e910ecfda40,CHA CHA    music Bang Bang,D:\projekty\Hudba\music-editor\src\data\segments\cha cha\122556b0a1c6efb474f2a1e9aacf7e910ecfda40__s60000ms.wav,60000,20000,,cha cha
122556b0a1c6efb474f2a1e9aacf7e910ecfda40__80000ms,122556b0a1c6efb474f2a1e9aacf7e910ecfda40,CHA CHA    music Bang Bang,D:\projekty\Hudba\music-editor\src\data\segments\cha cha\122556b0a1c6efb474f2a1e9aacf7e910ecfda40__s80000ms.wav,80000,20000,,cha cha
122556b0a1c6efb474f2a1e9aacf7e910ecfda40__100000ms,122556b0a1c6efb474f2a1e9aacf7e910ecfda40,CHA CHA    music Bang Bang,D:\projekty\Hudba\music-editor\src\data\segments\cha cha\122556b0a1c6efb474f2a1e9aacf7e910ecfda40__s100000ms.wav,100000,20000,,cha cha
122556b0a1c6efb474f2a1e9aacf7e910ecfda40__120000ms,122556b0a1c6efb474f2a1e9aacf7e910ecfda40,CHA CHA    music Bang Bang,D:\projekty\Hudba\music-editor\src\data\segments\cha cha\122556b0a1c6efb474f2a1e9aacf7e910ecfda40__s120000ms.wav,120000,20000,,cha cha
fc27b97c564a7d9f9eeb402baf5060631da71736__0ms,fc27b97c564a7d9f9eeb402baf5060631da71736,"Cha Cha   Better Days   NEIKED, Mae Muller, Polo",D:\projekty\Hudba\music-editor\src\data\segments\cha cha\fc27b97c564a7d9f9eeb402baf5060631da71736__s0ms.wav,0,20000,,cha cha
fc27b97c564a7d9f9eeb402baf5060631da71736__20000ms,fc27b97c564a7d9f9eeb402baf5060631da71736,"Cha Cha   Better Days   NEIKED, Mae Muller, Polo",D:\projekty\Hudba\music-editor\src\data\segments\cha cha\fc27b97c564a7d9f9eeb402baf5060631da71736__s20000ms.wav,20000,20000,,cha cha
fc27b97c564a7d9f9eeb402baf5060631da71736__40000ms,fc27b97c564a7d9f9eeb402baf5060631da71736,"Cha Cha   Better Days   NEIKED, Mae Muller, Polo",D:\projekty\Hudba\music-editor\src\data\segments\cha cha\fc27b97c564a7d9f9eeb402baf5060631da71736__s40000ms.wav,40000,20000,,cha cha
fc27b97c564a7d9f9eeb402baf5060631da71736__60000ms,fc27b97c564a7d9f9eeb402baf5060631da71736,"Cha Cha   Better Days   NEIKED, Mae Muller, Polo",D:\projekty\Hudba\music-editor\src\data\segments\cha cha\fc27b97c564a7d9f9eeb402baf5060631da71736__s60000ms.wav,60000,20000,,cha cha
fc27b97c564a7d9f9eeb402baf5060631da71736__80000ms,fc27b97c564a7d9f9eeb402baf5060631da71736,"Cha Cha   Better Days   NEIKED, Mae Muller, Polo",D:\projekty\Hudba\music-editor\src\data\segments\cha cha\fc27b97c564a7d9f9eeb402baf5060631da71736__s80000ms.wav,80000,20000,,cha cha
fc27b97c564a7d9f9eeb402baf5060631da71736__100000ms,fc27b97c564a7d9f9eeb402baf5060631da71736,"Cha Cha   Better Days   NEIKED, Mae Muller, Polo",D:\projekty\Hudba\music-editor\src\data\segments\cha cha\fc27b97c564a7d9f9eeb402baf5060631da71736__s100000ms.wav,100000,20000,,cha cha
fc27b97c564a7d9f9eeb402baf5060631da71736__120000ms,fc27b97c564a7d9f9eeb402baf5060631da71736,"Cha Cha   Better Days   NEIKED, Mae Muller, Polo",D:\projekty\Hudba\music-editor\src\data\segments\cha cha\fc27b97c564a7d9f9eeb402baf5060631da71736__s120000ms.wav,120000,20000,,cha cha
c16000b2ad3eda84893354f10a9302bb37c32010__0ms,c16000b2ad3eda84893354f10a9302bb37c32010,Cha Cha   Ca,D:\projekty\Hudba\music-editor\src\data\segments\cha cha\c16000b2ad3eda84893354f10a9302bb37c32010__s0ms.wav,0,20000,,cha cha
c16000b2ad3eda84893354f10a9302bb37c32010__20000ms,c16000b2ad3eda84893354f10a9302bb37c32010,Cha Cha   Ca,D:\projekty\Hudba\music-editor\src\data\segments\cha cha\c16000b2ad3eda84893354f10a9302bb37c32010__s20000ms.wav,20000,20000,,cha cha
c16000b2ad3eda84893354f10a9302bb37c32010__40000ms,c16000b2ad3eda84893354f10a9302bb37c32010,Cha Cha   Ca,D:\projekty\Hudba\music-editor\src\data\segments\cha cha\c16000b2ad3eda84893354f10a9302bb37c32010__s40000ms.wav,40000,20000,,cha cha
c16000b2ad3eda84893354f10a9302bb37c32010__60000ms,c16000b2ad3eda84893354f10a9302bb37c32010,Cha Cha   Ca,D:\projekty\Hudba\music-editor\src\data\segments\cha cha\c16000b2ad3eda84893354f10a9302bb37c32010__s60000ms.wav,60000,20000,,cha cha
c16000b2ad3eda84893354f10a9302bb37c32010__80000ms,c16000b2ad3eda84893354f10a9302bb37c32010,Cha Cha   Ca,D:\projekty\Hudba\music-editor\src\data\segments\cha cha\c16000b2ad3eda84893354f10a9302bb37c32010__s80000ms.wav,80000,20000,,cha cha
c16000b2ad3eda84893354f10a9302bb37c32010__100000ms,c16000b2ad3eda84893354f10a9302bb37c32010,Cha Cha   Ca,D:\projekty\Hudba\music-editor\src\data\segments\cha cha\c16000b2ad3eda84893354f10a9302bb37c32010__s100000ms.wav,100000,20000,,cha cha
c16000b2ad3eda84893354f10a9302bb37c32010__120000ms,c16000b2ad3eda84893354f10a9302bb37c32010,Cha Cha   Ca,D:\projekty\Hudba\music-editor\src\data\segments\cha cha\c16000b2ad3eda84893354f10a9302bb37c32010__s120000ms.wav,120000,20000,,cha cha
c16000b2ad3eda84893354f10a9302bb37c32010__140000ms,c16000b2ad3eda84893354f10a9302bb37c32010,Cha Cha   Ca,D:\projekty\Hudba\music-editor\src\data\segments\cha cha\c16000b2ad3eda84893354f10a9302bb37c32010__s140000ms.wav,140000,20000,,cha cha
c16000b2ad3eda84893354f10a9302bb37c32010__160000ms,c16000b2ad3eda84893354f10a9302bb37c32010,Cha Cha   Ca,D:\projekty\Hudba\music-editor\src\data\segments\cha cha\c16000b2ad3eda84893354f10a9302bb37c32010__s160000ms.wav,160000,20000,,cha cha
c16000b2ad3eda84893354f10a9302bb37c32010__180000ms,c16000b2ad3eda84893354f10a9302bb37c32010,Cha Cha   Ca,D:\projekty\Hudba\music-editor\src\data\segments\cha cha\c16000b2ad3eda84893354f10a9302bb37c32010__s180000ms.wav,180000,20000,,cha cha
c16000b2ad3eda84893354f10a9302bb37c32010__200000ms,c16000b2ad3eda84893354f10a9302bb37c32010,Cha Cha   Ca,D:\projekty\Hudba\music-editor\src\data\segments\cha cha\c16000b2ad3eda84893354f10a9302bb37c32010__s200000ms.wav,200000,20000,,cha cha
3ae2b12db94ce6ca27a3857af96ce22943d460b9__0ms,3ae2b12db94ce6ca27a3857af96ce22943d460b9,Cha Cha   Cupid   FIFTY FIFTY ft Sabrina Carpenter (Ballroom Bar Remix,D:\projekty\Hudba\music-editor\src\data\segments\cha cha\3ae2b12db94ce6ca27a3857af96ce22943d460b9__s0ms.wav,0,20000,,cha cha
3ae2b12db94ce6ca27a3857af96ce22943d460b9__20000ms,3ae2b12db94ce6ca27a3857af96ce22943d460b9,Cha Cha   Cupid   FIFTY FIFTY ft Sabrina Carpenter (Ballroom Bar Remix,D:\projekty\Hudba\music-editor\src\data\segments\cha cha\3ae2b12db94ce6ca27a3857af96ce22943d460b9__s20000ms.wav,20000,20000,,cha cha
3ae2b12db94ce6ca27a3857af96ce22943d460b9__40000ms,3ae2b12db94ce6ca27a3857af96ce22943d460b9,Cha Cha   Cupid   FIFTY FIFTY ft Sabrina Carpenter (Ballroom Bar Remix,D:\projekty\Hudba\music-editor\src\data\segments\cha cha\3ae2b12db94ce6ca27a3857af96ce22943d460b9__s40000ms.wav,40000,20000,,cha cha
3ae2b12db94ce6ca27a3857af96ce22943d460b9__60000ms,3ae2b12db94ce6ca27a3857af96ce22943d460b9,Cha Cha   Cupid   FIFTY FIFTY ft Sabrina Carpenter (Ballroom Bar Remix,D:\projekty\Hudba\music-editor\src\data\segments\cha cha\3ae2b12db94ce6ca27a3857af96ce22943d460b9__s60000ms.wav,60000,20000,,cha cha
3ae2b12db94ce6ca27a3857af96ce22943d460b9__80000ms,3ae2b12db94ce6ca27a3857af96ce22943d460b9,Cha Cha   Cupid   FIFTY FIFTY ft Sabrina Carpenter (Ballroom Bar Remix,D:\projekty\Hudba\music-editor\src\data\segments\cha cha\3ae2b12db94ce6ca27a3857af96ce22943d460b9__s80000ms.wav,80000,20000,,cha cha
3ae2b12db94ce6ca27a3857af96ce22943d460b9__100000ms,3ae2b12db94ce6ca27a3857af96ce22943d460b9,Cha Cha   Cupid   FIFTY FIFTY ft Sabrina Carpenter (Ballroom Bar Remix,D:\projekty\Hudba\music-editor\src\data\segments\cha cha\3ae2b12db94ce6ca27a3857af96ce22943d460b9__s100000ms.wav,100000,20000,,cha cha
3ae2b12db94ce6ca27a3857af96ce22943d460b9__120000ms,3ae2b12db94ce6ca27a3857af96ce22943d460b9,Cha Cha   Cupid   FIFTY FIFTY ft Sabrina Carpenter (Ballroom Bar Remix,D:\projekty\Hudba\music-editor\src\data\segments\cha cha\3ae2b12db94ce6ca27a3857af96ce22943d460b9__s120000ms.wav,120000,10534,,cha cha
0b4ab9efc84cc9d1993c0b636a3e57bdc7be798c__0ms,0b4ab9efc84cc9d1993c0b636a3e57bdc7be798c,Cha Cha   Faded   ZHU (Ballroom Bar Remix,D:\projekty\Hudba\music-editor\src\data\segments\cha cha\0b4ab9efc84cc9d1993c0b636a3e57bdc7be798c__s0ms.wav,0,20000,,cha cha
0b4ab9efc84cc9d1993c0b636a3e57bdc7be798c__20000ms,0b4ab9efc84cc9d1993c0b636a3e57bdc7be798c,Cha Cha   Faded   ZHU (Ballroom Bar Remix,D:\projekty\Hudba\music-editor\src\data\segments\cha cha\0b4ab9efc84cc9d1993c0b636a3e57bdc7be798c__s20000ms.wav,20000,20000,,cha cha
0b4ab9efc84cc9d1993c0b636a3e57bdc7be798c__40000ms,0b4ab9efc84cc9d1993c0b636a3e57bdc7be798c,Cha Cha   Faded   ZHU (Ballroom Bar Remix,D:\projekty\Hudba\music-editor\src\data\segments\cha cha\0b4ab9efc84cc9d1993c0b636a3e57bdc7be798c__s40000ms.wav,40000,20000,,cha cha
0b4ab9efc84cc9d1993c0b636a3e57bdc7be798c__60000ms,0b4ab9efc84cc9d1993c0b636a3e57bdc7be798c,Cha Cha   Faded   ZHU (Ballroom Bar Remix,D:\projekty\Hudba\music-editor\src\data\segments\cha cha\0b4ab9efc84cc9d1993c0b636a3e57bdc7be798c__s60000ms.wav,60000,20000,,cha cha
0b4ab9efc84cc9d1993c0b636a3e57bdc7be798c__80000ms,0b4ab9efc84cc9d1993c0b636a3e57bdc7be798c,Cha Cha   Faded   ZHU (Ballroom Bar Remix,D:\projekty\Hudba\music-editor\src\data\segments\cha cha\0b4ab9efc84cc9d1993c0b636a3e57bdc7be798c__s80000ms.wav,80000,20000,,cha cha
0b4ab9efc84cc9d1993c0b636a3e57bdc7be798c__100000ms,0b4ab9efc84cc9d1993c0b636a3e57bdc7be798c,Cha Cha   Faded   ZHU (Ballroom Bar Remix,D:\projekty\Hudba\music-editor\src\data\segments\cha cha\0b4ab9efc84cc9d1993c0b636a3e57bdc7be798c__s100000ms.wav,100000,20000,,cha cha
0b4ab9efc84cc9d1993c0b636a3e57bdc7be798c__120000ms,0b4ab9efc84cc9d1993c0b636a3e57bdc7be798c,Cha Cha   Faded   ZHU (Ballroom Bar Remix,D:\projekty\Hudba\music-editor\src\data\segments\cha cha\0b4ab9efc84cc9d1993c0b636a3e57bdc7be798c__s120000ms.wav,120000,20000,,cha cha
17eb3c0ff2f13f465b03ead4acdaf8be4fbd44dc__0ms,17eb3c0ff2f13f465b03ead4acdaf8be4fbd44dc,Cha Cha   Jingle Bell,D:\projekty\Hudba\music-editor\src\data\segments\cha cha\17eb3c0ff2f13f465b03ead4acdaf8be4fbd44dc__s0ms.wav,0,20000,,cha cha
17eb3c0ff2f13f465b03ead4acdaf8be4fbd44dc__20000ms,17eb3c0ff2f13f465b03ead4acdaf8be4fbd44dc,Cha Cha   Jingle Bell,D:\projekty\Hudba\music-editor\src\data\segments\cha cha\17eb3c0ff2f13f465b03ead4acdaf8be4fbd44dc__s20000ms.wav,20000,20000,,cha cha
17eb3c0ff2f13f465b03ead4acdaf8be4fbd44dc__40000ms,17eb3c0ff2f13f465b03ead4acdaf8be4fbd44dc,Cha Cha   Jingle Bell,D:\projekty\Hudba\music-editor\src\data\segments\cha cha\17eb3c0ff2f13f465b03ead4acdaf8be4fbd44dc__s40000ms.wav,40000,20000,,cha cha
17eb3c0ff2f13f465b03ead4acdaf8be4fbd44dc__60000ms,17eb3c0ff2f13f465b03ead4acdaf8be4fbd44dc,Cha Cha   Jingle Bell,D:\projekty\Hudba\music-editor\src\data\segments\cha cha\17eb3c0ff2f13f465b03ead4acdaf8be4fbd44dc__s60000ms.wav,60000,20000,,cha cha
17eb3c0ff2f13f465b03ead4acdaf8be4fbd44dc__80000ms,17eb3c0ff2f13f465b03ead4acdaf8be4fbd44dc,Cha Cha   Jingle Bell,D:\projekty\Hudba\music-editor\src\data\segments\cha cha\17eb3c0ff2f13f465b03ead4acdaf8be4fbd44dc__s80000ms.wav,80000,20000,,cha cha
17eb3c0ff2f13f465b03ead4acdaf8be4fbd44dc__100000ms,17eb3c0ff2f13f465b03ead4acdaf8be4fbd44dc,Cha Cha   Jingle Bell,D:\projekty\Hudba\music-editor\src\data\segments\cha cha\17eb3c0ff2f13f465b03ead4acdaf8be4fbd44dc__s100000ms.wav,100000,20000,,cha cha
17eb3c0ff2f13f465b03ead4acdaf8be4fbd44dc__120000ms,17eb3c0ff2f13f465b03ead4acdaf8be4fbd44dc,Cha Cha   Jingle Bell,D:\projekty\Hudba\music-editor\src\data\segments\cha cha\17eb3c0ff2f13f465b03ead4acdaf8be4fbd44dc__s120000ms.wav,120000,20000,,cha cha
17eb3c0ff2f13f465b03ead4acdaf8be4fbd44dc__140000ms,17eb3c0ff2f13f465b03ead4acdaf8be4fbd44dc,Cha Cha   Jingle Bell,D:\projekty\Hudba\music-editor\src\data\segments\cha cha\17eb3c0ff2f13f465b03ead4acdaf8be4fbd44dc__s140000ms.wav,140000,20000,,cha cha
17eb3c0ff2f13f465b03ead4acdaf8be4fbd44dc__160000ms,17eb3c0ff2f13f465b03ead4acdaf8be4fbd44dc,Cha Cha   Jingle Bell,D:\projekty\Hudba\music-editor\src\data\segments\cha cha\17eb3c0ff2f13f465b03ead4acdaf8be4fbd44dc__s160000ms.wav,160000,20000,,cha cha
17eb3c0ff2f13f465b03ead4acdaf8be4fbd44dc__180000ms,17eb3c0ff2f13f465b03ead4acdaf8be4fbd44dc,Cha Cha   Jingle Bell,D:\projekty\Hudba\music-editor\src\data\segments\cha cha\17eb3c0ff2f13f465b03ead4acdaf8be4fbd44dc__s180000ms.wav,180000,9100,,cha cha
5ac51ff74ebdcc2aa9f5f8d4d2a1d058abd0609c__0ms,5ac51ff74ebdcc2aa9f5f8d4d2a1d058abd0609c,Cha Cha   Love Runs Out   OneRepubli,D:\projekty\Hudba\music-editor\src\data\segments\cha cha\5ac51ff74ebdcc2aa9f5f8d4d2a1d058abd0609c__s0ms.wav,0,20000,,cha cha
5ac51ff74ebdcc2aa9f5f8d4d2a1d058abd0609c__20000ms,5ac51ff74ebdcc2aa9f5f8d4d2a1d058abd0609c,Cha Cha   Love Runs Out   OneRepubli,D:\projekty\Hudba\music-editor\src\data\segments\cha cha\5ac51ff74ebdcc2aa9f5f8d4d2a1d058abd0609c__s20000ms.wav,20000,20000,,cha cha
5ac51ff74ebdcc2aa9f5f8d4d2a1d058abd0609c__40000ms,5ac51ff74ebdcc2aa9f5f8d4d2a1d058abd0609c,Cha Cha   Love Runs Out   OneRepubli,D:\projekty\Hudba\music-editor\src\data\segments\cha cha\5ac51ff74ebdcc2aa9f5f8d4d2a1d058abd0609c__s40000ms.wav,40000,20000,,cha cha
5ac51ff74ebdcc2aa9f5f8d4d2a1d058abd0609c__60000ms,5ac51ff74ebdcc2aa9f5f8d4d2a1d058abd0609c,Cha Cha   Love Runs Out   OneRepubli,D:\projekty\Hudba\music-editor\src\data\segments\cha cha\5ac51ff74ebdcc2aa9f5f8d4d2a1d058abd0609c__s60000ms.wav,60000,20000,,cha cha
5ac51ff74ebdcc2aa9f5f8d4d2a1d058abd0609c__80000ms,5ac51ff74ebdcc2aa9f5f8d4d2a1d058abd0609c,Cha Cha   Love Runs Out   OneRepubli,D:\projekty\Hudba\music-editor\src\data\segments\cha cha\5ac51ff74ebdcc2aa9f5f8d4d2a1d058abd0609c__s80000ms.wav,80000,20000,,cha cha
5ac51ff74ebdcc2aa9f5f8d4d2a1d058abd0609c__100000ms,5ac51ff74ebdcc2aa9f5f8d4d2a1d058abd0609c,Cha Cha   Love Runs Out   OneRepubli,D:\projekty\Hudba\music-editor\src\data\segments\cha cha\5ac51ff74ebdcc2aa9f5f8d4d2a1d058abd0609c__s100000ms.wav,100000,20000,,cha cha
5ac51ff74ebdcc2aa9f5f8d4d2a1d058abd0609c__120000ms,5ac51ff74ebdcc2aa9f5f8d4d2a1d058abd0609c,Cha Cha   Love Runs Out   OneRepubli,D:\projekty\Hudba\music-editor\src\data\segments\cha cha\5ac51ff74ebdcc2aa9f5f8d4d2a1d058abd0609c__s120000ms.wav,120000,20000,,cha cha
4c319adcaa9e09a4224147cde0b3c401322560a5__0ms,4c319adcaa9e09a4224147cde0b3c401322560a5,CHA CHA   Milk  Sugar ft Miriam Makeba   Hi a Ma (Pata Pata) (Official Music Video) [HD],D:\projekty\Hudba\music-editor\src\data\segments\cha cha\4c319adcaa9e09a4224147cde0b3c401322560a5__s0ms.wav,0,20000,,cha cha
4c319adcaa9e09a4224147cde0b3c401322560a5__20000ms,4c319adcaa9e09a4224147cde0b3c401322560a5,CHA CHA   Milk  Sugar ft Miriam Makeba   Hi a Ma (Pata Pata) (Official Music Video) [HD],D:\projekty\Hudba\music-editor\src\data\segments\cha cha\4c319adcaa9e09a4224147cde0b3c401322560a5__s20000ms.wav,20000,20000,,cha cha
4c319adcaa9e09a4224147cde0b3c401322560a5__40000ms,4c319adcaa9e09a4224147cde0b3c401322560a5,CHA CHA   Milk  Sugar ft Miriam Makeba   Hi a Ma (Pata Pata) (Official Music Video) [HD],D:\projekty\Hudba\music-editor\src\data\segments\cha cha\4c319adcaa9e09a4224147cde0b3c401322560a5__s40000ms.wav,40000,20000,,cha cha
4c319adcaa9e09a4224147cde0b3c401322560a5__60000ms,4c319adcaa9e09a4224147cde0b3c401322560a5,CHA CHA   Milk  Sugar ft Miriam Makeba   Hi a Ma (Pata Pata) (Official Music Video) [HD],D:\projekty\Hudba\music-editor\src\data\segments\cha cha\4c319adcaa9e09a4224147cde0b3c401322560a5__s60000ms.wav,60000,20000,,cha cha
4c319adcaa9e09a4224147cde0b3c401322560a5__80000ms,4c319adcaa9e09a4224147cde0b3c401322560a5,CHA CHA   Milk  Sugar ft Miriam Makeba   Hi a Ma (Pata Pata) (Official Music Video) [HD],D:\projekty\Hudba\music-editor\src\data\segments\cha cha\4c319adcaa9e09a4224147cde0b3c401322560a5__s80000ms.wav,80000,20000,,cha cha
4c319adcaa9e09a4224147cde0b3c401322560a5__100000ms,4c319adcaa9e09a4224147cde0b3c401322560a5,CHA CHA   Milk  Sugar ft Miriam Makeba   Hi a Ma (Pata Pata) (Official Music Video) [HD],D:\projekty\Hudba\music-editor\src\data\segments\cha cha\4c319adcaa9e09a4224147cde0b3c401322560a5__s100000ms.wav,100000,20000,,cha cha
4c319adcaa9e09a4224147cde0b3c401322560a5__120000ms,4c319adcaa9e09a4224147cde0b3c401322560a5,CHA CHA   Milk  Sugar ft Miriam Makeba   Hi a Ma (Pata Pata) (Official Music Video) [HD],D:\projekty\Hudba\music-editor\src\data\segments\cha cha\4c319adcaa9e09a4224147cde0b3c401322560a5__s120000ms.wav,120000,20000,,cha cha
4c319adcaa9e09a4224147cde0b3c401322560a5__140000ms,4c319adcaa9e09a4224147cde0b3c401322560a5,CHA CHA   Milk  Sugar ft Miriam Makeba   Hi a Ma (Pata Pata) (Official Music Video) [HD],D:\projekty\Hudba\music-editor\src\data\segments\cha cha\4c319adcaa9e09a4224147cde0b3c401322560a5__s140000ms.wav,140000,15664,,cha cha
8dd4b7a894d3c4a07c478359f2240fd0b0245b28__0ms,8dd4b7a894d3c4a07c478359f2240fd0b0245b28,Cha Cha   Numb   Marshmello u0026 Khali,D:\projekty\Hudba\music-editor\src\data\segments\cha cha\8dd4b7a894d3c4a07c478359f2240fd0b0245b28__s0ms.wav,0,20000,,cha cha
8dd4b7a894d3c4a07c478359f2240fd0b0245b28__20000ms,8dd4b7a894d3c4a07c478359f2240fd0b0245b28,Cha Cha   Numb   Marshmello u0026 Khali,D:\projekty\Hudba\music-editor\src\data\segments\cha cha\8dd4b7a894d3c4a07c478359f2240fd0b0245b28__s20000ms.wav,20000,20000,,cha cha
8dd4b7a894d3c4a07c478359f2240fd0b0245b28__40000ms,8dd4b7a894d3c4a07c478359f2240fd0b0245b28,Cha Cha   Numb   Marshmello u0026 Khali,D:\projekty\Hudba\music-editor\src\data\segments\cha cha\8dd4b7a894d3c4a07c478359f2240fd0b0245b28__s40000ms.wav,40000,20000,,cha cha
8dd4b7a894d3c4a07c478359f2240fd0b0245b28__60000ms,8dd4b7a894d3c4a07c478359f2240fd0b0245b28,Cha Cha   Numb   Marshmello u0026 Khali,D:\projekty\Hudba\music-editor\src\data\segments\cha cha\8dd4b7a894d3c4a07c478359f2240fd0b0245b28__s60000ms.wav,60000,20000,,cha cha
8dd4b7a894d3c4a07c478359f2240fd0b0245b28__80000ms,8dd4b7a894d3c4a07c478359f2240fd0b0245b28,Cha Cha   Numb   Marshmello u0026 Khali,D:\projekty\Hudba\music-editor\src\data\segments\cha cha\8dd4b7a894d3c4a07c478359f2240fd0b0245b28__s80000ms.wav,80000,20000,,cha cha
8dd4b7a894d3c4a07c478359f2240fd0b0245b28__100000ms,8dd4b7a894d3c4a07c478359f2240fd0b0245b28,Cha Cha   Numb   Marshmello u0026 Khali,D:\projekty\Hudba\music-editor\src\data\segments\cha cha\8dd4b7a894d3c4a07c478359f2240fd0b0245b28__s100000ms.wav,100000,20000,,cha cha
8dd4b7a894d3c4a07c478359f2240fd0b0245b28__120000ms,8dd4b7a894d3c4a07c478359f2240fd0b0245b28,Cha Cha   Numb   Marshmello u0026 Khali,D:\projekty\Hudba\music-editor\src\data\segments\cha cha\8dd4b7a894d3c4a07c478359f2240fd0b0245b28__s120000ms.wav,120000,20000,,cha cha
8dd4b7a894d3c4a07c478359f2240fd0b0245b28__140000ms,8dd4b7a894d3c4a07c478359f2240fd0b0245b28,Cha Cha   Numb   Marshmello u0026 Khali,D:\projekty\Hudba\music-editor\src\data\segments\cha cha\8dd4b7a894d3c4a07c478359f2240fd0b0245b28__s140000ms.wav,140000,14671,,cha cha
e15609d99997793c8bcd091d5982a08451f4d3e8__0ms,e15609d99997793c8bcd091d5982a08451f4d3e8,Cha Cha   Seven Nation Army   Ben,D:\projekty\Hudba\music-editor\src\data\segments\cha cha\e15609d99997793c8bcd091d5982a08451f4d3e8__s0ms.wav,0,20000,,cha cha
e15609d99997793c8bcd091d5982a08451f4d3e8__20000ms,e15609d99997793c8bcd091d5982a08451f4d3e8,Cha Cha   Seven Nation Army   Ben,D:\projekty\Hudba\music-editor\src\data\segments\cha cha\e15609d99997793c8bcd091d5982a08451f4d3e8__s20000ms.wav,20000,20000,,cha cha
e15609d99997793c8bcd091d5982a08451f4d3e8__40000ms,e15609d99997793c8bcd091d5982a08451f4d3e8,Cha Cha   Seven Nation Army   Ben,D:\projekty\Hudba\music-editor\src\data\segments\cha cha\e15609d99997793c8bcd091d5982a08451f4d3e8__s40000ms.wav,40000,20000,,cha cha
e15609d99997793c8bcd091d5982a08451f4d3e8__60000ms,e15609d99997793c8bcd091d5982a08451f4d3e8,Cha Cha   Seven Nation Army   Ben,D:\projekty\Hudba\music-editor\src\data\segments\cha cha\e15609d99997793c8bcd091d5982a08451f4d3e8__s60000ms.wav,60000,20000,,cha cha
e15609d99997793c8bcd091d5982a08451f4d3e8__80000ms,e15609d99997793c8bcd091d5982a08451f4d3e8,Cha Cha   Seven Nation Army   Ben,D:\projekty\Hudba\music-editor\src\data\segments\cha cha\e15609d99997793c8bcd091d5982a08451f4d3e8__s80000ms.wav,80000,20000,,cha cha
e15609d99997793c8bcd091d5982a08451f4d3e8__100000ms,e15609d99997793c8bcd091d5982a08451f4d3e8,Cha Cha   Seven Nation Army   Ben,D:\projekty\Hudba\music-editor\src\data\segments\cha cha\e15609d99997793c8bcd091d5982a08451f4d3e8__s100000ms.wav,100000,20000,,cha cha
e15609d99997793c8bcd091d5982a08451f4d3e8__120000ms,e15609d99997793c8bcd091d5982a08451f4d3e8,Cha Cha   Seven Nation Army   Ben,D:\projekty\Hudba\music-editor\src\data\segments\cha cha\e15609d99997793c8bcd091d5982a08451f4d3e8__s120000ms.wav,120000,20000,,cha cha
e15609d99997793c8bcd091d5982a08451f4d3e8__140000ms,e15609d99997793c8bcd091d5982a08451f4d3e8,Cha Cha   Seven Nation Army   Ben,D:\projekty\Hudba\music-editor\src\data\segments\cha cha\e15609d99997793c8bcd091d5982a08451f4d3e8__s140000ms.wav,140000,20000,,cha cha
e15609d99997793c8bcd091d5982a08451f4d3e8__160000ms,e15609d99997793c8bcd091d5982a08451f4d3e8,Cha Cha   Seven Nation Army   Ben,D:\projekty\Hudba\music-editor\src\data\segments\cha cha\e15609d99997793c8bcd091d5982a08451f4d3e8__s160000ms.wav,160000,8620,,cha cha
3e5cd08ae106383b7edca35f9e49cbc1f63574ac__0ms,3e5cd08ae106383b7edca35f9e49cbc1f63574ac,Cha Cha   Sex Bom,D:\projekty\Hudba\music-editor\src\data\segments\cha cha\3e5cd08ae106383b7edca35f9e49cbc1f63574ac__s0ms.wav,0,20000,,cha cha
3e5cd08ae106383b7edca35f9e49cbc1f63574ac__20000ms,3e5cd08ae106383b7edca35f9e49cbc1f63574ac,Cha Cha   Sex Bom,D:\projekty\Hudba\music-editor\src\data\segments\cha cha\3e5cd08ae106383b7edca35f9e49cbc1f63574ac__s20000ms.wav,20000,20000,,cha cha
3e5cd08ae106383b7edca35f9e49cbc1f63574ac__40000ms,3e5cd08ae106383b7edca35f9e49cbc1f63574ac,Cha Cha   Sex Bom,D:\projekty\Hudba\music-editor\src\data\segments\cha cha\3e5cd08ae106383b7edca35f9e49cbc1f63574ac__s40000ms.wav,40000,20000,,cha cha
3e5cd08ae106383b7edca35f9e49cbc1f63574ac__60000ms,3e5cd08ae106383b7edca35f9e49cbc1f63574ac,Cha Cha   Sex Bom,D:\projekty\Hudba\music-editor\src\data\segments\cha cha\3e5cd08ae106383b7edca35f9e49cbc1f63574ac__s60000ms.wav,60000,20000,,cha cha
3e5cd08ae106383b7edca35f9e49cbc1f63574ac__80000ms,3e5cd08ae106383b7edca35f9e49cbc1f63574ac,Cha Cha   Sex Bom,D:\projekty\Hudba\music-editor\src\data\segments\cha cha\3e5cd08ae106383b7edca35f9e49cbc1f63574ac__s80000ms.wav,80000,20000,,cha cha
3e5cd08ae106383b7edca35f9e49cbc1f63574ac__100000ms,3e5cd08ae106383b7edca35f9e49cbc1f63574ac,Cha Cha   Sex Bom,D:\projekty\Hudba\music-editor\src\data\segments\cha cha\3e5cd08ae106383b7edca35f9e49cbc1f63574ac__s100000ms.wav,100000,20000,,cha cha
3e5cd08ae106383b7edca35f9e49cbc1f63574ac__120000ms,3e5cd08ae106383b7edca35f9e49cbc1f63574ac,Cha Cha   Sex Bom,D:\projekty\Hudba\music-editor\src\data\segments\cha cha\3e5cd08ae106383b7edca35f9e49cbc1f63574ac__s120000ms.wav,120000,20000,,cha cha
3e5cd08ae106383b7edca35f9e49cbc1f63574ac__140000ms,3e5cd08ae106383b7edca35f9e49cbc1f63574ac,Cha Cha   Sex Bom,D:\projekty\Hudba\music-editor\src\data\segments\cha cha\3e5cd08ae106383b7edca35f9e49cbc1f63574ac__s140000ms.wav,140000,20000,,cha cha
3e5cd08ae106383b7edca35f9e49cbc1f63574ac__160000ms,3e5cd08ae106383b7edca35f9e49cbc1f63574ac,Cha Cha   Sex Bom,D:\projekty\Hudba\music-editor\src\data\segments\cha cha\3e5cd08ae106383b7edca35f9e49cbc1f63574ac__s160000ms.wav,160000,20000,,cha cha
3e5cd08ae106383b7edca35f9e49cbc1f63574ac__180000ms,3e5cd08ae106383b7edca35f9e49cbc1f63574ac,Cha Cha   Sex Bom,D:\projekty\Hudba\music-editor\src\data\segments\cha cha\3e5cd08ae106383b7edca35f9e49cbc1f63574ac__s180000ms.wav,180000,20000,,cha cha
3e5cd08ae106383b7edca35f9e49cbc1f63574ac__200000ms,3e5cd08ae106383b7edca35f9e49cbc1f63574ac,Cha Cha   Sex Bom,D:\projekty\Hudba\music-editor\src\data\segments\cha cha\3e5cd08ae106383b7edca35f9e49cbc1f63574ac__s200000ms.wav,200000,15850,,cha cha
d73ee951a0e5bbc5b81ba4c602667843e2808dea__0ms,d73ee951a0e5bbc5b81ba4c602667843e2808dea,CHA CHA  Camila Cabello ft Young Thug   Havana (Chachachá Remix),D:\projekty\Hudba\music-editor\src\data\segments\cha cha\d73ee951a0e5bbc5b81ba4c602667843e2808dea__s0ms.wav,0,20000,,cha cha
d73ee951a0e5bbc5b81ba4c602667843e2808dea__20000ms,d73ee951a0e5bbc5b81ba4c602667843e2808dea,CHA CHA  Camila Cabello ft Young Thug   Havana (Chachachá Remix),D:\projekty\Hudba\music-editor\src\data\segments\cha cha\d73ee951a0e5bbc5b81ba4c602667843e2808dea__s20000ms.wav,20000,20000,,cha cha
d73ee951a0e5bbc5b81ba4c602667843e2808dea__40000ms,d73ee951a0e5bbc5b81ba4c602667843e2808dea,CHA CHA  Camila Cabello ft Young Thug   Havana (Chachachá Remix),D:\projekty\Hudba\music-editor\src\data\segments\cha cha\d73ee951a0e5bbc5b81ba4c602667843e2808dea__s40000ms.wav,40000,20000,,cha cha
d73ee951a0e5bbc5b81ba4c602667843e2808dea__60000ms,d73ee951a0e5bbc5b81ba4c602667843e2808dea,CHA CHA  Camila Cabello ft Young Thug   Havana (Chachachá Remix),D:\projekty\Hudba\music-editor\src\data\segments\cha cha\d73ee951a0e5bbc5b81ba4c602667843e2808dea__s60000ms.wav,60000,20000,,cha cha
d73ee951a0e5bbc5b81ba4c602667843e2808dea__80000ms,d73ee951a0e5bbc5b81ba4c602667843e2808dea,CHA CHA  Camila Cabello ft Young Thug   Havana (Chachachá Remix),D:\projekty\Hudba\music-editor\src\data\segments\cha cha\d73ee951a0e5bbc5b81ba4c602667843e2808dea__s80000ms.wav,80000,20000,,cha cha
d73ee951a0e5bbc5b81ba4c602667843e2808dea__100000ms,d73ee951a0e5bbc5b81ba4c602667843e2808dea,CHA CHA  Camila Cabello ft Young Thug   Havana (Chachachá Remix),D:\projekty\Hudba\music-editor\src\data\segments\cha cha\d73ee951a0e5bbc5b81ba4c602667843e2808dea__s100000ms.wav,100000,20000,,cha cha
d73ee951a0e5bbc5b81ba4c602667843e2808dea__120000ms,d73ee951a0e5bbc5b81ba4c602667843e2808dea,CHA CHA  Camila Cabello ft Young Thug   Havana (Chachachá Remix),D:\projekty\Hudba\music-editor\src\data\segments\cha cha\d73ee951a0e5bbc5b81ba4c602667843e2808dea__s120000ms.wav,120000,20000,,cha cha
d73ee951a0e5bbc5b81ba4c602667843e2808dea__140000ms,d73ee951a0e5bbc5b81ba4c602667843e2808dea,CHA CHA  Camila Cabello ft Young Thug   Havana (Chachachá Remix),D:\projekty\Hudba\music-editor\src\data\segments\cha cha\d73ee951a0e5bbc5b81ba4c602667843e2808dea__s140000ms.wav,140000,20000,,cha cha
d73ee951a0e5bbc5b81ba4c602667843e2808dea__160000ms,d73ee951a0e5bbc5b81ba4c602667843e2808dea,CHA CHA  Camila Cabello ft Young Thug   Havana (Chachachá Remix),D:\projekty\Hudba\music-editor\src\data\segments\cha cha\d73ee951a0e5bbc5b81ba4c602667843e2808dea__s160000ms.wav,160000,20000,,cha cha
d73ee951a0e5bbc5b81ba4c602667843e2808dea__180000ms,d73ee951a0e5bbc5b81ba4c602667843e2808dea,CHA CHA  Camila Cabello ft Young Thug   Havana (Chachachá Remix),D:\projekty\Hudba\music-editor\src\data\segments\cha cha\d73ee951a0e5bbc5b81ba4c602667843e2808dea__s180000ms.wav,180000,20000,,cha cha
96619b590e4542ecacdba18f00f0b621894fba4e__0ms,96619b590e4542ecacdba18f00f0b621894fba4e,CHA CHA  Good Feeling,D:\projekty\Hudba\music-editor\src\data\segments\cha cha\96619b590e4542ecacdba18f00f0b621894fba4e__s0ms.wav,0,20000,,cha cha
96619b590e4542ecacdba18f00f0b621894fba4e__20000ms,96619b590e4542ecacdba18f00f0b621894fba4e,CHA CHA  Good Feeling,D:\projekty\Hudba\music-editor\src\data\segments\cha cha\96619b590e4542ecacdba18f00f0b621894fba4e__s20000ms.wav,20000,20000,,cha cha
96619b590e4542ecacdba18f00f0b621894fba4e__40000ms,96619b590e4542ecacdba18f00f0b621894fba4e,CHA CHA  Good Feeling,D:\projekty\Hudba\music-editor\src\data\segments\cha cha\96619b590e4542ecacdba18f00f0b621894fba4e__s40000ms.wav,40000,20000,,cha cha
96619b590e4542ecacdba18f00f0b621894fba4e__60000ms,96619b590e4542ecacdba18f00f0b621894fba4e,CHA CHA  Good Feeling,D:\projekty\Hudba\music-editor\src\data\segments\cha cha\96619b590e4542ecacdba18f00f0b621894fba4e__s60000ms.wav,60000,20000,,cha cha
96619b590e4542ecacdba18f00f0b621894fba4e__80000ms,96619b590e4542ecacdba18f00f0b621894fba4e,CHA CHA  Good Feeling,D:\projekty\Hudba\music-editor\src\data\segments\cha cha\96619b590e4542ecacdba18f00f0b621894fba4e__s80000ms.wav,80000,20000,,cha cha
96619b590e4542ecacdba18f00f0b621894fba4e__100000ms,96619b590e4542ecacdba18f00f0b621894fba4e,CHA CHA  Good Feeling,D:\projekty\Hudba\music-editor\src\data\segments\cha cha\96619b590e4542ecacdba18f00f0b621894fba4e__s100000ms.wav,100000,20000,,cha cha
96619b590e4542ecacdba18f00f0b621894fba4e__120000ms,96619b590e4542ecacdba18f00f0b621894fba4e,CHA CHA  Good Feeling,D:\projekty\Hudba\music-editor\src\data\segments\cha cha\96619b590e4542ecacdba18f00f0b621894fba4e__s120000ms.wav,120000,20000,,cha cha
96619b590e4542ecacdba18f00f0b621894fba4e__140000ms,96619b590e4542ecacdba18f00f0b621894fba4e,CHA CHA  Good Feeling,D:\projekty\Hudba\music-editor\src\data\segments\cha cha\96619b590e4542ecacdba18f00f0b621894fba4e__s140000ms.wav,140000,20000,,cha cha
96619b590e4542ecacdba18f00f0b621894fba4e__160000ms,96619b590e4542ecacdba18f00f0b621894fba4e,CHA CHA  Good Feeling,D:\projekty\Hudba\music-editor\src\data\segments\cha cha\96619b590e4542ecacdba18f00f0b621894fba4e__s160000ms.wav,160000,20000,,cha cha
96619b590e4542ecacdba18f00f0b621894fba4e__180000ms,96619b590e4542ecacdba18f00f0b621894fba4e,CHA CHA  Good Feeling,D:\projekty\Hudba\music-editor\src\data\segments\cha cha\96619b590e4542ecacdba18f00f0b621894fba4e__s180000ms.wav,180000,20000,,cha cha
96619b590e4542ecacdba18f00f0b621894fba4e__200000ms,96619b590e4542ecacdba18f00f0b621894fba4e,CHA CHA  Good Feeling,D:\projekty\Hudba\music-editor\src\data\segments\cha cha\96619b590e4542ecacdba18f00f0b621894fba4e__s200000ms.wav,200000,20000,,cha cha
5be93658c5786bf64edc57ea57e469d76a5478a3__0ms,5be93658c5786bf64edc57ea57e469d76a5478a3,Cha cha  Kungs  Cookin' On 3 Burners   This Girl (HQ+Sound),D:\projekty\Hudba\music-editor\src\data\segments\cha cha\5be93658c5786bf64edc57ea57e469d76a5478a3__s0ms.wav,0,20000,,cha cha
5be93658c5786bf64edc57ea57e469d76a5478a3__20000ms,5be93658c5786bf64edc57ea57e469d76a5478a3,Cha cha  Kungs  Cookin' On 3 Burners   This Girl (HQ+Sound),D:\projekty\Hudba\music-editor\src\data\segments\cha cha\5be93658c5786bf64edc57ea57e469d76a5478a3__s20000ms.wav,20000,20000,,cha cha
5be93658c5786bf64edc57ea57e469d76a5478a3__40000ms,5be93658c5786bf64edc57ea57e469d76a5478a3,Cha cha  Kungs  Cookin' On 3 Burners   This Girl (HQ+Sound),D:\projekty\Hudba\music-editor\src\data\segments\cha cha\5be93658c5786bf64edc57ea57e469d76a5478a3__s40000ms.wav,40000,20000,,cha cha
5be93658c5786bf64edc57ea57e469d76a5478a3__60000ms,5be93658c5786bf64edc57ea57e469d76a5478a3,Cha cha  Kungs  Cookin' On 3 Burners   This Girl (HQ+Sound),D:\projekty\Hudba\music-editor\src\data\segments\cha cha\5be93658c5786bf64edc57ea57e469d76a5478a3__s60000ms.wav,60000,20000,,cha cha
5be93658c5786bf64edc57ea57e469d76a5478a3__80000ms,5be93658c5786bf64edc57ea57e469d76a5478a3,Cha cha  Kungs  Cookin' On 3 Burners   This Girl (HQ+Sound),D:\projekty\Hudba\music-editor\src\data\segments\cha cha\5be93658c5786bf64edc57ea57e469d76a5478a3__s80000ms.wav,80000,20000,,cha cha
5be93658c5786bf64edc57ea57e469d76a5478a3__100000ms,5be93658c5786bf64edc57ea57e469d76a5478a3,Cha cha  Kungs  Cookin' On 3 Burners   This Girl (HQ+Sound),D:\projekty\Hudba\music-editor\src\data\segments\cha cha\5be93658c5786bf64edc57ea57e469d76a5478a3__s100000ms.wav,100000,20000,,cha cha
5be93658c5786bf64edc57ea57e469d76a5478a3__120000ms,5be93658c5786bf64edc57ea57e469d76a5478a3,Cha cha  Kungs  Cookin' On 3 Burners   This Girl (HQ+Sound),D:\projekty\Hudba\music-editor\src\data\segments\cha cha\5be93658c5786bf64edc57ea57e469d76a5478a3__s120000ms.wav,120000,20000,,cha cha
5be93658c5786bf64edc57ea57e469d76a5478a3__140000ms,5be93658c5786bf64edc57ea57e469d76a5478a3,Cha cha  Kungs  Cookin' On 3 Burners   This Girl (HQ+Sound),D:\projekty\Hudba\music-editor\src\data\segments\cha cha\5be93658c5786bf64edc57ea57e469d76a5478a3__s140000ms.wav,140000,20000,,cha cha
5be93658c5786bf64edc57ea57e469d76a5478a3__160000ms,5be93658c5786bf64edc57ea57e469d76a5478a3,Cha cha  Kungs  Cookin' On 3 Burners   This Girl (HQ+Sound),D:\projekty\Hudba\music-editor\src\data\segments\cha cha\5be93658c5786bf64edc57ea57e469d76a5478a3__s160000ms.wav,160000,20000,,cha cha
5be93658c5786bf64edc57ea57e469d76a5478a3__180000ms,5be93658c5786bf64edc57ea57e469d76a5478a3,Cha cha  Kungs  Cookin' On 3 Burners   This Girl (HQ+Sound),D:\projekty\Hudba\music-editor\src\data\segments\cha cha\5be93658c5786bf64edc57ea57e469d76a5478a3__s180000ms.wav,180000,20000,,cha cha
5be93658c5786bf64edc57ea57e469d76a5478a3__200000ms,5be93658c5786bf64edc57ea57e469d76a5478a3,Cha cha  Kungs  Cookin' On 3 Burners   This Girl (HQ+Sound),D:\projekty\Hudba\music-editor\src\data\segments\cha cha\5be93658c5786bf64edc57ea57e469d76a5478a3__s200000ms.wav,200000,20000,,cha cha
5be93658c5786bf64edc57ea57e469d76a5478a3__220000ms,5be93658c5786bf64edc57ea57e469d76a5478a3,Cha cha  Kungs  Cookin' On 3 Burners   This Girl (HQ+Sound),D:\projekty\Hudba\music-editor\src\data\segments\cha cha\5be93658c5786bf64edc57ea57e469d76a5478a3__s220000ms.wav,220000,20000,,cha cha
2649b68d4a4d07c7e133b286c8267b201e7c9069__0ms,2649b68d4a4d07c7e133b286c8267b201e7c9069,"CHA CHA - El Comandante, Costa S",D:\projekty\Hudba\music-editor\src\data\segments\cha cha\2649b68d4a4d07c7e133b286c8267b201e7c9069__s0ms.wav,0,20000,,cha cha
2649b68d4a4d07c7e133b286c8267b201e7c9069__20000ms,2649b68d4a4d07c7e133b286c8267b201e7c9069,"CHA CHA - El Comandante, Costa S",D:\projekty\Hudba\music-editor\src\data\segments\cha cha\2649b68d4a4d07c7e133b286c8267b201e7c9069__s20000ms.wav,20000,20000,,cha cha
2649b68d4a4d07c7e133b286c8267b201e7c9069__40000ms,2649b68d4a4d07c7e133b286c8267b201e7c9069,"CHA CHA - El Comandante, Costa S",D:\projekty\Hudba\music-editor\src\data\segments\cha cha\2649b68d4a4d07c7e133b286c8267b201e7c9069__s40000ms.wav,40000,20000,,cha cha
2649b68d4a4d07c7e133b286c8267b201e7c9069__60000ms,2649b68d4a4d07c7e133b286c8267b201e7c9069,"CHA CHA - El Comandante, Costa S",D:\projekty\Hudba\music-editor\src\data\segments\cha cha\2649b68d4a4d07c7e133b286c8267b201e7c9069__s60000ms.wav,60000,20000,,cha cha
2649b68d4a4d07c7e133b286c8267b201e7c9069__80000ms,2649b68d4a4d07c7e133b286c8267b201e7c9069,"CHA CHA - El Comandante, Costa S",D:\projekty\Hudba\music-editor\src\data\segments\cha cha\2649b68d4a4d07c7e133b286c8267b201e7c9069__s80000ms.wav,80000,20000,,cha cha
2649b68d4a4d07c7e133b286c8267b201e7c9069__100000ms,2649b68d4a4d07c7e133b286c8267b201e7c9069,"CHA CHA - El Comandante, Costa S",D:\projekty\Hudba\music-editor\src\data\segments\cha cha\2649b68d4a4d07c7e133b286c8267b201e7c9069__s100000ms.wav,100000,20000,,cha cha
2649b68d4a4d07c7e133b286c8267b201e7c9069__120000ms,2649b68d4a4d07c7e133b286c8267b201e7c9069,"CHA CHA - El Comandante, Costa S",D:\projekty\Hudba\music-editor\src\data\segments\cha cha\2649b68d4a4d07c7e133b286c8267b201e7c9069__s120000ms.wav,120000,20000,,cha cha
2649b68d4a4d07c7e133b286c8267b201e7c9069__140000ms,2649b68d4a4d07c7e133b286c8267b201e7c9069,"CHA CHA - El Comandante, Costa S",D:\projekty\Hudba\music-editor\src\data\segments\cha cha\2649b68d4a4d07c7e133b286c8267b201e7c9069__s140000ms.wav,140000,20000,,cha cha
2649b68d4a4d07c7e133b286c8267b201e7c9069__160000ms,2649b68d4a4d07c7e133b286c8267b201e7c9069,"CHA CHA - El Comandante, Costa S",D:\projekty\Hudba\music-editor\src\data\segments\cha cha\2649b68d4a4d07c7e133b286c8267b201e7c9069__s160000ms.wav,160000,20000,,cha cha
2649b68d4a4d07c7e133b286c8267b201e7c9069__180000ms,2649b68d4a4d07c7e133b286c8267b201e7c9069,"CHA CHA - El Comandante, Costa S",D:\projekty\Hudba\music-editor\src\data\segments\cha cha\2649b68d4a4d07c7e133b286c8267b201e7c9069__s180000ms.wav,180000,18687,,cha cha
4ba347b9ce144f120a90a6b3d36b011bd0debaf8__0ms,4ba347b9ce144f120a90a6b3d36b011bd0debaf8,"CHA CHA - Honey Dip, Daniel Amalm",D:\projekty\Hudba\music-editor\src\data\segments\cha cha\4ba347b9ce144f120a90a6b3d36b011bd0debaf8__s0ms.wav,0,20000,,cha cha
4ba347b9ce144f120a90a6b3d36b011bd0debaf8__20000ms,4ba347b9ce144f120a90a6b3d36b011bd0debaf8,"CHA CHA - Honey Dip, Daniel Amalm",D:\projekty\Hudba\music-editor\src\data\segments\cha cha\4ba347b9ce144f120a90a6b3d36b011bd0debaf8__s20000ms.wav,20000,20000,,cha cha
4ba347b9ce144f120a90a6b3d36b011bd0debaf8__40000ms,4ba347b9ce144f120a90a6b3d36b011bd0debaf8,"CHA CHA - Honey Dip, Daniel Amalm",D:\projekty\Hudba\music-editor\src\data\segments\cha cha\4ba347b9ce144f120a90a6b3d36b011bd0debaf8__s40000ms.wav,40000,20000,,cha cha
4ba347b9ce144f120a90a6b3d36b011bd0debaf8__60000ms,4ba347b9ce144f120a90a6b3d36b011bd0debaf8,"CHA CHA - Honey Dip, Daniel Amalm",D:\projekty\Hudba\music-editor\src\data\segments\cha cha\4ba347b9ce144f120a90a6b3d36b011bd0debaf8__s60000ms.wav,60000,20000,,cha cha
4ba347b9ce144f120a90a6b3d36b011bd0debaf8__80000ms,4ba347b9ce144f120a90a6b3d36b011bd0debaf8,"CHA CHA - Honey Dip, Daniel Amalm",D:\projekty\Hudba\music-editor\src\data\segments\cha cha\4ba347b9ce144f120a90a6b3d36b011bd0debaf8__s80000ms.wav,80000,20000,,cha cha
4ba347b9ce144f120a90a6b3d36b011bd0debaf8__100000ms,4ba347b9ce144f120a90a6b3d36b011bd0debaf8,"CHA CHA - Honey Dip, Daniel Amalm",D:\projekty\Hudba\music-editor\src\data\segments\cha cha\4ba347b9ce144f120a90a6b3d36b011bd0debaf8__s100000ms.wav,100000,20000,,cha cha
4ba347b9ce144f120a90a6b3d36b011bd0debaf8__120000ms,4ba347b9ce144f120a90a6b3d36b011bd0debaf8,"CHA CHA - Honey Dip, Daniel Amalm",D:\projekty\Hudba\music-editor\src\data\segments\cha cha\4ba347b9ce144f120a90a6b3d36b011bd0debaf8__s120000ms.wav,120000,20000,,cha cha
4ba347b9ce144f120a90a6b3d36b011bd0debaf8__140000ms,4ba347b9ce144f120a90a6b3d36b011bd0debaf8,"CHA CHA - Honey Dip, Daniel Amalm",D:\projekty\Hudba\music-editor\src\data\segments\cha cha\4ba347b9ce144f120a90a6b3d36b011bd0debaf8__s140000ms.wav,140000,20000,,cha cha
4ba347b9ce144f120a90a6b3d36b011bd0debaf8__160000ms,4ba347b9ce144f120a90a6b3d36b011bd0debaf8,"CHA CHA - Honey Dip, Daniel Amalm",D:\projekty\Hudba\music-editor\src\data\segments\cha cha\4ba347b9ce144f120a90a6b3d36b011bd0debaf8__s160000ms.wav,160000,20000,,cha cha
4ba347b9ce144f120a90a6b3d36b011bd0debaf8__180000ms,4ba347b9ce144f120a90a6b3d36b011bd0debaf8,"CHA CHA - Honey Dip, Daniel Amalm",D:\projekty\Hudba\music-editor\src\data\segments\cha cha\4ba347b9ce144f120a90a6b3d36b011bd0debaf8__s180000ms.wav,180000,20000,,cha cha
4ba347b9ce144f120a90a6b3d36b011bd0debaf8__200000ms,4ba347b9ce144f120a90a6b3d36b011bd0debaf8,"CHA CHA - Honey Dip, Daniel Amalm",D:\projekty\Hudba\music-editor\src\data\segments\cha cha\4ba347b9ce144f120a90a6b3d36b011bd0debaf8__s200000ms.wav,200000,20000,,cha cha
4ba347b9ce144f120a90a6b3d36b011bd0debaf8__220000ms,4ba347b9ce144f120a90a6b3d36b011bd0debaf8,"CHA CHA - Honey Dip, Daniel Amalm",D:\projekty\Hudba\music-editor\src\data\segments\cha cha\4ba347b9ce144f120a90a6b3d36b011bd0debaf8__s220000ms.wav,220000,20000,,cha cha
4ba347b9ce144f120a90a6b3d36b011bd0debaf8__240000ms,4ba347b9ce144f120a90a6b3d36b011bd0debaf8,"CHA CHA - Honey Dip, Daniel Amalm",D:\projekty\Hudba\music-editor\src\data\segments\cha cha\4ba347b9ce144f120a90a6b3d36b011bd0debaf8__s240000ms.wav,240000,8712,,cha cha
bd913c973b08be3d56a3925b290cb42acec9e8dc__0ms,bd913c973b08be3d56a3925b290cb42acec9e8dc,CHA CHA Ava Max   Kings u0026 Queens upravená [Official Music Video,D:\projekty\Hudba\music-editor\src\data\segments\cha cha\bd913c973b08be3d56a3925b290cb42acec9e8dc__s0ms.wav,0,20000,,cha cha
bd913c973b08be3d56a3925b290cb42acec9e8dc__20000ms,bd913c973b08be3d56a3925b290cb42acec9e8dc,CHA CHA Ava Max   Kings u0026 Queens upravená [Official Music Video,D:\projekty\Hudba\music-editor\src\data\segments\cha cha\bd913c973b08be3d56a3925b290cb42acec9e8dc__s20000ms.wav,20000,20000,,cha cha
bd913c973b08be3d56a3925b290cb42acec9e8dc__40000ms,bd913c973b08be3d56a3925b290cb42acec9e8dc,CHA CHA Ava Max   Kings u0026 Queens upravená [Official Music Video,D:\projekty\Hudba\music-editor\src\data\segments\cha cha\bd913c973b08be3d56a3925b290cb42acec9e8dc__s40000ms.wav,40000,20000,,cha cha
bd913c973b08be3d56a3925b290cb42acec9e8dc__60000ms,bd913c973b08be3d56a3925b290cb42acec9e8dc,CHA CHA Ava Max   Kings u0026 Queens upravená [Official Music Video,D:\projekty\Hudba\music-editor\src\data\segments\cha cha\bd913c973b08be3d56a3925b290cb42acec9e8dc__s60000ms.wav,60000,20000,,cha cha
bd913c973b08be3d56a3925b290cb42acec9e8dc__80000ms,bd913c973b08be3d56a3925b290cb42acec9e8dc,CHA CHA Ava Max   Kings u0026 Queens upravená [Official Music Video,D:\projekty\Hudba\music-editor\src\data\segments\cha cha\bd913c973b08be3d56a3925b290cb42acec9e8dc__s80000ms.wav,80000,20000,,cha cha
bd913c973b08be3d56a3925b290cb42acec9e8dc__100000ms,bd913c973b08be3d56a3925b290cb42acec9e8dc,CHA CHA Ava Max   Kings u0026 Queens upravená [Official Music Video,D:\projekty\Hudba\music-editor\src\data\segments\cha cha\bd913c973b08be3d56a3925b290cb42acec9e8dc__s100000ms.wav,100000,20000,,cha cha
bd913c973b08be3d56a3925b290cb42acec9e8dc__120000ms,bd913c973b08be3d56a3925b290cb42acec9e8dc,CHA CHA Ava Max   Kings u0026 Queens upravená [Official Music Video,D:\projekty\Hudba\music-editor\src\data\segments\cha cha\bd913c973b08be3d56a3925b290cb42acec9e8dc__s120000ms.wav,120000,20000,,cha cha
bd913c973b08be3d56a3925b290cb42acec9e8dc__140000ms,bd913c973b08be3d56a3925b290cb42acec9e8dc,CHA CHA Ava Max   Kings u0026 Queens upravená [Official Music Video,D:\projekty\Hudba\music-editor\src\data\segments\cha cha\bd913c973b08be3d56a3925b290cb42acec9e8dc__s140000ms.wav,140000,20000,,cha cha
bd913c973b08be3d56a3925b290cb42acec9e8dc__160000ms,bd913c973b08be3d56a3925b290cb42acec9e8dc,CHA CHA Ava Max   Kings u0026 Queens upravená [Official Music Video,D:\projekty\Hudba\music-editor\src\data\segments\cha cha\bd913c973b08be3d56a3925b290cb42acec9e8dc__s160000ms.wav,160000,9169,,cha cha
386ae66bbbed918e44229d23a7453c4212abd60c__0ms,386ae66bbbed918e44229d23a7453c4212abd60c,Cha cha Bang Bang Cha Cha Ch,D:\projekty\Hudba\music-editor\src\data\segments\cha cha\386ae66bbbed918e44229d23a7453c4212abd60c__s0ms.wav,0,20000,,cha cha
386ae66bbbed918e44229d23a7453c4212abd60c__20000ms,386ae66bbbed918e44229d23a7453c4212abd60c,Cha cha Bang Bang Cha Cha Ch,D:\projekty\Hudba\music-editor\src\data\segments\cha cha\386ae66bbbed918e44229d23a7453c4212abd60c__s20000ms.wav,20000,20000,,cha cha
386ae66bbbed918e44229d23a7453c4212abd60c__40000ms,386ae66bbbed918e44229d23a7453c4212abd60c,Cha cha Bang Bang Cha Cha Ch,D:\projekty\Hudba\music-editor\src\data\segments\cha cha\386ae66bbbed918e44229d23a7453c4212abd60c__s40000ms.wav,40000,20000,,cha cha
386ae66bbbed918e44229d23a7453c4212abd60c__60000ms,386ae66bbbed918e44229d23a7453c4212abd60c,Cha cha Bang Bang Cha Cha Ch,D:\projekty\Hudba\music-editor\src\data\segments\cha cha\386ae66bbbed918e44229d23a7453c4212abd60c__s60000ms.wav,60000,20000,,cha cha
386ae66bbbed918e44229d23a7453c4212abd60c__80000ms,386ae66bbbed918e44229d23a7453c4212abd60c,Cha cha Bang Bang Cha Cha Ch,D:\projekty\Hudba\music-editor\src\data\segments\cha cha\386ae66bbbed918e44229d23a7453c4212abd60c__s80000ms.wav,80000,20000,,cha cha
386ae66bbbed918e44229d23a7453c4212abd60c__100000ms,386ae66bbbed918e44229d23a7453c4212abd60c,Cha cha Bang Bang Cha Cha Ch,D:\projekty\Hudba\music-editor\src\data\segments\cha cha\386ae66bbbed918e44229d23a7453c4212abd60c__s100000ms.wav,100000,20000,,cha cha
386ae66bbbed918e44229d23a7453c4212abd60c__120000ms,386ae66bbbed918e44229d23a7453c4212abd60c,Cha cha Bang Bang Cha Cha Ch,D:\projekty\Hudba\music-editor\src\data\segments\cha cha\386ae66bbbed918e44229d23a7453c4212abd60c__s120000ms.wav,120000,20000,,cha cha
386ae66bbbed918e44229d23a7453c4212abd60c__140000ms,386ae66bbbed918e44229d23a7453c4212abd60c,Cha cha Bang Bang Cha Cha Ch,D:\projekty\Hudba\music-editor\src\data\segments\cha cha\386ae66bbbed918e44229d23a7453c4212abd60c__s140000ms.wav,140000,20000,,cha cha
386ae66bbbed918e44229d23a7453c4212abd60c__160000ms,386ae66bbbed918e44229d23a7453c4212abd60c,Cha cha Bang Bang Cha Cha Ch,D:\projekty\Hudba\music-editor\src\data\segments\cha cha\386ae66bbbed918e44229d23a7453c4212abd60c__s160000ms.wav,160000,20000,,cha cha
386ae66bbbed918e44229d23a7453c4212abd60c__180000ms,386ae66bbbed918e44229d23a7453c4212abd60c,Cha cha Bang Bang Cha Cha Ch,D:\projekty\Hudba\music-editor\src\data\segments\cha cha\386ae66bbbed918e44229d23a7453c4212abd60c__s180000ms.wav,180000,20000,,cha cha
3d25ba5d8f7b31ab133db0296c711c42cf618525__0ms,3d25ba5d8f7b31ab133db0296c711c42cf618525,CHA CHA Besame Besame,D:\projekty\Hudba\music-editor\src\data\segments\cha cha\3d25ba5d8f7b31ab133db0296c711c42cf618525__s0ms.wav,0,20000,,cha cha
3d25ba5d8f7b31ab133db0296c711c42cf618525__20000ms,3d25ba5d8f7b31ab133db0296c711c42cf618525,CHA CHA Besame Besame,D:\projekty\Hudba\music-editor\src\data\segments\cha cha\3d25ba5d8f7b31ab133db0296c711c42cf618525__s20000ms.wav,20000,20000,,cha cha
3d25ba5d8f7b31ab133db0296c711c42cf618525__40000ms,3d25ba5d8f7b31ab133db0296c711c42cf618525,CHA CHA Besame Besame,D:\projekty\Hudba\music-editor\src\data\segments\cha cha\3d25ba5d8f7b31ab133db0296c711c42cf618525__s40000ms.wav,40000,20000,,cha cha
3d25ba5d8f7b31ab133db0296c711c42cf618525__60000ms,3d25ba5d8f7b31ab133db0296c711c42cf618525,CHA CHA Besame Besame,D:\projekty\Hudba\music-editor\src\data\segments\cha cha\3d25ba5d8f7b31ab133db0296c711c42cf618525__s60000ms.wav,60000,20000,,cha cha
3d25ba5d8f7b31ab133db0296c711c42cf618525__80000ms,3d25ba5d8f7b31ab133db0296c711c42cf618525,CHA CHA Besame Besame,D:\projekty\Hudba\music-editor\src\data\segments\cha cha\3d25ba5d8f7b31ab133db0296c711c42cf618525__s80000ms.wav,80000,20000,,cha cha
3d25ba5d8f7b31ab133db0296c711c42cf618525__100000ms,3d25ba5d8f7b31ab133db0296c711c42cf618525,CHA CHA Besame Besame,D:\projekty\Hudba\music-editor\src\data\segments\cha cha\3d25ba5d8f7b31ab133db0296c711c42cf618525__s100000ms.wav,100000,20000,,cha cha
3d25ba5d8f7b31ab133db0296c711c42cf618525__120000ms,3d25ba5d8f7b31ab133db0296c711c42cf618525,CHA CHA Besame Besame,D:\projekty\Hudba\music-editor\src\data\segments\cha cha\3d25ba5d8f7b31ab133db0296c711c42cf618525__s120000ms.wav,120000,20000,,cha cha
3d25ba5d8f7b31ab133db0296c711c42cf618525__140000ms,3d25ba5d8f7b31ab133db0296c711c42cf618525,CHA CHA Besame Besame,D:\projekty\Hudba\music-editor\src\data\segments\cha cha\3d25ba5d8f7b31ab133db0296c711c42cf618525__s140000ms.wav,140000,20000,,cha cha
3d25ba5d8f7b31ab133db0296c711c42cf618525__160000ms,3d25ba5d8f7b31ab133db0296c711c42cf618525,CHA CHA Besame Besame,D:\projekty\Hudba\music-editor\src\data\segments\cha cha\3d25ba5d8f7b31ab133db0296c711c42cf618525__s160000ms.wav,160000,20000,,cha cha
3d25ba5d8f7b31ab133db0296c711c42cf618525__180000ms,3d25ba5d8f7b31ab133db0296c711c42cf618525,CHA CHA Besame Besame,D:\projekty\Hudba\music-editor\src\data\segments\cha cha\3d25ba5d8f7b31ab133db0296c711c42cf618525__s180000ms.wav,180000,20000,,cha cha
f8d651a6c4517be062eb4a6a6ee698844de62dae__0ms,f8d651a6c4517be062eb4a6a6ee698844de62dae,CHA CHA Billie Jean Cha Cha,D:\projekty\Hudba\music-editor\src\data\segments\cha cha\f8d651a6c4517be062eb4a6a6ee698844de62dae__s0ms.wav,0,20000,,cha cha
f8d651a6c4517be062eb4a6a6ee698844de62dae__20000ms,f8d651a6c4517be062eb4a6a6ee698844de62dae,CHA CHA Billie Jean Cha Cha,D:\projekty\Hudba\music-editor\src\data\segments\cha cha\f8d651a6c4517be062eb4a6a6ee698844de62dae__s20000ms.wav,20000,20000,,cha cha
f8d651a6c4517be062eb4a6a6ee698844de62dae__40000ms,f8d651a6c4517be062eb4a6a6ee698844de62dae,CHA CHA Billie Jean Cha Cha,D:\projekty\Hudba\music-editor\src\data\segments\cha cha\f8d651a6c4517be062eb4a6a6ee698844de62dae__s40000ms.wav,40000,20000,,cha cha
f8d651a6c4517be062eb4a6a6ee698844de62dae__60000ms,f8d651a6c4517be062eb4a6a6ee698844de62dae,CHA CHA Billie Jean Cha Cha,D:\projekty\Hudba\music-editor\src\data\segments\cha cha\f8d651a6c4517be062eb4a6a6ee698844de62dae__s60000ms.wav,60000,20000,,cha cha
f8d651a6c4517be062eb4a6a6ee698844de62dae__80000ms,f8d651a6c4517be062eb4a6a6ee698844de62dae,CHA CHA Billie Jean Cha Cha,D:\projekty\Hudba\music-editor\src\data\segments\cha cha\f8d651a6c4517be062eb4a6a6ee698844de62dae__s80000ms.wav,80000,20000,,cha cha
f8d651a6c4517be062eb4a6a6ee698844de62dae__100000ms,f8d651a6c4517be062eb4a6a6ee698844de62dae,CHA CHA Billie Jean Cha Cha,D:\projekty\Hudba\music-editor\src\data\segments\cha cha\f8d651a6c4517be062eb4a6a6ee698844de62dae__s100000ms.wav,100000,20000,,cha cha
f8d651a6c4517be062eb4a6a6ee698844de62dae__120000ms,f8d651a6c4517be062eb4a6a6ee698844de62dae,CHA CHA Billie Jean Cha Cha,D:\projekty\Hudba\music-editor\src\data\segments\cha cha\f8d651a6c4517be062eb4a6a6ee698844de62dae__s120000ms.wav,120000,20000,,cha cha
f8d651a6c4517be062eb4a6a6ee698844de62dae__140000ms,f8d651a6c4517be062eb4a6a6ee698844de62dae,CHA CHA Billie Jean Cha Cha,D:\projekty\Hudba\music-editor\src\data\segments\cha cha\f8d651a6c4517be062eb4a6a6ee698844de62dae__s140000ms.wav,140000,20000,,cha cha
f8d651a6c4517be062eb4a6a6ee698844de62dae__160000ms,f8d651a6c4517be062eb4a6a6ee698844de62dae,CHA CHA Billie Jean Cha Cha,D:\projekty\Hudba\music-editor\src\data\segments\cha cha\f8d651a6c4517be062eb4a6a6ee698844de62dae__s160000ms.wav,160000,20000,,cha cha
f8d651a6c4517be062eb4a6a6ee698844de62dae__180000ms,f8d651a6c4517be062eb4a6a6ee698844de62dae,CHA CHA Billie Jean Cha Cha,D:\projekty\Hudba\music-editor\src\data\segments\cha cha\f8d651a6c4517be062eb4a6a6ee698844de62dae__s180000ms.wav,180000,20000,,cha cha
f8d651a6c4517be062eb4a6a6ee698844de62dae__200000ms,f8d651a6c4517be062eb4a6a6ee698844de62dae,CHA CHA Billie Jean Cha Cha,D:\projekty\Hudba\music-editor\src\data\segments\cha cha\f8d651a6c4517be062eb4a6a6ee698844de62dae__s200000ms.wav,200000,20000,,cha cha
f8d651a6c4517be062eb4a6a6ee698844de62dae__220000ms,f8d651a6c4517be062eb4a6a6ee698844de62dae,CHA CHA Billie Jean Cha Cha,D:\projekty\Hudba\music-editor\src\data\segments\cha cha\f8d651a6c4517be062eb4a6a6ee698844de62dae__s220000ms.wav,220000,20000,,cha cha
f8d651a6c4517be062eb4a6a6ee698844de62dae__240000ms,f8d651a6c4517be062eb4a6a6ee698844de62dae,CHA CHA Billie Jean Cha Cha,D:\projekty\Hudba\music-editor\src\data\segments\cha cha\f8d651a6c4517be062eb4a6a6ee698844de62dae__s240000ms.wav,240000,20000,,cha cha
f8d651a6c4517be062eb4a6a6ee698844de62dae__260000ms,f8d651a6c4517be062eb4a6a6ee698844de62dae,CHA CHA Billie Jean Cha Cha,D:\projekty\Hudba\music-editor\src\data\segments\cha cha\f8d651a6c4517be062eb4a6a6ee698844de62dae__s260000ms.wav,260000,12718,,cha cha
82d1815f44492d260f899ecf8c3250b861bd56a1__0ms,82d1815f44492d260f899ecf8c3250b861bd56a1,CHA CHA Black or Whit,D:\projekty\Hudba\music-editor\src\data\segments\cha cha\82d1815f44492d260f899ecf8c3250b861bd56a1__s0ms.wav,0,20000,,cha cha
82d1815f44492d260f899ecf8c3250b861bd56a1__20000ms,82d1815f44492d260f899ecf8c3250b861bd56a1,CHA CHA Black or Whit,D:\projekty\Hudba\music-editor\src\data\segments\cha cha\82d1815f44492d260f899ecf8c3250b861bd56a1__s20000ms.wav,20000,20000,,cha cha
82d1815f44492d260f899ecf8c3250b861bd56a1__40000ms,82d1815f44492d260f899ecf8c3250b861bd56a1,CHA CHA Black or Whit,D:\projekty\Hudba\music-editor\src\data\segments\cha cha\82d1815f44492d260f899ecf8c3250b861bd56a1__s40000ms.wav,40000,20000,,cha cha
82d1815f44492d260f899ecf8c3250b861bd56a1__60000ms,82d1815f44492d260f899ecf8c3250b861bd56a1,CHA CHA Black or Whit,D:\projekty\Hudba\music-editor\src\data\segments\cha cha\82d1815f44492d260f899ecf8c3250b861bd56a1__s60000ms.wav,60000,20000,,cha cha
82d1815f44492d260f899ecf8c3250b861bd56a1__80000ms,82d1815f44492d260f899ecf8c3250b861bd56a1,CHA CHA Black or Whit,D:\projekty\Hudba\music-editor\src\data\segments\cha cha\82d1815f44492d260f899ecf8c3250b861bd56a1__s80000ms.wav,80000,20000,,cha cha
82d1815f44492d260f899ecf8c3250b861bd56a1__100000ms,82d1815f44492d260f899ecf8c3250b861bd56a1,CHA CHA Black or Whit,D:\projekty\Hudba\music-editor\src\data\segments\cha cha\82d1815f44492d260f899ecf8c3250b861bd56a1__s100000ms.wav,100000,20000,,cha cha
82d1815f44492d260f899ecf8c3250b861bd56a1__120000ms,82d1815f44492d260f899ecf8c3250b861bd56a1,CHA CHA Black or Whit,D:\projekty\Hudba\music-editor\src\data\segments\cha cha\82d1815f44492d260f899ecf8c3250b861bd56a1__s120000ms.wav,120000,20000,,cha cha
82d1815f44492d260f899ecf8c3250b861bd56a1__140000ms,82d1815f44492d260f899ecf8c3250b861bd56a1,CHA CHA Black or Whit,D:\projekty\Hudba\music-editor\src\data\segments\cha cha\82d1815f44492d260f899ecf8c3250b861bd56a1__s140000ms.wav,140000,20000,,cha cha
82d1815f44492d260f899ecf8c3250b861bd56a1__160000ms,82d1815f44492d260f899ecf8c3250b861bd56a1,CHA CHA Black or Whit,D:\projekty\Hudba\music-editor\src\data\segments\cha cha\82d1815f44492d260f899ecf8c3250b861bd56a1__s160000ms.wav,160000,20000,,cha cha
82d1815f44492d260f899ecf8c3250b861bd56a1__180000ms,82d1815f44492d260f899ecf8c3250b861bd56a1,CHA CHA Black or Whit,D:\projekty\Hudba\music-editor\src\data\segments\cha cha\82d1815f44492d260f899ecf8c3250b861bd56a1__s180000ms.wav,180000,18531,,cha cha
523831e90579fff047e4d0734e8dcd938118f129__0ms,523831e90579fff047e4d0734e8dcd938118f129,CHA CHA Bombo(Cha Cha Cha) DJ Rico Latino,D:\projekty\Hudba\music-editor\src\data\segments\cha cha\523831e90579fff047e4d0734e8dcd938118f129__s0ms.wav,0,20000,,cha cha
523831e90579fff047e4d0734e8dcd938118f129__20000ms,523831e90579fff047e4d0734e8dcd938118f129,CHA CHA Bombo(Cha Cha Cha) DJ Rico Latino,D:\projekty\Hudba\music-editor\src\data\segments\cha cha\523831e90579fff047e4d0734e8dcd938118f129__s20000ms.wav,20000,20000,,cha cha
523831e90579fff047e4d0734e8dcd938118f129__40000ms,523831e90579fff047e4d0734e8dcd938118f129,CHA CHA Bombo(Cha Cha Cha) DJ Rico Latino,D:\projekty\Hudba\music-editor\src\data\segments\cha cha\523831e90579fff047e4d0734e8dcd938118f129__s40000ms.wav,40000,20000,,cha cha
523831e90579fff047e4d0734e8dcd938118f129__60000ms,523831e90579fff047e4d0734e8dcd938118f129,CHA CHA Bombo(Cha Cha Cha) DJ Rico Latino,D:\projekty\Hudba\music-editor\src\data\segments\cha cha\523831e90579fff047e4d0734e8dcd938118f129__s60000ms.wav,60000,20000,,cha cha
523831e90579fff047e4d0734e8dcd938118f129__80000ms,523831e90579fff047e4d0734e8dcd938118f129,CHA CHA Bombo(Cha Cha Cha) DJ Rico Latino,D:\projekty\Hudba\music-editor\src\data\segments\cha cha\523831e90579fff047e4d0734e8dcd938118f129__s80000ms.wav,80000,20000,,cha cha
523831e90579fff047e4d0734e8dcd938118f129__100000ms,523831e90579fff047e4d0734e8dcd938118f129,CHA CHA Bombo(Cha Cha Cha) DJ Rico Latino,D:\projekty\Hudba\music-editor\src\data\segments\cha cha\523831e90579fff047e4d0734e8dcd938118f129__s100000ms.wav,100000,20000,,cha cha
523831e90579fff047e4d0734e8dcd938118f129__120000ms,523831e90579fff047e4d0734e8dcd938118f129,CHA CHA Bombo(Cha Cha Cha) DJ Rico Latino,D:\projekty\Hudba\music-editor\src\data\segments\cha cha\523831e90579fff047e4d0734e8dcd938118f129__s120000ms.wav,120000,20000,,cha cha
c434c9ddc432c46c2e84e2d1ac06e911508a5c0b__0ms,c434c9ddc432c46c2e84e2d1ac06e911508a5c0b,CHA CHA Boom Boom,D:\projekty\Hudba\music-editor\src\data\segments\cha cha\c434c9ddc432c46c2e84e2d1ac06e911508a5c0b__s0ms.wav,0,20000,,cha cha
c434c9ddc432c46c2e84e2d1ac06e911508a5c0b__20000ms,c434c9ddc432c46c2e84e2d1ac06e911508a5c0b,CHA CHA Boom Boom,D:\projekty\Hudba\music-editor\src\data\segments\cha cha\c434c9ddc432c46c2e84e2d1ac06e911508a5c0b__s20000ms.wav,20000,20000,,cha cha
c434c9ddc432c46c2e84e2d1ac06e911508a5c0b__40000ms,c434c9ddc432c46c2e84e2d1ac06e911508a5c0b,CHA CHA Boom Boom,D:\projekty\Hudba\music-editor\src\data\segments\cha cha\c434c9ddc432c46c2e84e2d1ac06e911508a5c0b__s40000ms.wav,40000,20000,,cha cha
c434c9ddc432c46c2e84e2d1ac06e911508a5c0b__60000ms,c434c9ddc432c46c2e84e2d1ac06e911508a5c0b,CHA CHA Boom Boom,D:\projekty\Hudba\music-editor\src\data\segments\cha cha\c434c9ddc432c46c2e84e2d1ac06e911508a5c0b__s60000ms.wav,60000,20000,,cha cha
c434c9ddc432c46c2e84e2d1ac06e911508a5c0b__80000ms,c434c9ddc432c46c2e84e2d1ac06e911508a5c0b,CHA CHA Boom Boom,D:\projekty\Hudba\music-editor\src\data\segments\cha cha\c434c9ddc432c46c2e84e2d1ac06e911508a5c0b__s80000ms.wav,80000,20000,,cha cha
c434c9ddc432c46c2e84e2d1ac06e911508a5c0b__100000ms,c434c9ddc432c46c2e84e2d1ac06e911508a5c0b,CHA CHA Boom Boom,D:\projekty\Hudba\music-editor\src\data\segments\cha cha\c434c9ddc432c46c2e84e2d1ac06e911508a5c0b__s100000ms.wav,100000,20000,,cha cha
c434c9ddc432c46c2e84e2d1ac06e911508a5c0b__120000ms,c434c9ddc432c46c2e84e2d1ac06e911508a5c0b,CHA CHA Boom Boom,D:\projekty\Hudba\music-editor\src\data\segments\cha cha\c434c9ddc432c46c2e84e2d1ac06e911508a5c0b__s120000ms.wav,120000,18710,,cha cha
6072fa1801be4ccde81e584dd6a558d421d1647b__0ms,6072fa1801be4ccde81e584dd6a558d421d1647b,CHA CHA Borracha [Chachacha 31 bpm] - Cuba Cuba,D:\projekty\Hudba\music-editor\src\data\segments\cha cha\6072fa1801be4ccde81e584dd6a558d421d1647b__s0ms.wav,0,20000,,cha cha
6072fa1801be4ccde81e584dd6a558d421d1647b__20000ms,6072fa1801be4ccde81e584dd6a558d421d1647b,CHA CHA Borracha [Chachacha 31 bpm] - Cuba Cuba,D:\projekty\Hudba\music-editor\src\data\segments\cha cha\6072fa1801be4ccde81e584dd6a558d421d1647b__s20000ms.wav,20000,20000,,cha cha
6072fa1801be4ccde81e584dd6a558d421d1647b__40000ms,6072fa1801be4ccde81e584dd6a558d421d1647b,CHA CHA Borracha [Chachacha 31 bpm] - Cuba Cuba,D:\projekty\Hudba\music-editor\src\data\segments\cha cha\6072fa1801be4ccde81e584dd6a558d421d1647b__s40000ms.wav,40000,20000,,cha cha
6072fa1801be4ccde81e584dd6a558d421d1647b__60000ms,6072fa1801be4ccde81e584dd6a558d421d1647b,CHA CHA Borracha [Chachacha 31 bpm] - Cuba Cuba,D:\projekty\Hudba\music-editor\src\data\segments\cha cha\6072fa1801be4ccde81e584dd6a558d421d1647b__s60000ms.wav,60000,20000,,cha cha
6072fa1801be4ccde81e584dd6a558d421d1647b__80000ms,6072fa1801be4ccde81e584dd6a558d421d1647b,CHA CHA Borracha [Chachacha 31 bpm] - Cuba Cuba,D:\projekty\Hudba\music-editor\src\data\segments\cha cha\6072fa1801be4ccde81e584dd6a558d421d1647b__s80000ms.wav,80000,20000,,cha cha
6072fa1801be4ccde81e584dd6a558d421d1647b__100000ms,6072fa1801be4ccde81e584dd6a558d421d1647b,CHA CHA Borracha [Chachacha 31 bpm] - Cuba Cuba,D:\projekty\Hudba\music-editor\src\data\segments\cha cha\6072fa1801be4ccde81e584dd6a558d421d1647b__s100000ms.wav,100000,20000,,cha cha
6072fa1801be4ccde81e584dd6a558d421d1647b__120000ms,6072fa1801be4ccde81e584dd6a558d421d1647b,CHA CHA Borracha [Chachacha 31 bpm] - Cuba Cuba,D:\projekty\Hudba\music-editor\src\data\segments\cha cha\6072fa1801be4ccde81e584dd6a558d421d1647b__s120000ms.wav,120000,20000,,cha cha
6072fa1801be4ccde81e584dd6a558d421d1647b__140000ms,6072fa1801be4ccde81e584dd6a558d421d1647b,CHA CHA Borracha [Chachacha 31 bpm] - Cuba Cuba,D:\projekty\Hudba\music-editor\src\data\segments\cha cha\6072fa1801be4ccde81e584dd6a558d421d1647b__s140000ms.wav,140000,20000,,cha cha
6072fa1801be4ccde81e584dd6a558d421d1647b__160000ms,6072fa1801be4ccde81e584dd6a558d421d1647b,CHA CHA Borracha [Chachacha 31 bpm] - Cuba Cuba,D:\projekty\Hudba\music-editor\src\data\segments\cha cha\6072fa1801be4ccde81e584dd6a558d421d1647b__s160000ms.wav,160000,16039,,cha cha
b6e272d11450eb77eb9c011d67d159a52e28ab4f__0ms,b6e272d11450eb77eb9c011d67d159a52e28ab4f,CHA CHA BROTHER LOUIE x CHA CHA   DJ ONYOK REMIX OF PUROK KULITI,D:\projekty\Hudba\music-editor\src\data\segments\cha cha\b6e272d11450eb77eb9c011d67d159a52e28ab4f__s0ms.wav,0,20000,,cha cha
b6e272d11450eb77eb9c011d67d159a52e28ab4f__20000ms,b6e272d11450eb77eb9c011d67d159a52e28ab4f,CHA CHA BROTHER LOUIE x CHA CHA   DJ ONYOK REMIX OF PUROK KULITI,D:\projekty\Hudba\music-editor\src\data\segments\cha cha\b6e272d11450eb77eb9c011d67d159a52e28ab4f__s20000ms.wav,20000,20000,,cha cha
b6e272d11450eb77eb9c011d67d159a52e28ab4f__40000ms,b6e272d11450eb77eb9c011d67d159a52e28ab4f,CHA CHA BROTHER LOUIE x CHA CHA   DJ ONYOK REMIX OF PUROK KULITI,D:\projekty\Hudba\music-editor\src\data\segments\cha cha\b6e272d11450eb77eb9c011d67d159a52e28ab4f__s40000ms.wav,40000,20000,,cha cha
b6e272d11450eb77eb9c011d67d159a52e28ab4f__60000ms,b6e272d11450eb77eb9c011d67d159a52e28ab4f,CHA CHA BROTHER LOUIE x CHA CHA   DJ ONYOK REMIX OF PUROK KULITI,D:\projekty\Hudba\music-editor\src\data\segments\cha cha\b6e272d11450eb77eb9c011d67d159a52e28ab4f__s60000ms.wav,60000,20000,,cha cha
b6e272d11450eb77eb9c011d67d159a52e28ab4f__80000ms,b6e272d11450eb77eb9c011d67d159a52e28ab4f,CHA CHA BROTHER LOUIE x CHA CHA   DJ ONYOK REMIX OF PUROK KULITI,D:\projekty\Hudba\music-editor\src\data\segments\cha cha\b6e272d11450eb77eb9c011d67d159a52e28ab4f__s80000ms.wav,80000,20000,,cha cha
b6e272d11450eb77eb9c011d67d159a52e28ab4f__100000ms,b6e272d11450eb77eb9c011d67d159a52e28ab4f,CHA CHA BROTHER LOUIE x CHA CHA   DJ ONYOK REMIX OF PUROK KULITI,D:\projekty\Hudba\music-editor\src\data\segments\cha cha\b6e272d11450eb77eb9c011d67d159a52e28ab4f__s100000ms.wav,100000,20000,,cha cha
b6e272d11450eb77eb9c011d67d159a52e28ab4f__120000ms,b6e272d11450eb77eb9c011d67d159a52e28ab4f,CHA CHA BROTHER LOUIE x CHA CHA   DJ ONYOK REMIX OF PUROK KULITI,D:\projekty\Hudba\music-editor\src\data\segments\cha cha\b6e272d11450eb77eb9c011d67d159a52e28ab4f__s120000ms.wav,120000,20000,,cha cha
b6e272d11450eb77eb9c011d67d159a52e28ab4f__140000ms,b6e272d11450eb77eb9c011d67d159a52e28ab4f,CHA CHA BROTHER LOUIE x CHA CHA   DJ ONYOK REMIX OF PUROK KULITI,D:\projekty\Hudba\music-editor\src\data\segments\cha cha\b6e272d11450eb77eb9c011d67d159a52e28ab4f__s140000ms.wav,140000,20000,,cha cha
b6e272d11450eb77eb9c011d67d159a52e28ab4f__160000ms,b6e272d11450eb77eb9c011d67d159a52e28ab4f,CHA CHA BROTHER LOUIE x CHA CHA   DJ ONYOK REMIX OF PUROK KULITI,D:\projekty\Hudba\music-editor\src\data\segments\cha cha\b6e272d11450eb77eb9c011d67d159a52e28ab4f__s160000ms.wav,160000,20000,,cha cha
b6e272d11450eb77eb9c011d67d159a52e28ab4f__180000ms,b6e272d11450eb77eb9c011d67d159a52e28ab4f,CHA CHA BROTHER LOUIE x CHA CHA   DJ ONYOK REMIX OF PUROK KULITI,D:\projekty\Hudba\music-editor\src\data\segments\cha cha\b6e272d11450eb77eb9c011d67d159a52e28ab4f__s180000ms.wav,180000,20000,,cha cha
874f842df8c8b114531f23f03e960e0c244d633a__0ms,874f842df8c8b114531f23f03e960e0c244d633a,CHA CHA Café Maria (Remix 14) (ChaCha  31 BPM,D:\projekty\Hudba\music-editor\src\data\segments\cha cha\874f842df8c8b114531f23f03e960e0c244d633a__s0ms.wav,0,20000,,cha cha
874f842df8c8b114531f23f03e960e0c244d633a__20000ms,874f842df8c8b114531f23f03e960e0c244d633a,CHA CHA Café Maria (Remix 14) (ChaCha  31 BPM,D:\projekty\Hudba\music-editor\src\data\segments\cha cha\874f842df8c8b114531f23f03e960e0c244d633a__s20000ms.wav,20000,20000,,cha cha
874f842df8c8b114531f23f03e960e0c244d633a__40000ms,874f842df8c8b114531f23f03e960e0c244d633a,CHA CHA Café Maria (Remix 14) (ChaCha  31 BPM,D:\projekty\Hudba\music-editor\src\data\segments\cha cha\874f842df8c8b114531f23f03e960e0c244d633a__s40000ms.wav,40000,20000,,cha cha
874f842df8c8b114531f23f03e960e0c244d633a__60000ms,874f842df8c8b114531f23f03e960e0c244d633a,CHA CHA Café Maria (Remix 14) (ChaCha  31 BPM,D:\projekty\Hudba\music-editor\src\data\segments\cha cha\874f842df8c8b114531f23f03e960e0c244d633a__s60000ms.wav,60000,20000,,cha cha
874f842df8c8b114531f23f03e960e0c244d633a__80000ms,874f842df8c8b114531f23f03e960e0c244d633a,CHA CHA Café Maria (Remix 14) (ChaCha  31 BPM,D:\projekty\Hudba\music-editor\src\data\segments\cha cha\874f842df8c8b114531f23f03e960e0c244d633a__s80000ms.wav,80000,20000,,cha cha
874f842df8c8b114531f23f03e960e0c244d633a__100000ms,874f842df8c8b114531f23f03e960e0c244d633a,CHA CHA Café Maria (Remix 14) (ChaCha  31 BPM,D:\projekty\Hudba\music-editor\src\data\segments\cha cha\874f842df8c8b114531f23f03e960e0c244d633a__s100000ms.wav,100000,20000,,cha cha
874f842df8c8b114531f23f03e960e0c244d633a__120000ms,874f842df8c8b114531f23f03e960e0c244d633a,CHA CHA Café Maria (Remix 14) (ChaCha  31 BPM,D:\projekty\Hudba\music-editor\src\data\segments\cha cha\874f842df8c8b114531f23f03e960e0c244d633a__s120000ms.wav,120000,20000,,cha cha
874f842df8c8b114531f23f03e960e0c244d633a__140000ms,874f842df8c8b114531f23f03e960e0c244d633a,CHA CHA Café Maria (Remix 14) (ChaCha  31 BPM,D:\projekty\Hudba\music-editor\src\data\segments\cha cha\874f842df8c8b114531f23f03e960e0c244d633a__s140000ms.wav,140000,15089,,cha cha
f170b91d468be34a8333ddbdc86b8a7db26ca382__0ms,f170b91d468be34a8333ddbdc86b8a7db26ca382,CHA CHA California Dreamin (Extended Mix,D:\projekty\Hudba\music-editor\src\data\segments\cha cha\f170b91d468be34a8333ddbdc86b8a7db26ca382__s0ms.wav,0,20000,,cha cha
f170b91d468be34a8333ddbdc86b8a7db26ca382__20000ms,f170b91d468be34a8333ddbdc86b8a7db26ca382,CHA CHA California Dreamin (Extended Mix,D:\projekty\Hudba\music-editor\src\data\segments\cha cha\f170b91d468be34a8333ddbdc86b8a7db26ca382__s20000ms.wav,20000,20000,,cha cha
f170b91d468be34a8333ddbdc86b8a7db26ca382__40000ms,f170b91d468be34a8333ddbdc86b8a7db26ca382,CHA CHA California Dreamin (Extended Mix,D:\projekty\Hudba\music-editor\src\data\segments\cha cha\f170b91d468be34a8333ddbdc86b8a7db26ca382__s40000ms.wav,40000,20000,,cha cha
f170b91d468be34a8333ddbdc86b8a7db26ca382__60000ms,f170b91d468be34a8333ddbdc86b8a7db26ca382,CHA CHA California Dreamin (Extended Mix,D:\projekty\Hudba\music-editor\src\data\segments\cha cha\f170b91d468be34a8333ddbdc86b8a7db26ca382__s60000ms.wav,60000,20000,,cha cha
f170b91d468be34a8333ddbdc86b8a7db26ca382__80000ms,f170b91d468be34a8333ddbdc86b8a7db26ca382,CHA CHA California Dreamin (Extended Mix,D:\projekty\Hudba\music-editor\src\data\segments\cha cha\f170b91d468be34a8333ddbdc86b8a7db26ca382__s80000ms.wav,80000,20000,,cha cha
f170b91d468be34a8333ddbdc86b8a7db26ca382__100000ms,f170b91d468be34a8333ddbdc86b8a7db26ca382,CHA CHA California Dreamin (Extended Mix,D:\projekty\Hudba\music-editor\src\data\segments\cha cha\f170b91d468be34a8333ddbdc86b8a7db26ca382__s100000ms.wav,100000,20000,,cha cha
f170b91d468be34a8333ddbdc86b8a7db26ca382__120000ms,f170b91d468be34a8333ddbdc86b8a7db26ca382,CHA CHA California Dreamin (Extended Mix,D:\projekty\Hudba\music-editor\src\data\segments\cha cha\f170b91d468be34a8333ddbdc86b8a7db26ca382__s120000ms.wav,120000,20000,,cha cha
f170b91d468be34a8333ddbdc86b8a7db26ca382__140000ms,f170b91d468be34a8333ddbdc86b8a7db26ca382,CHA CHA California Dreamin (Extended Mix,D:\projekty\Hudba\music-editor\src\data\segments\cha cha\f170b91d468be34a8333ddbdc86b8a7db26ca382__s140000ms.wav,140000,20000,,cha cha
f170b91d468be34a8333ddbdc86b8a7db26ca382__160000ms,f170b91d468be34a8333ddbdc86b8a7db26ca382,CHA CHA California Dreamin (Extended Mix,D:\projekty\Hudba\music-editor\src\data\segments\cha cha\f170b91d468be34a8333ddbdc86b8a7db26ca382__s160000ms.wav,160000,20000,,cha cha
f170b91d468be34a8333ddbdc86b8a7db26ca382__180000ms,f170b91d468be34a8333ddbdc86b8a7db26ca382,CHA CHA California Dreamin (Extended Mix,D:\projekty\Hudba\music-editor\src\data\segments\cha cha\f170b91d468be34a8333ddbdc86b8a7db26ca382__s180000ms.wav,180000,20000,,cha cha
f170b91d468be34a8333ddbdc86b8a7db26ca382__200000ms,f170b91d468be34a8333ddbdc86b8a7db26ca382,CHA CHA California Dreamin (Extended Mix,D:\projekty\Hudba\music-editor\src\data\segments\cha cha\f170b91d468be34a8333ddbdc86b8a7db26ca382__s200000ms.wav,200000,20000,,cha cha
f170b91d468be34a8333ddbdc86b8a7db26ca382__220000ms,f170b91d468be34a8333ddbdc86b8a7db26ca382,CHA CHA California Dreamin (Extended Mix,D:\projekty\Hudba\music-editor\src\data\segments\cha cha\f170b91d468be34a8333ddbdc86b8a7db26ca382__s220000ms.wav,220000,20000,,cha cha
f170b91d468be34a8333ddbdc86b8a7db26ca382__240000ms,f170b91d468be34a8333ddbdc86b8a7db26ca382,CHA CHA California Dreamin (Extended Mix,D:\projekty\Hudba\music-editor\src\data\segments\cha cha\f170b91d468be34a8333ddbdc86b8a7db26ca382__s240000ms.wav,240000,20000,,cha cha
f170b91d468be34a8333ddbdc86b8a7db26ca382__260000ms,f170b91d468be34a8333ddbdc86b8a7db26ca382,CHA CHA California Dreamin (Extended Mix,D:\projekty\Hudba\music-editor\src\data\segments\cha cha\f170b91d468be34a8333ddbdc86b8a7db26ca382__s260000ms.wav,260000,20000,,cha cha
f170b91d468be34a8333ddbdc86b8a7db26ca382__280000ms,f170b91d468be34a8333ddbdc86b8a7db26ca382,CHA CHA California Dreamin (Extended Mix,D:\projekty\Hudba\music-editor\src\data\segments\cha cha\f170b91d468be34a8333ddbdc86b8a7db26ca382__s280000ms.wav,280000,20000,,cha cha
f170b91d468be34a8333ddbdc86b8a7db26ca382__300000ms,f170b91d468be34a8333ddbdc86b8a7db26ca382,CHA CHA California Dreamin (Extended Mix,D:\projekty\Hudba\music-editor\src\data\segments\cha cha\f170b91d468be34a8333ddbdc86b8a7db26ca382__s300000ms.wav,300000,18772,,cha cha
f7e49050f165aaf56fcaf68255fc9a31f37d7094__0ms,f7e49050f165aaf56fcaf68255fc9a31f37d7094,Cha cha Cassin,D:\projekty\Hudba\music-editor\src\data\segments\cha cha\f7e49050f165aaf56fcaf68255fc9a31f37d7094__s0ms.wav,0,20000,,cha cha
f7e49050f165aaf56fcaf68255fc9a31f37d7094__20000ms,f7e49050f165aaf56fcaf68255fc9a31f37d7094,Cha cha Cassin,D:\projekty\Hudba\music-editor\src\data\segments\cha cha\f7e49050f165aaf56fcaf68255fc9a31f37d7094__s20000ms.wav,20000,20000,,cha cha
f7e49050f165aaf56fcaf68255fc9a31f37d7094__40000ms,f7e49050f165aaf56fcaf68255fc9a31f37d7094,Cha cha Cassin,D:\projekty\Hudba\music-editor\src\data\segments\cha cha\f7e49050f165aaf56fcaf68255fc9a31f37d7094__s40000ms.wav,40000,20000,,cha cha
f7e49050f165aaf56fcaf68255fc9a31f37d7094__60000ms,f7e49050f165aaf56fcaf68255fc9a31f37d7094,Cha cha Cassin,D:\projekty\Hudba\music-editor\src\data\segments\cha cha\f7e49050f165aaf56fcaf68255fc9a31f37d7094__s60000ms.wav,60000,20000,,cha cha
f7e49050f165aaf56fcaf68255fc9a31f37d7094__80000ms,f7e49050f165aaf56fcaf68255fc9a31f37d7094,Cha cha Cassin,D:\projekty\Hudba\music-editor\src\data\segments\cha cha\f7e49050f165aaf56fcaf68255fc9a31f37d7094__s80000ms.wav,80000,20000,,cha cha
f7e49050f165aaf56fcaf68255fc9a31f37d7094__100000ms,f7e49050f165aaf56fcaf68255fc9a31f37d7094,Cha cha Cassin,D:\projekty\Hudba\music-editor\src\data\segments\cha cha\f7e49050f165aaf56fcaf68255fc9a31f37d7094__s100000ms.wav,100000,20000,,cha cha
f7e49050f165aaf56fcaf68255fc9a31f37d7094__120000ms,f7e49050f165aaf56fcaf68255fc9a31f37d7094,Cha cha Cassin,D:\projekty\Hudba\music-editor\src\data\segments\cha cha\f7e49050f165aaf56fcaf68255fc9a31f37d7094__s120000ms.wav,120000,20000,,cha cha
62ca803c8d20074e02a1d76af854326b064c164b__0ms,62ca803c8d20074e02a1d76af854326b064c164b,Cha cha cha   Ricky Ke,D:\projekty\Hudba\music-editor\src\data\segments\cha cha\62ca803c8d20074e02a1d76af854326b064c164b__s0ms.wav,0,20000,,cha cha
62ca803c8d20074e02a1d76af854326b064c164b__20000ms,62ca803c8d20074e02a1d76af854326b064c164b,Cha cha cha   Ricky Ke,D:\projekty\Hudba\music-editor\src\data\segments\cha cha\62ca803c8d20074e02a1d76af854326b064c164b__s20000ms.wav,20000,20000,,cha cha
62ca803c8d20074e02a1d76af854326b064c164b__40000ms,62ca803c8d20074e02a1d76af854326b064c164b,Cha cha cha   Ricky Ke,D:\projekty\Hudba\music-editor\src\data\segments\cha cha\62ca803c8d20074e02a1d76af854326b064c164b__s40000ms.wav,40000,20000,,cha cha
62ca803c8d20074e02a1d76af854326b064c164b__60000ms,62ca803c8d20074e02a1d76af854326b064c164b,Cha cha cha   Ricky Ke,D:\projekty\Hudba\music-editor\src\data\segments\cha cha\62ca803c8d20074e02a1d76af854326b064c164b__s60000ms.wav,60000,20000,,cha cha
62ca803c8d20074e02a1d76af854326b064c164b__80000ms,62ca803c8d20074e02a1d76af854326b064c164b,Cha cha cha   Ricky Ke,D:\projekty\Hudba\music-editor\src\data\segments\cha cha\62ca803c8d20074e02a1d76af854326b064c164b__s80000ms.wav,80000,15086,,cha cha
acdbd9a94c05a3667bf06df662709e8ba9312cd3__0ms,acdbd9a94c05a3667bf06df662709e8ba9312cd3,CHA CHA CHA   Take You Dancing remix Hantos Dja,D:\projekty\Hudba\music-editor\src\data\segments\cha cha\acdbd9a94c05a3667bf06df662709e8ba9312cd3__s0ms.wav,0,20000,,cha cha
acdbd9a94c05a3667bf06df662709e8ba9312cd3__20000ms,acdbd9a94c05a3667bf06df662709e8ba9312cd3,CHA CHA CHA   Take You Dancing remix Hantos Dja,D:\projekty\Hudba\music-editor\src\data\segments\cha cha\acdbd9a94c05a3667bf06df662709e8ba9312cd3__s20000ms.wav,20000,20000,,cha cha
acdbd9a94c05a3667bf06df662709e8ba9312cd3__40000ms,acdbd9a94c05a3667bf06df662709e8ba9312cd3,CHA CHA CHA   Take You Dancing remix Hantos Dja,D:\projekty\Hudba\music-editor\src\data\segments\cha cha\acdbd9a94c05a3667bf06df662709e8ba9312cd3__s40000ms.wav,40000,20000,,cha cha
acdbd9a94c05a3667bf06df662709e8ba9312cd3__60000ms,acdbd9a94c05a3667bf06df662709e8ba9312cd3,CHA CHA CHA   Take You Dancing remix Hantos Dja,D:\projekty\Hudba\music-editor\src\data\segments\cha cha\acdbd9a94c05a3667bf06df662709e8ba9312cd3__s60000ms.wav,60000,20000,,cha cha
acdbd9a94c05a3667bf06df662709e8ba9312cd3__80000ms,acdbd9a94c05a3667bf06df662709e8ba9312cd3,CHA CHA CHA   Take You Dancing remix Hantos Dja,D:\projekty\Hudba\music-editor\src\data\segments\cha cha\acdbd9a94c05a3667bf06df662709e8ba9312cd3__s80000ms.wav,80000,12996,,cha cha
87cb3e77a0c2fe6c9eb6d4cbebdffc7809aeeff8__0ms,87cb3e77a0c2fe6c9eb6d4cbebdffc7809aeeff8,Cha cha cha   Whats Makes You Beautiful,D:\projekty\Hudba\music-editor\src\data\segments\cha cha\87cb3e77a0c2fe6c9eb6d4cbebdffc7809aeeff8__s0ms.wav,0,20000,,cha cha
87cb3e77a0c2fe6c9eb6d4cbebdffc7809aeeff8__20000ms,87cb3e77a0c2fe6c9eb6d4cbebdffc7809aeeff8,Cha cha cha   Whats Makes You Beautiful,D:\projekty\Hudba\music-editor\src\data\segments\cha cha\87cb3e77a0c2fe6c9eb6d4cbebdffc7809aeeff8__s20000ms.wav,20000,20000,,cha cha
87cb3e77a0c2fe6c9eb6d4cbebdffc7809aeeff8__40000ms,87cb3e77a0c2fe6c9eb6d4cbebdffc7809aeeff8,Cha cha cha   Whats Makes You Beautiful,D:\projekty\Hudba\music-editor\src\data\segments\cha cha\87cb3e77a0c2fe6c9eb6d4cbebdffc7809aeeff8__s40000ms.wav,40000,20000,,cha cha
87cb3e77a0c2fe6c9eb6d4cbebdffc7809aeeff8__60000ms,87cb3e77a0c2fe6c9eb6d4cbebdffc7809aeeff8,Cha cha cha   Whats Makes You Beautiful,D:\projekty\Hudba\music-editor\src\data\segments\cha cha\87cb3e77a0c2fe6c9eb6d4cbebdffc7809aeeff8__s60000ms.wav,60000,20000,,cha cha
87cb3e77a0c2fe6c9eb6d4cbebdffc7809aeeff8__80000ms,87cb3e77a0c2fe6c9eb6d4cbebdffc7809aeeff8,Cha cha cha   Whats Makes You Beautiful,D:\projekty\Hudba\music-editor\src\data\segments\cha cha\87cb3e77a0c2fe6c9eb6d4cbebdffc7809aeeff8__s80000ms.wav,80000,20000,,cha cha
87cb3e77a0c2fe6c9eb6d4cbebdffc7809aeeff8__100000ms,87cb3e77a0c2fe6c9eb6d4cbebdffc7809aeeff8,Cha cha cha   Whats Makes You Beautiful,D:\projekty\Hudba\music-editor\src\data\segments\cha cha\87cb3e77a0c2fe6c9eb6d4cbebdffc7809aeeff8__s100000ms.wav,100000,20000,,cha cha
87cb3e77a0c2fe6c9eb6d4cbebdffc7809aeeff8__120000ms,87cb3e77a0c2fe6c9eb6d4cbebdffc7809aeeff8,Cha cha cha   Whats Makes You Beautiful,D:\projekty\Hudba\music-editor\src\data\segments\cha cha\87cb3e77a0c2fe6c9eb6d4cbebdffc7809aeeff8__s120000ms.wav,120000,20000,,cha cha
87cb3e77a0c2fe6c9eb6d4cbebdffc7809aeeff8__140000ms,87cb3e77a0c2fe6c9eb6d4cbebdffc7809aeeff8,Cha cha cha   Whats Makes You Beautiful,D:\projekty\Hudba\music-editor\src\data\segments\cha cha\87cb3e77a0c2fe6c9eb6d4cbebdffc7809aeeff8__s140000ms.wav,140000,20000,,cha cha
99069555bfaf8d7c88545102ec645c4232f42e44__0ms,99069555bfaf8d7c88545102ec645c4232f42e44,Cha Cha Cha 31 bpm   Dance The Night   Dua Lip,D:\projekty\Hudba\music-editor\src\data\segments\cha cha\99069555bfaf8d7c88545102ec645c4232f42e44__s0ms.wav,0,20000,,cha cha
99069555bfaf8d7c88545102ec645c4232f42e44__20000ms,99069555bfaf8d7c88545102ec645c4232f42e44,Cha Cha Cha 31 bpm   Dance The Night   Dua Lip,D:\projekty\Hudba\music-editor\src\data\segments\cha cha\99069555bfaf8d7c88545102ec645c4232f42e44__s20000ms.wav,20000,20000,,cha cha
99069555bfaf8d7c88545102ec645c4232f42e44__40000ms,99069555bfaf8d7c88545102ec645c4232f42e44,Cha Cha Cha 31 bpm   Dance The Night   Dua Lip,D:\projekty\Hudba\music-editor\src\data\segments\cha cha\99069555bfaf8d7c88545102ec645c4232f42e44__s40000ms.wav,40000,20000,,cha cha
99069555bfaf8d7c88545102ec645c4232f42e44__60000ms,99069555bfaf8d7c88545102ec645c4232f42e44,Cha Cha Cha 31 bpm   Dance The Night   Dua Lip,D:\projekty\Hudba\music-editor\src\data\segments\cha cha\99069555bfaf8d7c88545102ec645c4232f42e44__s60000ms.wav,60000,20000,,cha cha
99069555bfaf8d7c88545102ec645c4232f42e44__80000ms,99069555bfaf8d7c88545102ec645c4232f42e44,Cha Cha Cha 31 bpm   Dance The Night   Dua Lip,D:\projekty\Hudba\music-editor\src\data\segments\cha cha\99069555bfaf8d7c88545102ec645c4232f42e44__s80000ms.wav,80000,20000,,cha cha
99069555bfaf8d7c88545102ec645c4232f42e44__100000ms,99069555bfaf8d7c88545102ec645c4232f42e44,Cha Cha Cha 31 bpm   Dance The Night   Dua Lip,D:\projekty\Hudba\music-editor\src\data\segments\cha cha\99069555bfaf8d7c88545102ec645c4232f42e44__s100000ms.wav,100000,20000,,cha cha
99069555bfaf8d7c88545102ec645c4232f42e44__120000ms,99069555bfaf8d7c88545102ec645c4232f42e44,Cha Cha Cha 31 bpm   Dance The Night   Dua Lip,D:\projekty\Hudba\music-editor\src\data\segments\cha cha\99069555bfaf8d7c88545102ec645c4232f42e44__s120000ms.wav,120000,20000,,cha cha
99069555bfaf8d7c88545102ec645c4232f42e44__140000ms,99069555bfaf8d7c88545102ec645c4232f42e44,Cha Cha Cha 31 bpm   Dance The Night   Dua Lip,D:\projekty\Hudba\music-editor\src\data\segments\cha cha\99069555bfaf8d7c88545102ec645c4232f42e44__s140000ms.wav,140000,16813,,cha cha
68e6132a508483e3c8b11f327635fef1e7013a9b__0ms,68e6132a508483e3c8b11f327635fef1e7013a9b,Cha Cha Cha Meghan Trainor,D:\projekty\Hudba\music-editor\src\data\segments\cha cha\68e6132a508483e3c8b11f327635fef1e7013a9b__s0ms.wav,0,20000,,cha cha
68e6132a508483e3c8b11f327635fef1e7013a9b__20000ms,68e6132a508483e3c8b11f327635fef1e7013a9b,Cha Cha Cha Meghan Trainor,D:\projekty\Hudba\music-editor\src\data\segments\cha cha\68e6132a508483e3c8b11f327635fef1e7013a9b__s20000ms.wav,20000,20000,,cha cha
68e6132a508483e3c8b11f327635fef1e7013a9b__40000ms,68e6132a508483e3c8b11f327635fef1e7013a9b,Cha Cha Cha Meghan Trainor,D:\projekty\Hudba\music-editor\src\data\segments\cha cha\68e6132a508483e3c8b11f327635fef1e7013a9b__s40000ms.wav,40000,20000,,cha cha
68e6132a508483e3c8b11f327635fef1e7013a9b__60000ms,68e6132a508483e3c8b11f327635fef1e7013a9b,Cha Cha Cha Meghan Trainor,D:\projekty\Hudba\music-editor\src\data\segments\cha cha\68e6132a508483e3c8b11f327635fef1e7013a9b__s60000ms.wav,60000,20000,,cha cha
68e6132a508483e3c8b11f327635fef1e7013a9b__80000ms,68e6132a508483e3c8b11f327635fef1e7013a9b,Cha Cha Cha Meghan Trainor,D:\projekty\Hudba\music-editor\src\data\segments\cha cha\68e6132a508483e3c8b11f327635fef1e7013a9b__s80000ms.wav,80000,20000,,cha cha
68e6132a508483e3c8b11f327635fef1e7013a9b__100000ms,68e6132a508483e3c8b11f327635fef1e7013a9b,Cha Cha Cha Meghan Trainor,D:\projekty\Hudba\music-editor\src\data\segments\cha cha\68e6132a508483e3c8b11f327635fef1e7013a9b__s100000ms.wav,100000,20000,,cha cha
106483a521a8bbc1c3ef3dfd0df7993d146d0fa8__0ms,106483a521a8bbc1c3ef3dfd0df7993d146d0fa8,Cha cha cha music Chucci Feat Yma America – Cuentame,D:\projekty\Hudba\music-editor\src\data\segments\cha cha\106483a521a8bbc1c3ef3dfd0df7993d146d0fa8__s0ms.wav,0,20000,,cha cha
106483a521a8bbc1c3ef3dfd0df7993d146d0fa8__20000ms,106483a521a8bbc1c3ef3dfd0df7993d146d0fa8,Cha cha cha music Chucci Feat Yma America – Cuentame,D:\projekty\Hudba\music-editor\src\data\segments\cha cha\106483a521a8bbc1c3ef3dfd0df7993d146d0fa8__s20000ms.wav,20000,20000,,cha cha
106483a521a8bbc1c3ef3dfd0df7993d146d0fa8__40000ms,106483a521a8bbc1c3ef3dfd0df7993d146d0fa8,Cha cha cha music Chucci Feat Yma America – Cuentame,D:\projekty\Hudba\music-editor\src\data\segments\cha cha\106483a521a8bbc1c3ef3dfd0df7993d146d0fa8__s40000ms.wav,40000,20000,,cha cha
106483a521a8bbc1c3ef3dfd0df7993d146d0fa8__60000ms,106483a521a8bbc1c3ef3dfd0df7993d146d0fa8,Cha cha cha music Chucci Feat Yma America – Cuentame,D:\projekty\Hudba\music-editor\src\data\segments\cha cha\106483a521a8bbc1c3ef3dfd0df7993d146d0fa8__s60000ms.wav,60000,20000,,cha cha
106483a521a8bbc1c3ef3dfd0df7993d146d0fa8__80000ms,106483a521a8bbc1c3ef3dfd0df7993d146d0fa8,Cha cha cha music Chucci Feat Yma America – Cuentame,D:\projekty\Hudba\music-editor\src\data\segments\cha cha\106483a521a8bbc1c3ef3dfd0df7993d146d0fa8__s80000ms.wav,80000,20000,,cha cha
106483a521a8bbc1c3ef3dfd0df7993d146d0fa8__100000ms,106483a521a8bbc1c3ef3dfd0df7993d146d0fa8,Cha cha cha music Chucci Feat Yma America – Cuentame,D:\projekty\Hudba\music-editor\src\data\segments\cha cha\106483a521a8bbc1c3ef3dfd0df7993d146d0fa8__s100000ms.wav,100000,20000,,cha cha
106483a521a8bbc1c3ef3dfd0df7993d146d0fa8__120000ms,106483a521a8bbc1c3ef3dfd0df7993d146d0fa8,Cha cha cha music Chucci Feat Yma America – Cuentame,D:\projekty\Hudba\music-editor\src\data\segments\cha cha\106483a521a8bbc1c3ef3dfd0df7993d146d0fa8__s120000ms.wav,120000,20000,,cha cha
106483a521a8bbc1c3ef3dfd0df7993d146d0fa8__140000ms,106483a521a8bbc1c3ef3dfd0df7993d146d0fa8,Cha cha cha music Chucci Feat Yma America – Cuentame,D:\projekty\Hudba\music-editor\src\data\segments\cha cha\106483a521a8bbc1c3ef3dfd0df7993d146d0fa8__s140000ms.wav,140000,20000,,cha cha
106483a521a8bbc1c3ef3dfd0df7993d146d0fa8__160000ms,106483a521a8bbc1c3ef3dfd0df7993d146d0fa8,Cha cha cha music Chucci Feat Yma America – Cuentame,D:\projekty\Hudba\music-editor\src\data\segments\cha cha\106483a521a8bbc1c3ef3dfd0df7993d146d0fa8__s160000ms.wav,160000,20000,,cha cha
106483a521a8bbc1c3ef3dfd0df7993d146d0fa8__180000ms,106483a521a8bbc1c3ef3dfd0df7993d146d0fa8,Cha cha cha music Chucci Feat Yma America – Cuentame,D:\projekty\Hudba\music-editor\src\data\segments\cha cha\106483a521a8bbc1c3ef3dfd0df7993d146d0fa8__s180000ms.wav,180000,20000,,cha cha
200d5c4ad0c1f3a3e0726319e76125600636f20d__0ms,200d5c4ad0c1f3a3e0726319e76125600636f20d,CHA CHA Cher   The Shoop Shoop Song (I,D:\projekty\Hudba\music-editor\src\data\segments\cha cha\200d5c4ad0c1f3a3e0726319e76125600636f20d__s0ms.wav,0,20000,,cha cha
200d5c4ad0c1f3a3e0726319e76125600636f20d__20000ms,200d5c4ad0c1f3a3e0726319e76125600636f20d,CHA CHA Cher   The Shoop Shoop Song (I,D:\projekty\Hudba\music-editor\src\data\segments\cha cha\200d5c4ad0c1f3a3e0726319e76125600636f20d__s20000ms.wav,20000,20000,,cha cha
200d5c4ad0c1f3a3e0726319e76125600636f20d__40000ms,200d5c4ad0c1f3a3e0726319e76125600636f20d,CHA CHA Cher   The Shoop Shoop Song (I,D:\projekty\Hudba\music-editor\src\data\segments\cha cha\200d5c4ad0c1f3a3e0726319e76125600636f20d__s40000ms.wav,40000,20000,,cha cha
200d5c4ad0c1f3a3e0726319e76125600636f20d__60000ms,200d5c4ad0c1f3a3e0726319e76125600636f20d,CHA CHA Cher   The Shoop Shoop Song (I,D:\projekty\Hudba\music-editor\src\data\segments\cha cha\200d5c4ad0c1f3a3e0726319e76125600636f20d__s60000ms.wav,60000,20000,,cha cha
200d5c4ad0c1f3a3e0726319e76125600636f20d__80000ms,200d5c4ad0c1f3a3e0726319e76125600636f20d,CHA CHA Cher   The Shoop Shoop Song (I,D:\projekty\Hudba\music-editor\src\data\segments\cha cha\200d5c4ad0c1f3a3e0726319e76125600636f20d__s80000ms.wav,80000,20000,,cha cha
200d5c4ad0c1f3a3e0726319e76125600636f20d__100000ms,200d5c4ad0c1f3a3e0726319e76125600636f20d,CHA CHA Cher   The Shoop Shoop Song (I,D:\projekty\Hudba\music-editor\src\data\segments\cha cha\200d5c4ad0c1f3a3e0726319e76125600636f20d__s100000ms.wav,100000,20000,,cha cha
200d5c4ad0c1f3a3e0726319e76125600636f20d__120000ms,200d5c4ad0c1f3a3e0726319e76125600636f20d,CHA CHA Cher   The Shoop Shoop Song (I,D:\projekty\Hudba\music-editor\src\data\segments\cha cha\200d5c4ad0c1f3a3e0726319e76125600636f20d__s120000ms.wav,120000,20000,,cha cha
200d5c4ad0c1f3a3e0726319e76125600636f20d__140000ms,200d5c4ad0c1f3a3e0726319e76125600636f20d,CHA CHA Cher   The Shoop Shoop Song (I,D:\projekty\Hudba\music-editor\src\data\segments\cha cha\200d5c4ad0c1f3a3e0726319e76125600636f20d__s140000ms.wav,140000,20000,,cha cha
200d5c4ad0c1f3a3e0726319e76125600636f20d__160000ms,200d5c4ad0c1f3a3e0726319e76125600636f20d,CHA CHA Cher   The Shoop Shoop Song (I,D:\projekty\Hudba\music-editor\src\data\segments\cha cha\200d5c4ad0c1f3a3e0726319e76125600636f20d__s160000ms.wav,160000,10005,,cha cha
32452dbd0e2910e40738ccb95d98d771120f3671__0ms,32452dbd0e2910e40738ccb95d98d771120f3671,CHA CHA Chili Cha cha,D:\projekty\Hudba\music-editor\src\data\segments\cha cha\32452dbd0e2910e40738ccb95d98d771120f3671__s0ms.wav,0,20000,,cha cha
32452dbd0e2910e40738ccb95d98d771120f3671__20000ms,32452dbd0e2910e40738ccb95d98d771120f3671,CHA CHA Chili Cha cha,D:\projekty\Hudba\music-editor\src\data\segments\cha cha\32452dbd0e2910e40738ccb95d98d771120f3671__s20000ms.wav,20000,20000,,cha cha
32452dbd0e2910e40738ccb95d98d771120f3671__40000ms,32452dbd0e2910e40738ccb95d98d771120f3671,CHA CHA Chili Cha cha,D:\projekty\Hudba\music-editor\src\data\segments\cha cha\32452dbd0e2910e40738ccb95d98d771120f3671__s40000ms.wav,40000,20000,,cha cha
32452dbd0e2910e40738ccb95d98d771120f3671__60000ms,32452dbd0e2910e40738ccb95d98d771120f3671,CHA CHA Chili Cha cha,D:\projekty\Hudba\music-editor\src\data\segments\cha cha\32452dbd0e2910e40738ccb95d98d771120f3671__s60000ms.wav,60000,20000,,cha cha
32452dbd0e2910e40738ccb95d98d771120f3671__80000ms,32452dbd0e2910e40738ccb95d98d771120f3671,CHA CHA Chili Cha cha,D:\projekty\Hudba\music-editor\src\data\segments\cha cha\32452dbd0e2910e40738ccb95d98d771120f3671__s80000ms.wav,80000,20000,,cha cha
32452dbd0e2910e40738ccb95d98d771120f3671__100000ms,32452dbd0e2910e40738ccb95d98d771120f3671,CHA CHA Chili Cha cha,D:\projekty\Hudba\music-editor\src\data\segments\cha cha\32452dbd0e2910e40738ccb95d98d771120f3671__s100000ms.wav,100000,20000,,cha cha
32452dbd0e2910e40738ccb95d98d771120f3671__120000ms,32452dbd0e2910e40738ccb95d98d771120f3671,CHA CHA Chili Cha cha,D:\projekty\Hudba\music-editor\src\data\segments\cha cha\32452dbd0e2910e40738ccb95d98d771120f3671__s120000ms.wav,120000,20000,,cha cha
32452dbd0e2910e40738ccb95d98d771120f3671__140000ms,32452dbd0e2910e40738ccb95d98d771120f3671,CHA CHA Chili Cha cha,D:\projekty\Hudba\music-editor\src\data\segments\cha cha\32452dbd0e2910e40738ccb95d98d771120f3671__s140000ms.wav,140000,20000,,cha cha
32452dbd0e2910e40738ccb95d98d771120f3671__160000ms,32452dbd0e2910e40738ccb95d98d771120f3671,CHA CHA Chili Cha cha,D:\projekty\Hudba\music-editor\src\data\segments\cha cha\32452dbd0e2910e40738ccb95d98d771120f3671__s160000ms.wav,160000,20000,,cha cha
32452dbd0e2910e40738ccb95d98d771120f3671__180000ms,32452dbd0e2910e40738ccb95d98d771120f3671,CHA CHA Chili Cha cha,D:\projekty\Hudba\music-editor\src\data\segments\cha cha\32452dbd0e2910e40738ccb95d98d771120f3671__s180000ms.wav,180000,20000,,cha cha
32452dbd0e2910e40738ccb95d98d771120f3671__200000ms,32452dbd0e2910e40738ccb95d98d771120f3671,CHA CHA Chili Cha cha,D:\projekty\Hudba\music-editor\src\data\segments\cha cha\32452dbd0e2910e40738ccb95d98d771120f3671__s200000ms.wav,200000,20000,,cha cha
32452dbd0e2910e40738ccb95d98d771120f3671__220000ms,32452dbd0e2910e40738ccb95d98d771120f3671,CHA CHA Chili Cha cha,D:\projekty\Hudba\music-editor\src\data\segments\cha cha\32452dbd0e2910e40738ccb95d98d771120f3671__s220000ms.wav,220000,15442,,cha cha
ee510647f95d9caacb661b5b2e64d0dffc04f9be__0ms,ee510647f95d9caacb661b5b2e64d0dffc04f9be,CHA CHA Christmas Cha Cha Cha The Merry Mac,D:\projekty\Hudba\music-editor\src\data\segments\cha cha\ee510647f95d9caacb661b5b2e64d0dffc04f9be__s0ms.wav,0,20000,,cha cha
ee510647f95d9caacb661b5b2e64d0dffc04f9be__20000ms,ee510647f95d9caacb661b5b2e64d0dffc04f9be,CHA CHA Christmas Cha Cha Cha The Merry Mac,D:\projekty\Hudba\music-editor\src\data\segments\cha cha\ee510647f95d9caacb661b5b2e64d0dffc04f9be__s20000ms.wav,20000,20000,,cha cha
ee510647f95d9caacb661b5b2e64d0dffc04f9be__40000ms,ee510647f95d9caacb661b5b2e64d0dffc04f9be,CHA CHA Christmas Cha Cha Cha The Merry Mac,D:\projekty\Hudba\music-editor\src\data\segments\cha cha\ee510647f95d9caacb661b5b2e64d0dffc04f9be__s40000ms.wav,40000,20000,,cha cha
ee510647f95d9caacb661b5b2e64d0dffc04f9be__60000ms,ee510647f95d9caacb661b5b2e64d0dffc04f9be,CHA CHA Christmas Cha Cha Cha The Merry Mac,D:\projekty\Hudba\music-editor\src\data\segments\cha cha\ee510647f95d9caacb661b5b2e64d0dffc04f9be__s60000ms.wav,60000,20000,,cha cha
ee510647f95d9caacb661b5b2e64d0dffc04f9be__80000ms,ee510647f95d9caacb661b5b2e64d0dffc04f9be,CHA CHA Christmas Cha Cha Cha The Merry Mac,D:\projekty\Hudba\music-editor\src\data\segments\cha cha\ee510647f95d9caacb661b5b2e64d0dffc04f9be__s80000ms.wav,80000,20000,,cha cha
ee510647f95d9caacb661b5b2e64d0dffc04f9be__100000ms,ee510647f95d9caacb661b5b2e64d0dffc04f9be,CHA CHA Christmas Cha Cha Cha The Merry Mac,D:\projekty\Hudba\music-editor\src\data\segments\cha cha\ee510647f95d9caacb661b5b2e64d0dffc04f9be__s100000ms.wav,100000,20000,,cha cha
ee510647f95d9caacb661b5b2e64d0dffc04f9be__120000ms,ee510647f95d9caacb661b5b2e64d0dffc04f9be,CHA CHA Christmas Cha Cha Cha The Merry Mac,D:\projekty\Hudba\music-editor\src\data\segments\cha cha\ee510647f95d9caacb661b5b2e64d0dffc04f9be__s120000ms.wav,120000,20000,,cha cha
74887863a43c7a15eedd9d267b81bd7c3ecddadc__0ms,74887863a43c7a15eedd9d267b81bd7c3ecddadc,CHA CHA Christmas Song Cha Cha Ch,D:\projekty\Hudba\music-editor\src\data\segments\cha cha\74887863a43c7a15eedd9d267b81bd7c3ecddadc__s0ms.wav,0,20000,,cha cha
74887863a43c7a15eedd9d267b81bd7c3ecddadc__20000ms,74887863a43c7a15eedd9d267b81bd7c3ecddadc,CHA CHA Christmas Song Cha Cha Ch,D:\projekty\Hudba\music-editor\src\data\segments\cha cha\74887863a43c7a15eedd9d267b81bd7c3ecddadc__s20000ms.wav,20000,20000,,cha cha
74887863a43c7a15eedd9d267b81bd7c3ecddadc__40000ms,74887863a43c7a15eedd9d267b81bd7c3ecddadc,CHA CHA Christmas Song Cha Cha Ch,D:\projekty\Hudba\music-editor\src\data\segments\cha cha\74887863a43c7a15eedd9d267b81bd7c3ecddadc__s40000ms.wav,40000,20000,,cha cha
74887863a43c7a15eedd9d267b81bd7c3ecddadc__60000ms,74887863a43c7a15eedd9d267b81bd7c3ecddadc,CHA CHA Christmas Song Cha Cha Ch,D:\projekty\Hudba\music-editor\src\data\segments\cha cha\74887863a43c7a15eedd9d267b81bd7c3ecddadc__s60000ms.wav,60000,20000,,cha cha
74887863a43c7a15eedd9d267b81bd7c3ecddadc__80000ms,74887863a43c7a15eedd9d267b81bd7c3ecddadc,CHA CHA Christmas Song Cha Cha Ch,D:\projekty\Hudba\music-editor\src\data\segments\cha cha\74887863a43c7a15eedd9d267b81bd7c3ecddadc__s80000ms.wav,80000,20000,,cha cha
74887863a43c7a15eedd9d267b81bd7c3ecddadc__100000ms,74887863a43c7a15eedd9d267b81bd7c3ecddadc,CHA CHA Christmas Song Cha Cha Ch,D:\projekty\Hudba\music-editor\src\data\segments\cha cha\74887863a43c7a15eedd9d267b81bd7c3ecddadc__s100000ms.wav,100000,20000,,cha cha
74887863a43c7a15eedd9d267b81bd7c3ecddadc__120000ms,74887863a43c7a15eedd9d267b81bd7c3ecddadc,CHA CHA Christmas Song Cha Cha Ch,D:\projekty\Hudba\music-editor\src\data\segments\cha cha\74887863a43c7a15eedd9d267b81bd7c3ecddadc__s120000ms.wav,120000,16255,,cha cha
9b3001f698c4b9d8a619b318d5b8c08b1f01be87__0ms,9b3001f698c4b9d8a619b318d5b8c08b1f01be87,CHA CHA Coffin slide upraveno (coffin dance vs cha cha slide,D:\projekty\Hudba\music-editor\src\data\segments\cha cha\9b3001f698c4b9d8a619b318d5b8c08b1f01be87__s0ms.wav,0,20000,,cha cha
9b3001f698c4b9d8a619b318d5b8c08b1f01be87__20000ms,9b3001f698c4b9d8a619b318d5b8c08b1f01be87,CHA CHA Coffin slide upraveno (coffin dance vs cha cha slide,D:\projekty\Hudba\music-editor\src\data\segments\cha cha\9b3001f698c4b9d8a619b318d5b8c08b1f01be87__s20000ms.wav,20000,20000,,cha cha
9b3001f698c4b9d8a619b318d5b8c08b1f01be87__40000ms,9b3001f698c4b9d8a619b318d5b8c08b1f01be87,CHA CHA Coffin slide upraveno (coffin dance vs cha cha slide,D:\projekty\Hudba\music-editor\src\data\segments\cha cha\9b3001f698c4b9d8a619b318d5b8c08b1f01be87__s40000ms.wav,40000,20000,,cha cha
9b3001f698c4b9d8a619b318d5b8c08b1f01be87__60000ms,9b3001f698c4b9d8a619b318d5b8c08b1f01be87,CHA CHA Coffin slide upraveno (coffin dance vs cha cha slide,D:\projekty\Hudba\music-editor\src\data\segments\cha cha\9b3001f698c4b9d8a619b318d5b8c08b1f01be87__s60000ms.wav,60000,20000,,cha cha
9b3001f698c4b9d8a619b318d5b8c08b1f01be87__80000ms,9b3001f698c4b9d8a619b318d5b8c08b1f01be87,CHA CHA Coffin slide upraveno (coffin dance vs cha cha slide,D:\projekty\Hudba\music-editor\src\data\segments\cha cha\9b3001f698c4b9d8a619b318d5b8c08b1f01be87__s80000ms.wav,80000,20000,,cha cha
9b3001f698c4b9d8a619b318d5b8c08b1f01be87__100000ms,9b3001f698c4b9d8a619b318d5b8c08b1f01be87,CHA CHA Coffin slide upraveno (coffin dance vs cha cha slide,D:\projekty\Hudba\music-editor\src\data\segments\cha cha\9b3001f698c4b9d8a619b318d5b8c08b1f01be87__s100000ms.wav,100000,20000,,cha cha
9b3001f698c4b9d8a619b318d5b8c08b1f01be87__120000ms,9b3001f698c4b9d8a619b318d5b8c08b1f01be87,CHA CHA Coffin slide upraveno (coffin dance vs cha cha slide,D:\projekty\Hudba\music-editor\src\data\segments\cha cha\9b3001f698c4b9d8a619b318d5b8c08b1f01be87__s120000ms.wav,120000,20000,,cha cha
9b3001f698c4b9d8a619b318d5b8c08b1f01be87__140000ms,9b3001f698c4b9d8a619b318d5b8c08b1f01be87,CHA CHA Coffin slide upraveno (coffin dance vs cha cha slide,D:\projekty\Hudba\music-editor\src\data\segments\cha cha\9b3001f698c4b9d8a619b318d5b8c08b1f01be87__s140000ms.wav,140000,17571,,cha cha
e4e764579c5b38d41e3ecd47bcd24b5a829a7ee4__0ms,e4e764579c5b38d41e3ecd47bcd24b5a829a7ee4,CHA CHA Creeds   Push Up (Dj Dark Remix,D:\projekty\Hudba\music-editor\src\data\segments\cha cha\e4e764579c5b38d41e3ecd47bcd24b5a829a7ee4__s0ms.wav,0,20000,,cha cha
e4e764579c5b38d41e3ecd47bcd24b5a829a7ee4__20000ms,e4e764579c5b38d41e3ecd47bcd24b5a829a7ee4,CHA CHA Creeds   Push Up (Dj Dark Remix,D:\projekty\Hudba\music-editor\src\data\segments\cha cha\e4e764579c5b38d41e3ecd47bcd24b5a829a7ee4__s20000ms.wav,20000,20000,,cha cha
e4e764579c5b38d41e3ecd47bcd24b5a829a7ee4__40000ms,e4e764579c5b38d41e3ecd47bcd24b5a829a7ee4,CHA CHA Creeds   Push Up (Dj Dark Remix,D:\projekty\Hudba\music-editor\src\data\segments\cha cha\e4e764579c5b38d41e3ecd47bcd24b5a829a7ee4__s40000ms.wav,40000,20000,,cha cha
e4e764579c5b38d41e3ecd47bcd24b5a829a7ee4__60000ms,e4e764579c5b38d41e3ecd47bcd24b5a829a7ee4,CHA CHA Creeds   Push Up (Dj Dark Remix,D:\projekty\Hudba\music-editor\src\data\segments\cha cha\e4e764579c5b38d41e3ecd47bcd24b5a829a7ee4__s60000ms.wav,60000,20000,,cha cha
e4e764579c5b38d41e3ecd47bcd24b5a829a7ee4__80000ms,e4e764579c5b38d41e3ecd47bcd24b5a829a7ee4,CHA CHA Creeds   Push Up (Dj Dark Remix,D:\projekty\Hudba\music-editor\src\data\segments\cha cha\e4e764579c5b38d41e3ecd47bcd24b5a829a7ee4__s80000ms.wav,80000,20000,,cha cha
e4e764579c5b38d41e3ecd47bcd24b5a829a7ee4__100000ms,e4e764579c5b38d41e3ecd47bcd24b5a829a7ee4,CHA CHA Creeds   Push Up (Dj Dark Remix,D:\projekty\Hudba\music-editor\src\data\segments\cha cha\e4e764579c5b38d41e3ecd47bcd24b5a829a7ee4__s100000ms.wav,100000,20000,,cha cha
e4e764579c5b38d41e3ecd47bcd24b5a829a7ee4__120000ms,e4e764579c5b38d41e3ecd47bcd24b5a829a7ee4,CHA CHA Creeds   Push Up (Dj Dark Remix,D:\projekty\Hudba\music-editor\src\data\segments\cha cha\e4e764579c5b38d41e3ecd47bcd24b5a829a7ee4__s120000ms.wav,120000,20000,,cha cha
e4e764579c5b38d41e3ecd47bcd24b5a829a7ee4__140000ms,e4e764579c5b38d41e3ecd47bcd24b5a829a7ee4,CHA CHA Creeds   Push Up (Dj Dark Remix,D:\projekty\Hudba\music-editor\src\data\segments\cha cha\e4e764579c5b38d41e3ecd47bcd24b5a829a7ee4__s140000ms.wav,140000,20000,,cha cha
43c86a344e5cc8689ab45dd3e655e0c4389f8391__0ms,43c86a344e5cc8689ab45dd3e655e0c4389f8391,"CHA CHA Elton John, Dua Lipa   Cold Heart upravená (PNAU Remix) (Official Video",D:\projekty\Hudba\music-editor\src\data\segments\cha cha\43c86a344e5cc8689ab45dd3e655e0c4389f8391__s0ms.wav,0,20000,,cha cha
43c86a344e5cc8689ab45dd3e655e0c4389f8391__20000ms,43c86a344e5cc8689ab45dd3e655e0c4389f8391,"CHA CHA Elton John, Dua Lipa   Cold Heart upravená (PNAU Remix) (Official Video",D:\projekty\Hudba\music-editor\src\data\segments\cha cha\43c86a344e5cc8689ab45dd3e655e0c4389f8391__s20000ms.wav,20000,20000,,cha cha
43c86a344e5cc8689ab45dd3e655e0c4389f8391__40000ms,43c86a344e5cc8689ab45dd3e655e0c4389f8391,"CHA CHA Elton John, Dua Lipa   Cold Heart upravená (PNAU Remix) (Official Video",D:\projekty\Hudba\music-editor\src\data\segments\cha cha\43c86a344e5cc8689ab45dd3e655e0c4389f8391__s40000ms.wav,40000,20000,,cha cha
43c86a344e5cc8689ab45dd3e655e0c4389f8391__60000ms,43c86a344e5cc8689ab45dd3e655e0c4389f8391,"CHA CHA Elton John, Dua Lipa   Cold Heart upravená (PNAU Remix) (Official Video",D:\projekty\Hudba\music-editor\src\data\segments\cha cha\43c86a344e5cc8689ab45dd3e655e0c4389f8391__s60000ms.wav,60000,20000,,cha cha
43c86a344e5cc8689ab45dd3e655e0c4389f8391__80000ms,43c86a344e5cc8689ab45dd3e655e0c4389f8391,"CHA CHA Elton John, Dua Lipa   Cold Heart upravená (PNAU Remix) (Official Video",D:\projekty\Hudba\music-editor\src\data\segments\cha cha\43c86a344e5cc8689ab45dd3e655e0c4389f8391__s80000ms.wav,80000,20000,,cha cha
43c86a344e5cc8689ab45dd3e655e0c4389f8391__100000ms,43c86a344e5cc8689ab45dd3e655e0c4389f8391,"CHA CHA Elton John, Dua Lipa   Cold Heart upravená (PNAU Remix) (Official Video",D:\projekty\Hudba\music-editor\src\data\segments\cha cha\43c86a344e5cc8689ab45dd3e655e0c4389f8391__s100000ms.wav,100000,20000,,cha cha
43c86a344e5cc8689ab45dd3e655e0c4389f8391__120000ms,43c86a344e5cc8689ab45dd3e655e0c4389f8391,"CHA CHA Elton John, Dua Lipa   Cold Heart upravená (PNAU Remix) (Official Video",D:\projekty\Hudba\music-editor\src\data\segments\cha cha\43c86a344e5cc8689ab45dd3e655e0c4389f8391__s120000ms.wav,120000,20000,,cha cha
43c86a344e5cc8689ab45dd3e655e0c4389f8391__140000ms,43c86a344e5cc8689ab45dd3e655e0c4389f8391,"CHA CHA Elton John, Dua Lipa   Cold Heart upravená (PNAU Remix) (Official Video",D:\projekty\Hudba\music-editor\src\data\segments\cha cha\43c86a344e5cc8689ab45dd3e655e0c4389f8391__s140000ms.wav,140000,20000,,cha cha
43c86a344e5cc8689ab45dd3e655e0c4389f8391__160000ms,43c86a344e5cc8689ab45dd3e655e0c4389f8391,"CHA CHA Elton John, Dua Lipa   Cold Heart upravená (PNAU Remix) (Official Video",D:\projekty\Hudba\music-editor\src\data\segments\cha cha\43c86a344e5cc8689ab45dd3e655e0c4389f8391__s160000ms.wav,160000,20000,,cha cha
43c86a344e5cc8689ab45dd3e655e0c4389f8391__180000ms,43c86a344e5cc8689ab45dd3e655e0c4389f8391,"CHA CHA Elton John, Dua Lipa   Cold Heart upravená (PNAU Remix) (Official Video",D:\projekty\Hudba\music-editor\src\data\segments\cha cha\43c86a344e5cc8689ab45dd3e655e0c4389f8391__s180000ms.wav,180000,20000,,cha cha
43c86a344e5cc8689ab45dd3e655e0c4389f8391__200000ms,43c86a344e5cc8689ab45dd3e655e0c4389f8391,"CHA CHA Elton John, Dua Lipa   Cold Heart upravená (PNAU Remix) (Official Video",D:\projekty\Hudba\music-editor\src\data\segments\cha cha\43c86a344e5cc8689ab45dd3e655e0c4389f8391__s200000ms.wav,200000,13744,,cha cha
29124b9edbe9ad7d72d9fd660dd773638b456404__0ms,29124b9edbe9ad7d72d9fd660dd773638b456404,CHA CHA Empress Orchestra   Kiss Of Fire (Cha Cha Cha,D:\projekty\Hudba\music-editor\src\data\segments\cha cha\29124b9edbe9ad7d72d9fd660dd773638b456404__s0ms.wav,0,20000,,cha cha
29124b9edbe9ad7d72d9fd660dd773638b456404__20000ms,29124b9edbe9ad7d72d9fd660dd773638b456404,CHA CHA Empress Orchestra   Kiss Of Fire (Cha Cha Cha,D:\projekty\Hudba\music-editor\src\data\segments\cha cha\29124b9edbe9ad7d72d9fd660dd773638b456404__s20000ms.wav,20000,20000,,cha cha
29124b9edbe9ad7d72d9fd660dd773638b456404__40000ms,29124b9edbe9ad7d72d9fd660dd773638b456404,CHA CHA Empress Orchestra   Kiss Of Fire (Cha Cha Cha,D:\projekty\Hudba\music-editor\src\data\segments\cha cha\29124b9edbe9ad7d72d9fd660dd773638b456404__s40000ms.wav,40000,20000,,cha cha
29124b9edbe9ad7d72d9fd660dd773638b456404__60000ms,29124b9edbe9ad7d72d9fd660dd773638b456404,CHA CHA Empress Orchestra   Kiss Of Fire (Cha Cha Cha,D:\projekty\Hudba\music-editor\src\data\segments\cha cha\29124b9edbe9ad7d72d9fd660dd773638b456404__s60000ms.wav,60000,20000,,cha cha
29124b9edbe9ad7d72d9fd660dd773638b456404__80000ms,29124b9edbe9ad7d72d9fd660dd773638b456404,CHA CHA Empress Orchestra   Kiss Of Fire (Cha Cha Cha,D:\projekty\Hudba\music-editor\src\data\segments\cha cha\29124b9edbe9ad7d72d9fd660dd773638b456404__s80000ms.wav,80000,20000,,cha cha
29124b9edbe9ad7d72d9fd660dd773638b456404__100000ms,29124b9edbe9ad7d72d9fd660dd773638b456404,CHA CHA Empress Orchestra   Kiss Of Fire (Cha Cha Cha,D:\projekty\Hudba\music-editor\src\data\segments\cha cha\29124b9edbe9ad7d72d9fd660dd773638b456404__s100000ms.wav,100000,20000,,cha cha
29124b9edbe9ad7d72d9fd660dd773638b456404__120000ms,29124b9edbe9ad7d72d9fd660dd773638b456404,CHA CHA Empress Orchestra   Kiss Of Fire (Cha Cha Cha,D:\projekty\Hudba\music-editor\src\data\segments\cha cha\29124b9edbe9ad7d72d9fd660dd773638b456404__s120000ms.wav,120000,16673,,cha cha
ad7890cbd7e310296123045708ce0e9613bff8c2__0ms,ad7890cbd7e310296123045708ce0e9613bff8c2,CHA CHA ENRIQUE IGLESIAS   I LIKE HOW IT FEELS FEAT PITBULL u0026 THE WAV,D:\projekty\Hudba\music-editor\src\data\segments\cha cha\ad7890cbd7e310296123045708ce0e9613bff8c2__s0ms.wav,0,20000,,cha cha
ad7890cbd7e310296123045708ce0e9613bff8c2__20000ms,ad7890cbd7e310296123045708ce0e9613bff8c2,CHA CHA ENRIQUE IGLESIAS   I LIKE HOW IT FEELS FEAT PITBULL u0026 THE WAV,D:\projekty\Hudba\music-editor\src\data\segments\cha cha\ad7890cbd7e310296123045708ce0e9613bff8c2__s20000ms.wav,20000,20000,,cha cha
ad7890cbd7e310296123045708ce0e9613bff8c2__40000ms,ad7890cbd7e310296123045708ce0e9613bff8c2,CHA CHA ENRIQUE IGLESIAS   I LIKE HOW IT FEELS FEAT PITBULL u0026 THE WAV,D:\projekty\Hudba\music-editor\src\data\segments\cha cha\ad7890cbd7e310296123045708ce0e9613bff8c2__s40000ms.wav,40000,20000,,cha cha
ad7890cbd7e310296123045708ce0e9613bff8c2__60000ms,ad7890cbd7e310296123045708ce0e9613bff8c2,CHA CHA ENRIQUE IGLESIAS   I LIKE HOW IT FEELS FEAT PITBULL u0026 THE WAV,D:\projekty\Hudba\music-editor\src\data\segments\cha cha\ad7890cbd7e310296123045708ce0e9613bff8c2__s60000ms.wav,60000,20000,,cha cha
ad7890cbd7e310296123045708ce0e9613bff8c2__80000ms,ad7890cbd7e310296123045708ce0e9613bff8c2,CHA CHA ENRIQUE IGLESIAS   I LIKE HOW IT FEELS FEAT PITBULL u0026 THE WAV,D:\projekty\Hudba\music-editor\src\data\segments\cha cha\ad7890cbd7e310296123045708ce0e9613bff8c2__s80000ms.wav,80000,20000,,cha cha
ad7890cbd7e310296123045708ce0e9613bff8c2__100000ms,ad7890cbd7e310296123045708ce0e9613bff8c2,CHA CHA ENRIQUE IGLESIAS   I LIKE HOW IT FEELS FEAT PITBULL u0026 THE WAV,D:\projekty\Hudba\music-editor\src\data\segments\cha cha\ad7890cbd7e310296123045708ce0e9613bff8c2__s100000ms.wav,100000,20000,,cha cha
ad7890cbd7e310296123045708ce0e9613bff8c2__120000ms,ad7890cbd7e310296123045708ce0e9613bff8c2,CHA CHA ENRIQUE IGLESIAS   I LIKE HOW IT FEELS FEAT PITBULL u0026 THE WAV,D:\projekty\Hudba\music-editor\src\data\segments\cha cha\ad7890cbd7e310296123045708ce0e9613bff8c2__s120000ms.wav,120000,20000,,cha cha
ad7890cbd7e310296123045708ce0e9613bff8c2__140000ms,ad7890cbd7e310296123045708ce0e9613bff8c2,CHA CHA ENRIQUE IGLESIAS   I LIKE HOW IT FEELS FEAT PITBULL u0026 THE WAV,D:\projekty\Hudba\music-editor\src\data\segments\cha cha\ad7890cbd7e310296123045708ce0e9613bff8c2__s140000ms.wav,140000,20000,,cha cha
ad7890cbd7e310296123045708ce0e9613bff8c2__160000ms,ad7890cbd7e310296123045708ce0e9613bff8c2,CHA CHA ENRIQUE IGLESIAS   I LIKE HOW IT FEELS FEAT PITBULL u0026 THE WAV,D:\projekty\Hudba\music-editor\src\data\segments\cha cha\ad7890cbd7e310296123045708ce0e9613bff8c2__s160000ms.wav,160000,20000,,cha cha
ad7890cbd7e310296123045708ce0e9613bff8c2__180000ms,ad7890cbd7e310296123045708ce0e9613bff8c2,CHA CHA ENRIQUE IGLESIAS   I LIKE HOW IT FEELS FEAT PITBULL u0026 THE WAV,D:\projekty\Hudba\music-editor\src\data\segments\cha cha\ad7890cbd7e310296123045708ce0e9613bff8c2__s180000ms.wav,180000,20000,,cha cha
ad7890cbd7e310296123045708ce0e9613bff8c2__200000ms,ad7890cbd7e310296123045708ce0e9613bff8c2,CHA CHA ENRIQUE IGLESIAS   I LIKE HOW IT FEELS FEAT PITBULL u0026 THE WAV,D:\projekty\Hudba\music-editor\src\data\segments\cha cha\ad7890cbd7e310296123045708ce0e9613bff8c2__s200000ms.wav,200000,20000,,cha cha
070ddc137b461ca611637b9e695059c578ad30b6__0ms,070ddc137b461ca611637b9e695059c578ad30b6,CHA CHA Figlia di  Loredana Mix (feat Mary Merolla) (Cha cha cha,D:\projekty\Hudba\music-editor\src\data\segments\cha cha\070ddc137b461ca611637b9e695059c578ad30b6__s0ms.wav,0,20000,,cha cha
070ddc137b461ca611637b9e695059c578ad30b6__20000ms,070ddc137b461ca611637b9e695059c578ad30b6,CHA CHA Figlia di  Loredana Mix (feat Mary Merolla) (Cha cha cha,D:\projekty\Hudba\music-editor\src\data\segments\cha cha\070ddc137b461ca611637b9e695059c578ad30b6__s20000ms.wav,20000,20000,,cha cha
070ddc137b461ca611637b9e695059c578ad30b6__40000ms,070ddc137b461ca611637b9e695059c578ad30b6,CHA CHA Figlia di  Loredana Mix (feat Mary Merolla) (Cha cha cha,D:\projekty\Hudba\music-editor\src\data\segments\cha cha\070ddc137b461ca611637b9e695059c578ad30b6__s40000ms.wav,40000,20000,,cha cha
070ddc137b461ca611637b9e695059c578ad30b6__60000ms,070ddc137b461ca611637b9e695059c578ad30b6,CHA CHA Figlia di  Loredana Mix (feat Mary Merolla) (Cha cha cha,D:\projekty\Hudba\music-editor\src\data\segments\cha cha\070ddc137b461ca611637b9e695059c578ad30b6__s60000ms.wav,60000,20000,,cha cha
070ddc137b461ca611637b9e695059c578ad30b6__80000ms,070ddc137b461ca611637b9e695059c578ad30b6,CHA CHA Figlia di  Loredana Mix (feat Mary Merolla) (Cha cha cha,D:\projekty\Hudba\music-editor\src\data\segments\cha cha\070ddc137b461ca611637b9e695059c578ad30b6__s80000ms.wav,80000,20000,,cha cha
070ddc137b461ca611637b9e695059c578ad30b6__100000ms,070ddc137b461ca611637b9e695059c578ad30b6,CHA CHA Figlia di  Loredana Mix (feat Mary Merolla) (Cha cha cha,D:\projekty\Hudba\music-editor\src\data\segments\cha cha\070ddc137b461ca611637b9e695059c578ad30b6__s100000ms.wav,100000,20000,,cha cha
070ddc137b461ca611637b9e695059c578ad30b6__120000ms,070ddc137b461ca611637b9e695059c578ad30b6,CHA CHA Figlia di  Loredana Mix (feat Mary Merolla) (Cha cha cha,D:\projekty\Hudba\music-editor\src\data\segments\cha cha\070ddc137b461ca611637b9e695059c578ad30b6__s120000ms.wav,120000,20000,,cha cha
070ddc137b461ca611637b9e695059c578ad30b6__140000ms,070ddc137b461ca611637b9e695059c578ad30b6,CHA CHA Figlia di  Loredana Mix (feat Mary Merolla) (Cha cha cha,D:\projekty\Hudba\music-editor\src\data\segments\cha cha\070ddc137b461ca611637b9e695059c578ad30b6__s140000ms.wav,140000,20000,,cha cha
070ddc137b461ca611637b9e695059c578ad30b6__160000ms,070ddc137b461ca611637b9e695059c578ad30b6,CHA CHA Figlia di  Loredana Mix (feat Mary Merolla) (Cha cha cha,D:\projekty\Hudba\music-editor\src\data\segments\cha cha\070ddc137b461ca611637b9e695059c578ad30b6__s160000ms.wav,160000,20000,,cha cha
070ddc137b461ca611637b9e695059c578ad30b6__180000ms,070ddc137b461ca611637b9e695059c578ad30b6,CHA CHA Figlia di  Loredana Mix (feat Mary Merolla) (Cha cha cha,D:\projekty\Hudba\music-editor\src\data\segments\cha cha\070ddc137b461ca611637b9e695059c578ad30b6__s180000ms.wav,180000,20000,,cha cha
070ddc137b461ca611637b9e695059c578ad30b6__200000ms,070ddc137b461ca611637b9e695059c578ad30b6,CHA CHA Figlia di  Loredana Mix (feat Mary Merolla) (Cha cha cha,D:\projekty\Hudba\music-editor\src\data\segments\cha cha\070ddc137b461ca611637b9e695059c578ad30b6__s200000ms.wav,200000,13081,,cha cha
dfb518e92d5f14b3f1979a99a50f93e443f25da8__0ms,dfb518e92d5f14b3f1979a99a50f93e443f25da8,CHA CHA Gentleman,D:\projekty\Hudba\music-editor\src\data\segments\cha cha\dfb518e92d5f14b3f1979a99a50f93e443f25da8__s0ms.wav,0,20000,,cha cha
dfb518e92d5f14b3f1979a99a50f93e443f25da8__20000ms,dfb518e92d5f14b3f1979a99a50f93e443f25da8,CHA CHA Gentleman,D:\projekty\Hudba\music-editor\src\data\segments\cha cha\dfb518e92d5f14b3f1979a99a50f93e443f25da8__s20000ms.wav,20000,20000,,cha cha
dfb518e92d5f14b3f1979a99a50f93e443f25da8__40000ms,dfb518e92d5f14b3f1979a99a50f93e443f25da8,CHA CHA Gentleman,D:\projekty\Hudba\music-editor\src\data\segments\cha cha\dfb518e92d5f14b3f1979a99a50f93e443f25da8__s40000ms.wav,40000,20000,,cha cha
dfb518e92d5f14b3f1979a99a50f93e443f25da8__60000ms,dfb518e92d5f14b3f1979a99a50f93e443f25da8,CHA CHA Gentleman,D:\projekty\Hudba\music-editor\src\data\segments\cha cha\dfb518e92d5f14b3f1979a99a50f93e443f25da8__s60000ms.wav,60000,20000,,cha cha
dfb518e92d5f14b3f1979a99a50f93e443f25da8__80000ms,dfb518e92d5f14b3f1979a99a50f93e443f25da8,CHA CHA Gentleman,D:\projekty\Hudba\music-editor\src\data\segments\cha cha\dfb518e92d5f14b3f1979a99a50f93e443f25da8__s80000ms.wav,80000,20000,,cha cha
dfb518e92d5f14b3f1979a99a50f93e443f25da8__100000ms,dfb518e92d5f14b3f1979a99a50f93e443f25da8,CHA CHA Gentleman,D:\projekty\Hudba\music-editor\src\data\segments\cha cha\dfb518e92d5f14b3f1979a99a50f93e443f25da8__s100000ms.wav,100000,20000,,cha cha
dfb518e92d5f14b3f1979a99a50f93e443f25da8__120000ms,dfb518e92d5f14b3f1979a99a50f93e443f25da8,CHA CHA Gentleman,D:\projekty\Hudba\music-editor\src\data\segments\cha cha\dfb518e92d5f14b3f1979a99a50f93e443f25da8__s120000ms.wav,120000,20000,,cha cha
dfb518e92d5f14b3f1979a99a50f93e443f25da8__140000ms,dfb518e92d5f14b3f1979a99a50f93e443f25da8,CHA CHA Gentleman,D:\projekty\Hudba\music-editor\src\data\segments\cha cha\dfb518e92d5f14b3f1979a99a50f93e443f25da8__s140000ms.wav,140000,20000,,cha cha
dfb518e92d5f14b3f1979a99a50f93e443f25da8__160000ms,dfb518e92d5f14b3f1979a99a50f93e443f25da8,CHA CHA Gentleman,D:\projekty\Hudba\music-editor\src\data\segments\cha cha\dfb518e92d5f14b3f1979a99a50f93e443f25da8__s160000ms.wav,160000,16875,,cha cha
5127ace42b49a1b1dcaf141883d534a4899fcbaf__0ms,5127ace42b49a1b1dcaf141883d534a4899fcbaf,Cha cha George Ezra   Paradise (Bakermat Remix) (Audio),D:\projekty\Hudba\music-editor\src\data\segments\cha cha\5127ace42b49a1b1dcaf141883d534a4899fcbaf__s0ms.wav,0,20000,,cha cha
5127ace42b49a1b1dcaf141883d534a4899fcbaf__20000ms,5127ace42b49a1b1dcaf141883d534a4899fcbaf,Cha cha George Ezra   Paradise (Bakermat Remix) (Audio),D:\projekty\Hudba\music-editor\src\data\segments\cha cha\5127ace42b49a1b1dcaf141883d534a4899fcbaf__s20000ms.wav,20000,20000,,cha cha
5127ace42b49a1b1dcaf141883d534a4899fcbaf__40000ms,5127ace42b49a1b1dcaf141883d534a4899fcbaf,Cha cha George Ezra   Paradise (Bakermat Remix) (Audio),D:\projekty\Hudba\music-editor\src\data\segments\cha cha\5127ace42b49a1b1dcaf141883d534a4899fcbaf__s40000ms.wav,40000,20000,,cha cha
5127ace42b49a1b1dcaf141883d534a4899fcbaf__60000ms,5127ace42b49a1b1dcaf141883d534a4899fcbaf,Cha cha George Ezra   Paradise (Bakermat Remix) (Audio),D:\projekty\Hudba\music-editor\src\data\segments\cha cha\5127ace42b49a1b1dcaf141883d534a4899fcbaf__s60000ms.wav,60000,20000,,cha cha
5127ace42b49a1b1dcaf141883d534a4899fcbaf__80000ms,5127ace42b49a1b1dcaf141883d534a4899fcbaf,Cha cha George Ezra   Paradise (Bakermat Remix) (Audio),D:\projekty\Hudba\music-editor\src\data\segments\cha cha\5127ace42b49a1b1dcaf141883d534a4899fcbaf__s80000ms.wav,80000,20000,,cha cha
5127ace42b49a1b1dcaf141883d534a4899fcbaf__100000ms,5127ace42b49a1b1dcaf141883d534a4899fcbaf,Cha cha George Ezra   Paradise (Bakermat Remix) (Audio),D:\projekty\Hudba\music-editor\src\data\segments\cha cha\5127ace42b49a1b1dcaf141883d534a4899fcbaf__s100000ms.wav,100000,20000,,cha cha
5127ace42b49a1b1dcaf141883d534a4899fcbaf__120000ms,5127ace42b49a1b1dcaf141883d534a4899fcbaf,Cha cha George Ezra   Paradise (Bakermat Remix) (Audio),D:\projekty\Hudba\music-editor\src\data\segments\cha cha\5127ace42b49a1b1dcaf141883d534a4899fcbaf__s120000ms.wav,120000,20000,,cha cha
5127ace42b49a1b1dcaf141883d534a4899fcbaf__140000ms,5127ace42b49a1b1dcaf141883d534a4899fcbaf,Cha cha George Ezra   Paradise (Bakermat Remix) (Audio),D:\projekty\Hudba\music-editor\src\data\segments\cha cha\5127ace42b49a1b1dcaf141883d534a4899fcbaf__s140000ms.wav,140000,20000,,cha cha
5127ace42b49a1b1dcaf141883d534a4899fcbaf__160000ms,5127ace42b49a1b1dcaf141883d534a4899fcbaf,Cha cha George Ezra   Paradise (Bakermat Remix) (Audio),D:\projekty\Hudba\music-editor\src\data\segments\cha cha\5127ace42b49a1b1dcaf141883d534a4899fcbaf__s160000ms.wav,160000,20000,,cha cha
5127ace42b49a1b1dcaf141883d534a4899fcbaf__180000ms,5127ace42b49a1b1dcaf141883d534a4899fcbaf,Cha cha George Ezra   Paradise (Bakermat Remix) (Audio),D:\projekty\Hudba\music-editor\src\data\segments\cha cha\5127ace42b49a1b1dcaf141883d534a4899fcbaf__s180000ms.wav,180000,20000,,cha cha
5127ace42b49a1b1dcaf141883d534a4899fcbaf__200000ms,5127ace42b49a1b1dcaf141883d534a4899fcbaf,Cha cha George Ezra   Paradise (Bakermat Remix) (Audio),D:\projekty\Hudba\music-editor\src\data\segments\cha cha\5127ace42b49a1b1dcaf141883d534a4899fcbaf__s200000ms.wav,200000,20000,,cha cha
5127ace42b49a1b1dcaf141883d534a4899fcbaf__220000ms,5127ace42b49a1b1dcaf141883d534a4899fcbaf,Cha cha George Ezra   Paradise (Bakermat Remix) (Audio),D:\projekty\Hudba\music-editor\src\data\segments\cha cha\5127ace42b49a1b1dcaf141883d534a4899fcbaf__s220000ms.wav,220000,20000,,cha cha
5127ace42b49a1b1dcaf141883d534a4899fcbaf__240000ms,5127ace42b49a1b1dcaf141883d534a4899fcbaf,Cha cha George Ezra   Paradise (Bakermat Remix) (Audio),D:\projekty\Hudba\music-editor\src\data\segments\cha cha\5127ace42b49a1b1dcaf141883d534a4899fcbaf__s240000ms.wav,240000,20000,,cha cha
5127ace42b49a1b1dcaf141883d534a4899fcbaf__260000ms,5127ace42b49a1b1dcaf141883d534a4899fcbaf,Cha cha George Ezra   Paradise (Bakermat Remix) (Audio),D:\projekty\Hudba\music-editor\src\data\segments\cha cha\5127ace42b49a1b1dcaf141883d534a4899fcbaf__s260000ms.wav,260000,20000,,cha cha
5127ace42b49a1b1dcaf141883d534a4899fcbaf__280000ms,5127ace42b49a1b1dcaf141883d534a4899fcbaf,Cha cha George Ezra   Paradise (Bakermat Remix) (Audio),D:\projekty\Hudba\music-editor\src\data\segments\cha cha\5127ace42b49a1b1dcaf141883d534a4899fcbaf__s280000ms.wav,280000,19259,,cha cha
987a6f16504333dc45f076500cd2047fecaa25d4__0ms,987a6f16504333dc45f076500cd2047fecaa25d4,Cha cha George Ezra   Shotgun upravená (Lyric Video),D:\projekty\Hudba\music-editor\src\data\segments\cha cha\987a6f16504333dc45f076500cd2047fecaa25d4__s0ms.wav,0,20000,,cha cha
987a6f16504333dc45f076500cd2047fecaa25d4__20000ms,987a6f16504333dc45f076500cd2047fecaa25d4,Cha cha George Ezra   Shotgun upravená (Lyric Video),D:\projekty\Hudba\music-editor\src\data\segments\cha cha\987a6f16504333dc45f076500cd2047fecaa25d4__s20000ms.wav,20000,20000,,cha cha
987a6f16504333dc45f076500cd2047fecaa25d4__40000ms,987a6f16504333dc45f076500cd2047fecaa25d4,Cha cha George Ezra   Shotgun upravená (Lyric Video),D:\projekty\Hudba\music-editor\src\data\segments\cha cha\987a6f16504333dc45f076500cd2047fecaa25d4__s40000ms.wav,40000,20000,,cha cha
987a6f16504333dc45f076500cd2047fecaa25d4__60000ms,987a6f16504333dc45f076500cd2047fecaa25d4,Cha cha George Ezra   Shotgun upravená (Lyric Video),D:\projekty\Hudba\music-editor\src\data\segments\cha cha\987a6f16504333dc45f076500cd2047fecaa25d4__s60000ms.wav,60000,20000,,cha cha
987a6f16504333dc45f076500cd2047fecaa25d4__80000ms,987a6f16504333dc45f076500cd2047fecaa25d4,Cha cha George Ezra   Shotgun upravená (Lyric Video),D:\projekty\Hudba\music-editor\src\data\segments\cha cha\987a6f16504333dc45f076500cd2047fecaa25d4__s80000ms.wav,80000,20000,,cha cha
987a6f16504333dc45f076500cd2047fecaa25d4__100000ms,987a6f16504333dc45f076500cd2047fecaa25d4,Cha cha George Ezra   Shotgun upravená (Lyric Video),D:\projekty\Hudba\music-editor\src\data\segments\cha cha\987a6f16504333dc45f076500cd2047fecaa25d4__s100000ms.wav,100000,20000,,cha cha
987a6f16504333dc45f076500cd2047fecaa25d4__120000ms,987a6f16504333dc45f076500cd2047fecaa25d4,Cha cha George Ezra   Shotgun upravená (Lyric Video),D:\projekty\Hudba\music-editor\src\data\segments\cha cha\987a6f16504333dc45f076500cd2047fecaa25d4__s120000ms.wav,120000,20000,,cha cha
987a6f16504333dc45f076500cd2047fecaa25d4__140000ms,987a6f16504333dc45f076500cd2047fecaa25d4,Cha cha George Ezra   Shotgun upravená (Lyric Video),D:\projekty\Hudba\music-editor\src\data\segments\cha cha\987a6f16504333dc45f076500cd2047fecaa25d4__s140000ms.wav,140000,20000,,cha cha
987a6f16504333dc45f076500cd2047fecaa25d4__160000ms,987a6f16504333dc45f076500cd2047fecaa25d4,Cha cha George Ezra   Shotgun upravená (Lyric Video),D:\projekty\Hudba\music-editor\src\data\segments\cha cha\987a6f16504333dc45f076500cd2047fecaa25d4__s160000ms.wav,160000,15308,,cha cha
72ed15b90f413b1858debc21b212d7356ffce9c5__0ms,72ed15b90f413b1858debc21b212d7356ffce9c5,CHA CHA Gimme! Gimme! Gimme! (Cha Cha,D:\projekty\Hudba\music-editor\src\data\segments\cha cha\72ed15b90f413b1858debc21b212d7356ffce9c5__s0ms.wav,0,20000,,cha cha
72ed15b90f413b1858debc21b212d7356ffce9c5__20000ms,72ed15b90f413b1858debc21b212d7356ffce9c5,CHA CHA Gimme! Gimme! Gimme! (Cha Cha,D:\projekty\Hudba\music-editor\src\data\segments\cha cha\72ed15b90f413b1858debc21b212d7356ffce9c5__s20000ms.wav,20000,20000,,cha cha
72ed15b90f413b1858debc21b212d7356ffce9c5__40000ms,72ed15b90f413b1858debc21b212d7356ffce9c5,CHA CHA Gimme! Gimme! Gimme! (Cha Cha,D:\projekty\Hudba\music-editor\src\data\segments\cha cha\72ed15b90f413b1858debc21b212d7356ffce9c5__s40000ms.wav,40000,20000,,cha cha
72ed15b90f413b1858debc21b212d7356ffce9c5__60000ms,72ed15b90f413b1858debc21b212d7356ffce9c5,CHA CHA Gimme! Gimme! Gimme! (Cha Cha,D:\projekty\Hudba\music-editor\src\data\segments\cha cha\72ed15b90f413b1858debc21b212d7356ffce9c5__s60000ms.wav,60000,20000,,cha cha
72ed15b90f413b1858debc21b212d7356ffce9c5__80000ms,72ed15b90f413b1858debc21b212d7356ffce9c5,CHA CHA Gimme! Gimme! Gimme! (Cha Cha,D:\projekty\Hudba\music-editor\src\data\segments\cha cha\72ed15b90f413b1858debc21b212d7356ffce9c5__s80000ms.wav,80000,20000,,cha cha
72ed15b90f413b1858debc21b212d7356ffce9c5__100000ms,72ed15b90f413b1858debc21b212d7356ffce9c5,CHA CHA Gimme! Gimme! Gimme! (Cha Cha,D:\projekty\Hudba\music-editor\src\data\segments\cha cha\72ed15b90f413b1858debc21b212d7356ffce9c5__s100000ms.wav,100000,20000,,cha cha
72ed15b90f413b1858debc21b212d7356ffce9c5__120000ms,72ed15b90f413b1858debc21b212d7356ffce9c5,CHA CHA Gimme! Gimme! Gimme! (Cha Cha,D:\projekty\Hudba\music-editor\src\data\segments\cha cha\72ed15b90f413b1858debc21b212d7356ffce9c5__s120000ms.wav,120000,20000,,cha cha
72ed15b90f413b1858debc21b212d7356ffce9c5__140000ms,72ed15b90f413b1858debc21b212d7356ffce9c5,CHA CHA Gimme! Gimme! Gimme! (Cha Cha,D:\projekty\Hudba\music-editor\src\data\segments\cha cha\72ed15b90f413b1858debc21b212d7356ffce9c5__s140000ms.wav,140000,20000,,cha cha
72ed15b90f413b1858debc21b212d7356ffce9c5__160000ms,72ed15b90f413b1858debc21b212d7356ffce9c5,CHA CHA Gimme! Gimme! Gimme! (Cha Cha,D:\projekty\Hudba\music-editor\src\data\segments\cha cha\72ed15b90f413b1858debc21b212d7356ffce9c5__s160000ms.wav,160000,20000,,cha cha
72ed15b90f413b1858debc21b212d7356ffce9c5__180000ms,72ed15b90f413b1858debc21b212d7356ffce9c5,CHA CHA Gimme! Gimme! Gimme! (Cha Cha,D:\projekty\Hudba\music-editor\src\data\segments\cha cha\72ed15b90f413b1858debc21b212d7356ffce9c5__s180000ms.wav,180000,20000,,cha cha
72ed15b90f413b1858debc21b212d7356ffce9c5__200000ms,72ed15b90f413b1858debc21b212d7356ffce9c5,CHA CHA Gimme! Gimme! Gimme! (Cha Cha,D:\projekty\Hudba\music-editor\src\data\segments\cha cha\72ed15b90f413b1858debc21b212d7356ffce9c5__s200000ms.wav,200000,20000,,cha cha
72ed15b90f413b1858debc21b212d7356ffce9c5__220000ms,72ed15b90f413b1858debc21b212d7356ffce9c5,CHA CHA Gimme! Gimme! Gimme! (Cha Cha,D:\projekty\Hudba\music-editor\src\data\segments\cha cha\72ed15b90f413b1858debc21b212d7356ffce9c5__s220000ms.wav,220000,20000,,cha cha
72ed15b90f413b1858debc21b212d7356ffce9c5__240000ms,72ed15b90f413b1858debc21b212d7356ffce9c5,CHA CHA Gimme! Gimme! Gimme! (Cha Cha,D:\projekty\Hudba\music-editor\src\data\segments\cha cha\72ed15b90f413b1858debc21b212d7356ffce9c5__s240000ms.wav,240000,20000,,cha cha
72ed15b90f413b1858debc21b212d7356ffce9c5__260000ms,72ed15b90f413b1858debc21b212d7356ffce9c5,CHA CHA Gimme! Gimme! Gimme! (Cha Cha,D:\projekty\Hudba\music-editor\src\data\segments\cha cha\72ed15b90f413b1858debc21b212d7356ffce9c5__s260000ms.wav,260000,20000,,cha cha
72ed15b90f413b1858debc21b212d7356ffce9c5__280000ms,72ed15b90f413b1858debc21b212d7356ffce9c5,CHA CHA Gimme! Gimme! Gimme! (Cha Cha,D:\projekty\Hudba\music-editor\src\data\segments\cha cha\72ed15b90f413b1858debc21b212d7356ffce9c5__s280000ms.wav,280000,19807,,cha cha
ca66f4b5db3944a289022e40c10c13444c12ad06__0ms,ca66f4b5db3944a289022e40c10c13444c12ad06,CHA CHA Goodboys   Bongo Cha Cha Cha [Official Video,D:\projekty\Hudba\music-editor\src\data\segments\cha cha\ca66f4b5db3944a289022e40c10c13444c12ad06__s0ms.wav,0,20000,,cha cha
ca66f4b5db3944a289022e40c10c13444c12ad06__20000ms,ca66f4b5db3944a289022e40c10c13444c12ad06,CHA CHA Goodboys   Bongo Cha Cha Cha [Official Video,D:\projekty\Hudba\music-editor\src\data\segments\cha cha\ca66f4b5db3944a289022e40c10c13444c12ad06__s20000ms.wav,20000,20000,,cha cha
ca66f4b5db3944a289022e40c10c13444c12ad06__40000ms,ca66f4b5db3944a289022e40c10c13444c12ad06,CHA CHA Goodboys   Bongo Cha Cha Cha [Official Video,D:\projekty\Hudba\music-editor\src\data\segments\cha cha\ca66f4b5db3944a289022e40c10c13444c12ad06__s40000ms.wav,40000,20000,,cha cha
ca66f4b5db3944a289022e40c10c13444c12ad06__60000ms,ca66f4b5db3944a289022e40c10c13444c12ad06,CHA CHA Goodboys   Bongo Cha Cha Cha [Official Video,D:\projekty\Hudba\music-editor\src\data\segments\cha cha\ca66f4b5db3944a289022e40c10c13444c12ad06__s60000ms.wav,60000,20000,,cha cha
ca66f4b5db3944a289022e40c10c13444c12ad06__80000ms,ca66f4b5db3944a289022e40c10c13444c12ad06,CHA CHA Goodboys   Bongo Cha Cha Cha [Official Video,D:\projekty\Hudba\music-editor\src\data\segments\cha cha\ca66f4b5db3944a289022e40c10c13444c12ad06__s80000ms.wav,80000,20000,,cha cha
ca66f4b5db3944a289022e40c10c13444c12ad06__100000ms,ca66f4b5db3944a289022e40c10c13444c12ad06,CHA CHA Goodboys   Bongo Cha Cha Cha [Official Video,D:\projekty\Hudba\music-editor\src\data\segments\cha cha\ca66f4b5db3944a289022e40c10c13444c12ad06__s100000ms.wav,100000,11647,,cha cha
5947bd5eaee5e9ee737aa4b98dab410169402558__0ms,5947bd5eaee5e9ee737aa4b98dab410169402558,CHA CHA Hasta La Vida Toca Toca (Chacha,D:\projekty\Hudba\music-editor\src\data\segments\cha cha\5947bd5eaee5e9ee737aa4b98dab410169402558__s0ms.wav,0,20000,,cha cha
5947bd5eaee5e9ee737aa4b98dab410169402558__20000ms,5947bd5eaee5e9ee737aa4b98dab410169402558,CHA CHA Hasta La Vida Toca Toca (Chacha,D:\projekty\Hudba\music-editor\src\data\segments\cha cha\5947bd5eaee5e9ee737aa4b98dab410169402558__s20000ms.wav,20000,20000,,cha cha
5947bd5eaee5e9ee737aa4b98dab410169402558__40000ms,5947bd5eaee5e9ee737aa4b98dab410169402558,CHA CHA Hasta La Vida Toca Toca (Chacha,D:\projekty\Hudba\music-editor\src\data\segments\cha cha\5947bd5eaee5e9ee737aa4b98dab410169402558__s40000ms.wav,40000,20000,,cha cha
5947bd5eaee5e9ee737aa4b98dab410169402558__60000ms,5947bd5eaee5e9ee737aa4b98dab410169402558,CHA CHA Hasta La Vida Toca Toca (Chacha,D:\projekty\Hudba\music-editor\src\data\segments\cha cha\5947bd5eaee5e9ee737aa4b98dab410169402558__s60000ms.wav,60000,20000,,cha cha
5947bd5eaee5e9ee737aa4b98dab410169402558__80000ms,5947bd5eaee5e9ee737aa4b98dab410169402558,CHA CHA Hasta La Vida Toca Toca (Chacha,D:\projekty\Hudba\music-editor\src\data\segments\cha cha\5947bd5eaee5e9ee737aa4b98dab410169402558__s80000ms.wav,80000,20000,,cha cha
5947bd5eaee5e9ee737aa4b98dab410169402558__100000ms,5947bd5eaee5e9ee737aa4b98dab410169402558,CHA CHA Hasta La Vida Toca Toca (Chacha,D:\projekty\Hudba\music-editor\src\data\segments\cha cha\5947bd5eaee5e9ee737aa4b98dab410169402558__s100000ms.wav,100000,20000,,cha cha
5947bd5eaee5e9ee737aa4b98dab410169402558__120000ms,5947bd5eaee5e9ee737aa4b98dab410169402558,CHA CHA Hasta La Vida Toca Toca (Chacha,D:\projekty\Hudba\music-editor\src\data\segments\cha cha\5947bd5eaee5e9ee737aa4b98dab410169402558__s120000ms.wav,120000,20000,,cha cha
5947bd5eaee5e9ee737aa4b98dab410169402558__140000ms,5947bd5eaee5e9ee737aa4b98dab410169402558,CHA CHA Hasta La Vida Toca Toca (Chacha,D:\projekty\Hudba\music-editor\src\data\segments\cha cha\5947bd5eaee5e9ee737aa4b98dab410169402558__s140000ms.wav,140000,20000,,cha cha
5947bd5eaee5e9ee737aa4b98dab410169402558__160000ms,5947bd5eaee5e9ee737aa4b98dab410169402558,CHA CHA Hasta La Vida Toca Toca (Chacha,D:\projekty\Hudba\music-editor\src\data\segments\cha cha\5947bd5eaee5e9ee737aa4b98dab410169402558__s160000ms.wav,160000,9456,,cha cha
0e6b48602aa3dc53b38d6235dc386d04b47b24b6__0ms,0e6b48602aa3dc53b38d6235dc386d04b47b24b6,CHA CHA Heo heo hes Kora so,D:\projekty\Hudba\music-editor\src\data\segments\cha cha\0e6b48602aa3dc53b38d6235dc386d04b47b24b6__s0ms.wav,0,20000,,cha cha
0e6b48602aa3dc53b38d6235dc386d04b47b24b6__20000ms,0e6b48602aa3dc53b38d6235dc386d04b47b24b6,CHA CHA Heo heo hes Kora so,D:\projekty\Hudba\music-editor\src\data\segments\cha cha\0e6b48602aa3dc53b38d6235dc386d04b47b24b6__s20000ms.wav,20000,20000,,cha cha
0e6b48602aa3dc53b38d6235dc386d04b47b24b6__40000ms,0e6b48602aa3dc53b38d6235dc386d04b47b24b6,CHA CHA Heo heo hes Kora so,D:\projekty\Hudba\music-editor\src\data\segments\cha cha\0e6b48602aa3dc53b38d6235dc386d04b47b24b6__s40000ms.wav,40000,20000,,cha cha
0e6b48602aa3dc53b38d6235dc386d04b47b24b6__60000ms,0e6b48602aa3dc53b38d6235dc386d04b47b24b6,CHA CHA Heo heo hes Kora so,D:\projekty\Hudba\music-editor\src\data\segments\cha cha\0e6b48602aa3dc53b38d6235dc386d04b47b24b6__s60000ms.wav,60000,20000,,cha cha
0e6b48602aa3dc53b38d6235dc386d04b47b24b6__80000ms,0e6b48602aa3dc53b38d6235dc386d04b47b24b6,CHA CHA Heo heo hes Kora so,D:\projekty\Hudba\music-editor\src\data\segments\cha cha\0e6b48602aa3dc53b38d6235dc386d04b47b24b6__s80000ms.wav,80000,20000,,cha cha
0e6b48602aa3dc53b38d6235dc386d04b47b24b6__100000ms,0e6b48602aa3dc53b38d6235dc386d04b47b24b6,CHA CHA Heo heo hes Kora so,D:\projekty\Hudba\music-editor\src\data\segments\cha cha\0e6b48602aa3dc53b38d6235dc386d04b47b24b6__s100000ms.wav,100000,20000,,cha cha
0e6b48602aa3dc53b38d6235dc386d04b47b24b6__120000ms,0e6b48602aa3dc53b38d6235dc386d04b47b24b6,CHA CHA Heo heo hes Kora so,D:\projekty\Hudba\music-editor\src\data\segments\cha cha\0e6b48602aa3dc53b38d6235dc386d04b47b24b6__s120000ms.wav,120000,20000,,cha cha
0e6b48602aa3dc53b38d6235dc386d04b47b24b6__140000ms,0e6b48602aa3dc53b38d6235dc386d04b47b24b6,CHA CHA Heo heo hes Kora so,D:\projekty\Hudba\music-editor\src\data\segments\cha cha\0e6b48602aa3dc53b38d6235dc386d04b47b24b6__s140000ms.wav,140000,20000,,cha cha
0e6b48602aa3dc53b38d6235dc386d04b47b24b6__160000ms,0e6b48602aa3dc53b38d6235dc386d04b47b24b6,CHA CHA Heo heo hes Kora so,D:\projekty\Hudba\music-editor\src\data\segments\cha cha\0e6b48602aa3dc53b38d6235dc386d04b47b24b6__s160000ms.wav,160000,20000,,cha cha
0e6b48602aa3dc53b38d6235dc386d04b47b24b6__180000ms,0e6b48602aa3dc53b38d6235dc386d04b47b24b6,CHA CHA Heo heo hes Kora so,D:\projekty\Hudba\music-editor\src\data\segments\cha cha\0e6b48602aa3dc53b38d6235dc386d04b47b24b6__s180000ms.wav,180000,20000,,cha cha
0e6b48602aa3dc53b38d6235dc386d04b47b24b6__200000ms,0e6b48602aa3dc53b38d6235dc386d04b47b24b6,CHA CHA Heo heo hes Kora so,D:\projekty\Hudba\music-editor\src\data\segments\cha cha\0e6b48602aa3dc53b38d6235dc386d04b47b24b6__s200000ms.wav,200000,13264,,cha cha
9979b891b25ddcabf43441a73b996f1901034184__0ms,9979b891b25ddcabf43441a73b996f1901034184,CHA CHA Hey Mr Christmas (Cha Cha   30 TM,D:\projekty\Hudba\music-editor\src\data\segments\cha cha\9979b891b25ddcabf43441a73b996f1901034184__s0ms.wav,0,20000,,cha cha
9979b891b25ddcabf43441a73b996f1901034184__20000ms,9979b891b25ddcabf43441a73b996f1901034184,CHA CHA Hey Mr Christmas (Cha Cha   30 TM,D:\projekty\Hudba\music-editor\src\data\segments\cha cha\9979b891b25ddcabf43441a73b996f1901034184__s20000ms.wav,20000,20000,,cha cha
9979b891b25ddcabf43441a73b996f1901034184__40000ms,9979b891b25ddcabf43441a73b996f1901034184,CHA CHA Hey Mr Christmas (Cha Cha   30 TM,D:\projekty\Hudba\music-editor\src\data\segments\cha cha\9979b891b25ddcabf43441a73b996f1901034184__s40000ms.wav,40000,20000,,cha cha
9979b891b25ddcabf43441a73b996f1901034184__60000ms,9979b891b25ddcabf43441a73b996f1901034184,CHA CHA Hey Mr Christmas (Cha Cha   30 TM,D:\projekty\Hudba\music-editor\src\data\segments\cha cha\9979b891b25ddcabf43441a73b996f1901034184__s60000ms.wav,60000,20000,,cha cha
9979b891b25ddcabf43441a73b996f1901034184__80000ms,9979b891b25ddcabf43441a73b996f1901034184,CHA CHA Hey Mr Christmas (Cha Cha   30 TM,D:\projekty\Hudba\music-editor\src\data\segments\cha cha\9979b891b25ddcabf43441a73b996f1901034184__s80000ms.wav,80000,20000,,cha cha
9979b891b25ddcabf43441a73b996f1901034184__100000ms,9979b891b25ddcabf43441a73b996f1901034184,CHA CHA Hey Mr Christmas (Cha Cha   30 TM,D:\projekty\Hudba\music-editor\src\data\segments\cha cha\9979b891b25ddcabf43441a73b996f1901034184__s100000ms.wav,100000,20000,,cha cha
9979b891b25ddcabf43441a73b996f1901034184__120000ms,9979b891b25ddcabf43441a73b996f1901034184,CHA CHA Hey Mr Christmas (Cha Cha   30 TM,D:\projekty\Hudba\music-editor\src\data\segments\cha cha\9979b891b25ddcabf43441a73b996f1901034184__s120000ms.wav,120000,20000,,cha cha
9979b891b25ddcabf43441a73b996f1901034184__140000ms,9979b891b25ddcabf43441a73b996f1901034184,CHA CHA Hey Mr Christmas (Cha Cha   30 TM,D:\projekty\Hudba\music-editor\src\data\segments\cha cha\9979b891b25ddcabf43441a73b996f1901034184__s140000ms.wav,140000,20000,,cha cha
9979b891b25ddcabf43441a73b996f1901034184__160000ms,9979b891b25ddcabf43441a73b996f1901034184,CHA CHA Hey Mr Christmas (Cha Cha   30 TM,D:\projekty\Hudba\music-editor\src\data\segments\cha cha\9979b891b25ddcabf43441a73b996f1901034184__s160000ms.wav,160000,20000,,cha cha
9979b891b25ddcabf43441a73b996f1901034184__180000ms,9979b891b25ddcabf43441a73b996f1901034184,CHA CHA Hey Mr Christmas (Cha Cha   30 TM,D:\projekty\Hudba\music-editor\src\data\segments\cha cha\9979b891b25ddcabf43441a73b996f1901034184__s180000ms.wav,180000,20000,,cha cha
9979b891b25ddcabf43441a73b996f1901034184__200000ms,9979b891b25ddcabf43441a73b996f1901034184,CHA CHA Hey Mr Christmas (Cha Cha   30 TM,D:\projekty\Hudba\music-editor\src\data\segments\cha cha\9979b891b25ddcabf43441a73b996f1901034184__s200000ms.wav,200000,20000,,cha cha
9979b891b25ddcabf43441a73b996f1901034184__220000ms,9979b891b25ddcabf43441a73b996f1901034184,CHA CHA Hey Mr Christmas (Cha Cha   30 TM,D:\projekty\Hudba\music-editor\src\data\segments\cha cha\9979b891b25ddcabf43441a73b996f1901034184__s220000ms.wav,220000,14919,,cha cha
a7e1bde0ae3f01a95f96097e2cbd71f40eb2ef9b__0ms,a7e1bde0ae3f01a95f96097e2cbd71f40eb2ef9b,CHA CHA I Saw Mommy Kissing Santa Claus (Cha Cha  31BPM,D:\projekty\Hudba\music-editor\src\data\segments\cha cha\a7e1bde0ae3f01a95f96097e2cbd71f40eb2ef9b__s0ms.wav,0,20000,,cha cha
a7e1bde0ae3f01a95f96097e2cbd71f40eb2ef9b__20000ms,a7e1bde0ae3f01a95f96097e2cbd71f40eb2ef9b,CHA CHA I Saw Mommy Kissing Santa Claus (Cha Cha  31BPM,D:\projekty\Hudba\music-editor\src\data\segments\cha cha\a7e1bde0ae3f01a95f96097e2cbd71f40eb2ef9b__s20000ms.wav,20000,20000,,cha cha
a7e1bde0ae3f01a95f96097e2cbd71f40eb2ef9b__40000ms,a7e1bde0ae3f01a95f96097e2cbd71f40eb2ef9b,CHA CHA I Saw Mommy Kissing Santa Claus (Cha Cha  31BPM,D:\projekty\Hudba\music-editor\src\data\segments\cha cha\a7e1bde0ae3f01a95f96097e2cbd71f40eb2ef9b__s40000ms.wav,40000,20000,,cha cha
a7e1bde0ae3f01a95f96097e2cbd71f40eb2ef9b__60000ms,a7e1bde0ae3f01a95f96097e2cbd71f40eb2ef9b,CHA CHA I Saw Mommy Kissing Santa Claus (Cha Cha  31BPM,D:\projekty\Hudba\music-editor\src\data\segments\cha cha\a7e1bde0ae3f01a95f96097e2cbd71f40eb2ef9b__s60000ms.wav,60000,20000,,cha cha
a7e1bde0ae3f01a95f96097e2cbd71f40eb2ef9b__80000ms,a7e1bde0ae3f01a95f96097e2cbd71f40eb2ef9b,CHA CHA I Saw Mommy Kissing Santa Claus (Cha Cha  31BPM,D:\projekty\Hudba\music-editor\src\data\segments\cha cha\a7e1bde0ae3f01a95f96097e2cbd71f40eb2ef9b__s80000ms.wav,80000,20000,,cha cha
a7e1bde0ae3f01a95f96097e2cbd71f40eb2ef9b__100000ms,a7e1bde0ae3f01a95f96097e2cbd71f40eb2ef9b,CHA CHA I Saw Mommy Kissing Santa Claus (Cha Cha  31BPM,D:\projekty\Hudba\music-editor\src\data\segments\cha cha\a7e1bde0ae3f01a95f96097e2cbd71f40eb2ef9b__s100000ms.wav,100000,20000,,cha cha
a7e1bde0ae3f01a95f96097e2cbd71f40eb2ef9b__120000ms,a7e1bde0ae3f01a95f96097e2cbd71f40eb2ef9b,CHA CHA I Saw Mommy Kissing Santa Claus (Cha Cha  31BPM,D:\projekty\Hudba\music-editor\src\data\segments\cha cha\a7e1bde0ae3f01a95f96097e2cbd71f40eb2ef9b__s120000ms.wav,120000,11553,,cha cha
f3c2ad19919beee30cce713691f43db37b82197b__0ms,f3c2ad19919beee30cce713691f43db37b82197b,CHA CHA Imany–Do - upravená,D:\projekty\Hudba\music-editor\src\data\segments\cha cha\f3c2ad19919beee30cce713691f43db37b82197b__s0ms.wav,0,20000,,cha cha
f3c2ad19919beee30cce713691f43db37b82197b__20000ms,f3c2ad19919beee30cce713691f43db37b82197b,CHA CHA Imany–Do - upravená,D:\projekty\Hudba\music-editor\src\data\segments\cha cha\f3c2ad19919beee30cce713691f43db37b82197b__s20000ms.wav,20000,20000,,cha cha
f3c2ad19919beee30cce713691f43db37b82197b__40000ms,f3c2ad19919beee30cce713691f43db37b82197b,CHA CHA Imany–Do - upravená,D:\projekty\Hudba\music-editor\src\data\segments\cha cha\f3c2ad19919beee30cce713691f43db37b82197b__s40000ms.wav,40000,20000,,cha cha
f3c2ad19919beee30cce713691f43db37b82197b__60000ms,f3c2ad19919beee30cce713691f43db37b82197b,CHA CHA Imany–Do - upravená,D:\projekty\Hudba\music-editor\src\data\segments\cha cha\f3c2ad19919beee30cce713691f43db37b82197b__s60000ms.wav,60000,20000,,cha cha
f3c2ad19919beee30cce713691f43db37b82197b__80000ms,f3c2ad19919beee30cce713691f43db37b82197b,CHA CHA Imany–Do - upravená,D:\projekty\Hudba\music-editor\src\data\segments\cha cha\f3c2ad19919beee30cce713691f43db37b82197b__s80000ms.wav,80000,20000,,cha cha
f3c2ad19919beee30cce713691f43db37b82197b__100000ms,f3c2ad19919beee30cce713691f43db37b82197b,CHA CHA Imany–Do - upravená,D:\projekty\Hudba\music-editor\src\data\segments\cha cha\f3c2ad19919beee30cce713691f43db37b82197b__s100000ms.wav,100000,20000,,cha cha
f3c2ad19919beee30cce713691f43db37b82197b__120000ms,f3c2ad19919beee30cce713691f43db37b82197b,CHA CHA Imany–Do - upravená,D:\projekty\Hudba\music-editor\src\data\segments\cha cha\f3c2ad19919beee30cce713691f43db37b82197b__s120000ms.wav,120000,20000,,cha cha
f3c2ad19919beee30cce713691f43db37b82197b__140000ms,f3c2ad19919beee30cce713691f43db37b82197b,CHA CHA Imany–Do - upravená,D:\projekty\Hudba\music-editor\src\data\segments\cha cha\f3c2ad19919beee30cce713691f43db37b82197b__s140000ms.wav,140000,20000,,cha cha
f3c2ad19919beee30cce713691f43db37b82197b__160000ms,f3c2ad19919beee30cce713691f43db37b82197b,CHA CHA Imany–Do - upravená,D:\projekty\Hudba\music-editor\src\data\segments\cha cha\f3c2ad19919beee30cce713691f43db37b82197b__s160000ms.wav,160000,20000,,cha cha
c1bf3417499aaf1f26924d6ece667c394b6d9149__0ms,c1bf3417499aaf1f26924d6ece667c394b6d9149,CHA CHA Juanita La Cubana [Chachacha 31 bpm] - Idelavega & Moses Rodriguez,D:\projekty\Hudba\music-editor\src\data\segments\cha cha\c1bf3417499aaf1f26924d6ece667c394b6d9149__s0ms.wav,0,20000,,cha cha
c1bf3417499aaf1f26924d6ece667c394b6d9149__20000ms,c1bf3417499aaf1f26924d6ece667c394b6d9149,CHA CHA Juanita La Cubana [Chachacha 31 bpm] - Idelavega & Moses Rodriguez,D:\projekty\Hudba\music-editor\src\data\segments\cha cha\c1bf3417499aaf1f26924d6ece667c394b6d9149__s20000ms.wav,20000,20000,,cha cha
c1bf3417499aaf1f26924d6ece667c394b6d9149__40000ms,c1bf3417499aaf1f26924d6ece667c394b6d9149,CHA CHA Juanita La Cubana [Chachacha 31 bpm] - Idelavega & Moses Rodriguez,D:\projekty\Hudba\music-editor\src\data\segments\cha cha\c1bf3417499aaf1f26924d6ece667c394b6d9149__s40000ms.wav,40000,20000,,cha cha
c1bf3417499aaf1f26924d6ece667c394b6d9149__60000ms,c1bf3417499aaf1f26924d6ece667c394b6d9149,CHA CHA Juanita La Cubana [Chachacha 31 bpm] - Idelavega & Moses Rodriguez,D:\projekty\Hudba\music-editor\src\data\segments\cha cha\c1bf3417499aaf1f26924d6ece667c394b6d9149__s60000ms.wav,60000,20000,,cha cha
c1bf3417499aaf1f26924d6ece667c394b6d9149__80000ms,c1bf3417499aaf1f26924d6ece667c394b6d9149,CHA CHA Juanita La Cubana [Chachacha 31 bpm] - Idelavega & Moses Rodriguez,D:\projekty\Hudba\music-editor\src\data\segments\cha cha\c1bf3417499aaf1f26924d6ece667c394b6d9149__s80000ms.wav,80000,20000,,cha cha
c1bf3417499aaf1f26924d6ece667c394b6d9149__100000ms,c1bf3417499aaf1f26924d6ece667c394b6d9149,CHA CHA Juanita La Cubana [Chachacha 31 bpm] - Idelavega & Moses Rodriguez,D:\projekty\Hudba\music-editor\src\data\segments\cha cha\c1bf3417499aaf1f26924d6ece667c394b6d9149__s100000ms.wav,100000,20000,,cha cha
c1bf3417499aaf1f26924d6ece667c394b6d9149__120000ms,c1bf3417499aaf1f26924d6ece667c394b6d9149,CHA CHA Juanita La Cubana [Chachacha 31 bpm] - Idelavega & Moses Rodriguez,D:\projekty\Hudba\music-editor\src\data\segments\cha cha\c1bf3417499aaf1f26924d6ece667c394b6d9149__s120000ms.wav,120000,20000,,cha cha
c1bf3417499aaf1f26924d6ece667c394b6d9149__140000ms,c1bf3417499aaf1f26924d6ece667c394b6d9149,CHA CHA Juanita La Cubana [Chachacha 31 bpm] - Idelavega & Moses Rodriguez,D:\projekty\Hudba\music-editor\src\data\segments\cha cha\c1bf3417499aaf1f26924d6ece667c394b6d9149__s140000ms.wav,140000,20000,,cha cha
c1bf3417499aaf1f26924d6ece667c394b6d9149__160000ms,c1bf3417499aaf1f26924d6ece667c394b6d9149,CHA CHA Juanita La Cubana [Chachacha 31 bpm] - Idelavega & Moses Rodriguez,D:\projekty\Hudba\music-editor\src\data\segments\cha cha\c1bf3417499aaf1f26924d6ece667c394b6d9149__s160000ms.wav,160000,20000,,cha cha
2a09aedde43baf397a492567ef5c2f8af3777719__0ms,2a09aedde43baf397a492567ef5c2f8af3777719,CHA CHA Juicy Wiggle Redfoo upravená kratší,D:\projekty\Hudba\music-editor\src\data\segments\cha cha\2a09aedde43baf397a492567ef5c2f8af3777719__s0ms.wav,0,20000,,cha cha
2a09aedde43baf397a492567ef5c2f8af3777719__20000ms,2a09aedde43baf397a492567ef5c2f8af3777719,CHA CHA Juicy Wiggle Redfoo upravená kratší,D:\projekty\Hudba\music-editor\src\data\segments\cha cha\2a09aedde43baf397a492567ef5c2f8af3777719__s20000ms.wav,20000,20000,,cha cha
2a09aedde43baf397a492567ef5c2f8af3777719__40000ms,2a09aedde43baf397a492567ef5c2f8af3777719,CHA CHA Juicy Wiggle Redfoo upravená kratší,D:\projekty\Hudba\music-editor\src\data\segments\cha cha\2a09aedde43baf397a492567ef5c2f8af3777719__s40000ms.wav,40000,20000,,cha cha
2a09aedde43baf397a492567ef5c2f8af3777719__60000ms,2a09aedde43baf397a492567ef5c2f8af3777719,CHA CHA Juicy Wiggle Redfoo upravená kratší,D:\projekty\Hudba\music-editor\src\data\segments\cha cha\2a09aedde43baf397a492567ef5c2f8af3777719__s60000ms.wav,60000,20000,,cha cha
2a09aedde43baf397a492567ef5c2f8af3777719__80000ms,2a09aedde43baf397a492567ef5c2f8af3777719,CHA CHA Juicy Wiggle Redfoo upravená kratší,D:\projekty\Hudba\music-editor\src\data\segments\cha cha\2a09aedde43baf397a492567ef5c2f8af3777719__s80000ms.wav,80000,20000,,cha cha
2a09aedde43baf397a492567ef5c2f8af3777719__100000ms,2a09aedde43baf397a492567ef5c2f8af3777719,CHA CHA Juicy Wiggle Redfoo upravená kratší,D:\projekty\Hudba\music-editor\src\data\segments\cha cha\2a09aedde43baf397a492567ef5c2f8af3777719__s100000ms.wav,100000,20000,,cha cha
2a09aedde43baf397a492567ef5c2f8af3777719__120000ms,2a09aedde43baf397a492567ef5c2f8af3777719,CHA CHA Juicy Wiggle Redfoo upravená kratší,D:\projekty\Hudba\music-editor\src\data\segments\cha cha\2a09aedde43baf397a492567ef5c2f8af3777719__s120000ms.wav,120000,20000,,cha cha
2a09aedde43baf397a492567ef5c2f8af3777719__140000ms,2a09aedde43baf397a492567ef5c2f8af3777719,CHA CHA Juicy Wiggle Redfoo upravená kratší,D:\projekty\Hudba\music-editor\src\data\segments\cha cha\2a09aedde43baf397a492567ef5c2f8af3777719__s140000ms.wav,140000,20000,,cha cha
2a09aedde43baf397a492567ef5c2f8af3777719__160000ms,2a09aedde43baf397a492567ef5c2f8af3777719,CHA CHA Juicy Wiggle Redfoo upravená kratší,D:\projekty\Hudba\music-editor\src\data\segments\cha cha\2a09aedde43baf397a492567ef5c2f8af3777719__s160000ms.wav,160000,13688,,cha cha
a09cd318bb802357669c807a243f0b18c977c305__0ms,a09cd318bb802357669c807a243f0b18c977c305,CHA CHA Kiss (Cha Cha Cha  30 BPM) (feat Ross Mitchell,D:\projekty\Hudba\music-editor\src\data\segments\cha cha\a09cd318bb802357669c807a243f0b18c977c305__s0ms.wav,0,20000,,cha cha
a09cd318bb802357669c807a243f0b18c977c305__20000ms,a09cd318bb802357669c807a243f0b18c977c305,CHA CHA Kiss (Cha Cha Cha  30 BPM) (feat Ross Mitchell,D:\projekty\Hudba\music-editor\src\data\segments\cha cha\a09cd318bb802357669c807a243f0b18c977c305__s20000ms.wav,20000,20000,,cha cha
a09cd318bb802357669c807a243f0b18c977c305__40000ms,a09cd318bb802357669c807a243f0b18c977c305,CHA CHA Kiss (Cha Cha Cha  30 BPM) (feat Ross Mitchell,D:\projekty\Hudba\music-editor\src\data\segments\cha cha\a09cd318bb802357669c807a243f0b18c977c305__s40000ms.wav,40000,20000,,cha cha
a09cd318bb802357669c807a243f0b18c977c305__60000ms,a09cd318bb802357669c807a243f0b18c977c305,CHA CHA Kiss (Cha Cha Cha  30 BPM) (feat Ross Mitchell,D:\projekty\Hudba\music-editor\src\data\segments\cha cha\a09cd318bb802357669c807a243f0b18c977c305__s60000ms.wav,60000,20000,,cha cha
a09cd318bb802357669c807a243f0b18c977c305__80000ms,a09cd318bb802357669c807a243f0b18c977c305,CHA CHA Kiss (Cha Cha Cha  30 BPM) (feat Ross Mitchell,D:\projekty\Hudba\music-editor\src\data\segments\cha cha\a09cd318bb802357669c807a243f0b18c977c305__s80000ms.wav,80000,20000,,cha cha
a09cd318bb802357669c807a243f0b18c977c305__100000ms,a09cd318bb802357669c807a243f0b18c977c305,CHA CHA Kiss (Cha Cha Cha  30 BPM) (feat Ross Mitchell,D:\projekty\Hudba\music-editor\src\data\segments\cha cha\a09cd318bb802357669c807a243f0b18c977c305__s100000ms.wav,100000,20000,,cha cha
a09cd318bb802357669c807a243f0b18c977c305__120000ms,a09cd318bb802357669c807a243f0b18c977c305,CHA CHA Kiss (Cha Cha Cha  30 BPM) (feat Ross Mitchell,D:\projekty\Hudba\music-editor\src\data\segments\cha cha\a09cd318bb802357669c807a243f0b18c977c305__s120000ms.wav,120000,20000,,cha cha
a09cd318bb802357669c807a243f0b18c977c305__140000ms,a09cd318bb802357669c807a243f0b18c977c305,CHA CHA Kiss (Cha Cha Cha  30 BPM) (feat Ross Mitchell,D:\projekty\Hudba\music-editor\src\data\segments\cha cha\a09cd318bb802357669c807a243f0b18c977c305__s140000ms.wav,140000,20000,,cha cha
a09cd318bb802357669c807a243f0b18c977c305__160000ms,a09cd318bb802357669c807a243f0b18c977c305,CHA CHA Kiss (Cha Cha Cha  30 BPM) (feat Ross Mitchell,D:\projekty\Hudba\music-editor\src\data\segments\cha cha\a09cd318bb802357669c807a243f0b18c977c305__s160000ms.wav,160000,20000,,cha cha
2bfa1d8f5906a73d953d9feeda42b0279d340b76__0ms,2bfa1d8f5906a73d953d9feeda42b0279d340b76,CHA CHA Kiss Me Honey,D:\projekty\Hudba\music-editor\src\data\segments\cha cha\2bfa1d8f5906a73d953d9feeda42b0279d340b76__s0ms.wav,0,20000,,cha cha
2bfa1d8f5906a73d953d9feeda42b0279d340b76__20000ms,2bfa1d8f5906a73d953d9feeda42b0279d340b76,CHA CHA Kiss Me Honey,D:\projekty\Hudba\music-editor\src\data\segments\cha cha\2bfa1d8f5906a73d953d9feeda42b0279d340b76__s20000ms.wav,20000,20000,,cha cha
2bfa1d8f5906a73d953d9feeda42b0279d340b76__40000ms,2bfa1d8f5906a73d953d9feeda42b0279d340b76,CHA CHA Kiss Me Honey,D:\projekty\Hudba\music-editor\src\data\segments\cha cha\2bfa1d8f5906a73d953d9feeda42b0279d340b76__s40000ms.wav,40000,20000,,cha cha
2bfa1d8f5906a73d953d9feeda42b0279d340b76__60000ms,2bfa1d8f5906a73d953d9feeda42b0279d340b76,CHA CHA Kiss Me Honey,D:\projekty\Hudba\music-editor\src\data\segments\cha cha\2bfa1d8f5906a73d953d9feeda42b0279d340b76__s60000ms.wav,60000,20000,,cha cha
2bfa1d8f5906a73d953d9feeda42b0279d340b76__80000ms,2bfa1d8f5906a73d953d9feeda42b0279d340b76,CHA CHA Kiss Me Honey,D:\projekty\Hudba\music-editor\src\data\segments\cha cha\2bfa1d8f5906a73d953d9feeda42b0279d340b76__s80000ms.wav,80000,20000,,cha cha
2bfa1d8f5906a73d953d9feeda42b0279d340b76__100000ms,2bfa1d8f5906a73d953d9feeda42b0279d340b76,CHA CHA Kiss Me Honey,D:\projekty\Hudba\music-editor\src\data\segments\cha cha\2bfa1d8f5906a73d953d9feeda42b0279d340b76__s100000ms.wav,100000,20000,,cha cha
2bfa1d8f5906a73d953d9feeda42b0279d340b76__120000ms,2bfa1d8f5906a73d953d9feeda42b0279d340b76,CHA CHA Kiss Me Honey,D:\projekty\Hudba\music-editor\src\data\segments\cha cha\2bfa1d8f5906a73d953d9feeda42b0279d340b76__s120000ms.wav,120000,20000,,cha cha
2bfa1d8f5906a73d953d9feeda42b0279d340b76__140000ms,2bfa1d8f5906a73d953d9feeda42b0279d340b76,CHA CHA Kiss Me Honey,D:\projekty\Hudba\music-editor\src\data\segments\cha cha\2bfa1d8f5906a73d953d9feeda42b0279d340b76__s140000ms.wav,140000,16108,,cha cha
9ee161f690d93af880e744e242905eb8bff6ea1c__0ms,9ee161f690d93af880e744e242905eb8bff6ea1c,"CHA CHA Knowing Me, Knowning You (Cha Cha",D:\projekty\Hudba\music-editor\src\data\segments\cha cha\9ee161f690d93af880e744e242905eb8bff6ea1c__s0ms.wav,0,20000,,cha cha
9ee161f690d93af880e744e242905eb8bff6ea1c__20000ms,9ee161f690d93af880e744e242905eb8bff6ea1c,"CHA CHA Knowing Me, Knowning You (Cha Cha",D:\projekty\Hudba\music-editor\src\data\segments\cha cha\9ee161f690d93af880e744e242905eb8bff6ea1c__s20000ms.wav,20000,20000,,cha cha
9ee161f690d93af880e744e242905eb8bff6ea1c__40000ms,9ee161f690d93af880e744e242905eb8bff6ea1c,"CHA CHA Knowing Me, Knowning You (Cha Cha",D:\projekty\Hudba\music-editor\src\data\segments\cha cha\9ee161f690d93af880e744e242905eb8bff6ea1c__s40000ms.wav,40000,20000,,cha cha
9ee161f690d93af880e744e242905eb8bff6ea1c__60000ms,9ee161f690d93af880e744e242905eb8bff6ea1c,"CHA CHA Knowing Me, Knowning You (Cha Cha",D:\projekty\Hudba\music-editor\src\data\segments\cha cha\9ee161f690d93af880e744e242905eb8bff6ea1c__s60000ms.wav,60000,20000,,cha cha
9ee161f690d93af880e744e242905eb8bff6ea1c__80000ms,9ee161f690d93af880e744e242905eb8bff6ea1c,"CHA CHA Knowing Me, Knowning You (Cha Cha",D:\projekty\Hudba\music-editor\src\data\segments\cha cha\9ee161f690d93af880e744e242905eb8bff6ea1c__s80000ms.wav,80000,20000,,cha cha
9ee161f690d93af880e744e242905eb8bff6ea1c__100000ms,9ee161f690d93af880e744e242905eb8bff6ea1c,"CHA CHA Knowing Me, Knowning You (Cha Cha",D:\projekty\Hudba\music-editor\src\data\segments\cha cha\9ee161f690d93af880e744e242905eb8bff6ea1c__s100000ms.wav,100000,20000,,cha cha
9ee161f690d93af880e744e242905eb8bff6ea1c__120000ms,9ee161f690d93af880e744e242905eb8bff6ea1c,"CHA CHA Knowing Me, Knowning You (Cha Cha",D:\projekty\Hudba\music-editor\src\data\segments\cha cha\9ee161f690d93af880e744e242905eb8bff6ea1c__s120000ms.wav,120000,20000,,cha cha
9ee161f690d93af880e744e242905eb8bff6ea1c__140000ms,9ee161f690d93af880e744e242905eb8bff6ea1c,"CHA CHA Knowing Me, Knowning You (Cha Cha",D:\projekty\Hudba\music-editor\src\data\segments\cha cha\9ee161f690d93af880e744e242905eb8bff6ea1c__s140000ms.wav,140000,20000,,cha cha
9ee161f690d93af880e744e242905eb8bff6ea1c__160000ms,9ee161f690d93af880e744e242905eb8bff6ea1c,"CHA CHA Knowing Me, Knowning You (Cha Cha",D:\projekty\Hudba\music-editor\src\data\segments\cha cha\9ee161f690d93af880e744e242905eb8bff6ea1c__s160000ms.wav,160000,20000,,cha cha
9ee161f690d93af880e744e242905eb8bff6ea1c__180000ms,9ee161f690d93af880e744e242905eb8bff6ea1c,"CHA CHA Knowing Me, Knowning You (Cha Cha",D:\projekty\Hudba\music-editor\src\data\segments\cha cha\9ee161f690d93af880e744e242905eb8bff6ea1c__s180000ms.wav,180000,20000,,cha cha
9ee161f690d93af880e744e242905eb8bff6ea1c__200000ms,9ee161f690d93af880e744e242905eb8bff6ea1c,"CHA CHA Knowing Me, Knowning You (Cha Cha",D:\projekty\Hudba\music-editor\src\data\segments\cha cha\9ee161f690d93af880e744e242905eb8bff6ea1c__s200000ms.wav,200000,13238,,cha cha
053fa9c695a106292111fe0736163763f31e4584__0ms,053fa9c695a106292111fe0736163763f31e4584,CHA CHA Kylie Minogue   In Your Eyes,D:\projekty\Hudba\music-editor\src\data\segments\cha cha\053fa9c695a106292111fe0736163763f31e4584__s0ms.wav,0,20000,,cha cha
053fa9c695a106292111fe0736163763f31e4584__20000ms,053fa9c695a106292111fe0736163763f31e4584,CHA CHA Kylie Minogue   In Your Eyes,D:\projekty\Hudba\music-editor\src\data\segments\cha cha\053fa9c695a106292111fe0736163763f31e4584__s20000ms.wav,20000,20000,,cha cha
053fa9c695a106292111fe0736163763f31e4584__40000ms,053fa9c695a106292111fe0736163763f31e4584,CHA CHA Kylie Minogue   In Your Eyes,D:\projekty\Hudba\music-editor\src\data\segments\cha cha\053fa9c695a106292111fe0736163763f31e4584__s40000ms.wav,40000,20000,,cha cha
053fa9c695a106292111fe0736163763f31e4584__60000ms,053fa9c695a106292111fe0736163763f31e4584,CHA CHA Kylie Minogue   In Your Eyes,D:\projekty\Hudba\music-editor\src\data\segments\cha cha\053fa9c695a106292111fe0736163763f31e4584__s60000ms.wav,60000,20000,,cha cha
053fa9c695a106292111fe0736163763f31e4584__80000ms,053fa9c695a106292111fe0736163763f31e4584,CHA CHA Kylie Minogue   In Your Eyes,D:\projekty\Hudba\music-editor\src\data\segments\cha cha\053fa9c695a106292111fe0736163763f31e4584__s80000ms.wav,80000,20000,,cha cha
053fa9c695a106292111fe0736163763f31e4584__100000ms,053fa9c695a106292111fe0736163763f31e4584,CHA CHA Kylie Minogue   In Your Eyes,D:\projekty\Hudba\music-editor\src\data\segments\cha cha\053fa9c695a106292111fe0736163763f31e4584__s100000ms.wav,100000,20000,,cha cha
053fa9c695a106292111fe0736163763f31e4584__120000ms,053fa9c695a106292111fe0736163763f31e4584,CHA CHA Kylie Minogue   In Your Eyes,D:\projekty\Hudba\music-editor\src\data\segments\cha cha\053fa9c695a106292111fe0736163763f31e4584__s120000ms.wav,120000,20000,,cha cha
053fa9c695a106292111fe0736163763f31e4584__140000ms,053fa9c695a106292111fe0736163763f31e4584,CHA CHA Kylie Minogue   In Your Eyes,D:\projekty\Hudba\music-editor\src\data\segments\cha cha\053fa9c695a106292111fe0736163763f31e4584__s140000ms.wav,140000,20000,,cha cha
053fa9c695a106292111fe0736163763f31e4584__160000ms,053fa9c695a106292111fe0736163763f31e4584,CHA CHA Kylie Minogue   In Your Eyes,D:\projekty\Hudba\music-editor\src\data\segments\cha cha\053fa9c695a106292111fe0736163763f31e4584__s160000ms.wav,160000,20000,,cha cha
053fa9c695a106292111fe0736163763f31e4584__180000ms,053fa9c695a106292111fe0736163763f31e4584,CHA CHA Kylie Minogue   In Your Eyes,D:\projekty\Hudba\music-editor\src\data\segments\cha cha\053fa9c695a106292111fe0736163763f31e4584__s180000ms.wav,180000,19602,,cha cha
44b637acde2bf0e72ccdc524ba84e6b1ed44a38f__0ms,44b637acde2bf0e72ccdc524ba84e6b1ed44a38f,CHA CHA Last Christmas (Cha Cha,D:\projekty\Hudba\music-editor\src\data\segments\cha cha\44b637acde2bf0e72ccdc524ba84e6b1ed44a38f__s0ms.wav,0,20000,,cha cha
44b637acde2bf0e72ccdc524ba84e6b1ed44a38f__20000ms,44b637acde2bf0e72ccdc524ba84e6b1ed44a38f,CHA CHA Last Christmas (Cha Cha,D:\projekty\Hudba\music-editor\src\data\segments\cha cha\44b637acde2bf0e72ccdc524ba84e6b1ed44a38f__s20000ms.wav,20000,20000,,cha cha
44b637acde2bf0e72ccdc524ba84e6b1ed44a38f__40000ms,44b637acde2bf0e72ccdc524ba84e6b1ed44a38f,CHA CHA Last Christmas (Cha Cha,D:\projekty\Hudba\music-editor\src\data\segments\cha cha\44b637acde2bf0e72ccdc524ba84e6b1ed44a38f__s40000ms.wav,40000,20000,,cha cha
44b637acde2bf0e72ccdc524ba84e6b1ed44a38f__60000ms,44b637acde2bf0e72ccdc524ba84e6b1ed44a38f,CHA CHA Last Christmas (Cha Cha,D:\projekty\Hudba\music-editor\src\data\segments\cha cha\44b637acde2bf0e72ccdc524ba84e6b1ed44a38f__s60000ms.wav,60000,20000,,cha cha
44b637acde2bf0e72ccdc524ba84e6b1ed44a38f__80000ms,44b637acde2bf0e72ccdc524ba84e6b1ed44a38f,CHA CHA Last Christmas (Cha Cha,D:\projekty\Hudba\music-editor\src\data\segments\cha cha\44b637acde2bf0e72ccdc524ba84e6b1ed44a38f__s80000ms.wav,80000,20000,,cha cha
44b637acde2bf0e72ccdc524ba84e6b1ed44a38f__100000ms,44b637acde2bf0e72ccdc524ba84e6b1ed44a38f,CHA CHA Last Christmas (Cha Cha,D:\projekty\Hudba\music-editor\src\data\segments\cha cha\44b637acde2bf0e72ccdc524ba84e6b1ed44a38f__s100000ms.wav,100000,20000,,cha cha
44b637acde2bf0e72ccdc524ba84e6b1ed44a38f__120000ms,44b637acde2bf0e72ccdc524ba84e6b1ed44a38f,CHA CHA Last Christmas (Cha Cha,D:\projekty\Hudba\music-editor\src\data\segments\cha cha\44b637acde2bf0e72ccdc524ba84e6b1ed44a38f__s120000ms.wav,120000,20000,,cha cha
44b637acde2bf0e72ccdc524ba84e6b1ed44a38f__140000ms,44b637acde2bf0e72ccdc524ba84e6b1ed44a38f,CHA CHA Last Christmas (Cha Cha,D:\projekty\Hudba\music-editor\src\data\segments\cha cha\44b637acde2bf0e72ccdc524ba84e6b1ed44a38f__s140000ms.wav,140000,20000,,cha cha
44b637acde2bf0e72ccdc524ba84e6b1ed44a38f__160000ms,44b637acde2bf0e72ccdc524ba84e6b1ed44a38f,CHA CHA Last Christmas (Cha Cha,D:\projekty\Hudba\music-editor\src\data\segments\cha cha\44b637acde2bf0e72ccdc524ba84e6b1ed44a38f__s160000ms.wav,160000,20000,,cha cha
44b637acde2bf0e72ccdc524ba84e6b1ed44a38f__180000ms,44b637acde2bf0e72ccdc524ba84e6b1ed44a38f,CHA CHA Last Christmas (Cha Cha,D:\projekty\Hudba\music-editor\src\data\segments\cha cha\44b637acde2bf0e72ccdc524ba84e6b1ed44a38f__s180000ms.wav,180000,20000,,cha cha
44b637acde2bf0e72ccdc524ba84e6b1ed44a38f__200000ms,44b637acde2bf0e72ccdc524ba84e6b1ed44a38f,CHA CHA Last Christmas (Cha Cha,D:\projekty\Hudba\music-editor\src\data\segments\cha cha\44b637acde2bf0e72ccdc524ba84e6b1ed44a38f__s200000ms.wav,200000,16189,,cha cha
35e4b80a4ec7d8c48da15095c9bb1d53b52cbe22__0ms,35e4b80a4ec7d8c48da15095c9bb1d53b52cbe22,CHA CHA Last Christmas (Cha Cha  27 Bpm,D:\projekty\Hudba\music-editor\src\data\segments\cha cha\35e4b80a4ec7d8c48da15095c9bb1d53b52cbe22__s0ms.wav,0,20000,,cha cha
35e4b80a4ec7d8c48da15095c9bb1d53b52cbe22__20000ms,35e4b80a4ec7d8c48da15095c9bb1d53b52cbe22,CHA CHA Last Christmas (Cha Cha  27 Bpm,D:\projekty\Hudba\music-editor\src\data\segments\cha cha\35e4b80a4ec7d8c48da15095c9bb1d53b52cbe22__s20000ms.wav,20000,20000,,cha cha
35e4b80a4ec7d8c48da15095c9bb1d53b52cbe22__40000ms,35e4b80a4ec7d8c48da15095c9bb1d53b52cbe22,CHA CHA Last Christmas (Cha Cha  27 Bpm,D:\projekty\Hudba\music-editor\src\data\segments\cha cha\35e4b80a4ec7d8c48da15095c9bb1d53b52cbe22__s40000ms.wav,40000,20000,,cha cha
35e4b80a4ec7d8c48da15095c9bb1d53b52cbe22__60000ms,35e4b80a4ec7d8c48da15095c9bb1d53b52cbe22,CHA CHA Last Christmas (Cha Cha  27 Bpm,D:\projekty\Hudba\music-editor\src\data\segments\cha cha\35e4b80a4ec7d8c48da15095c9bb1d53b52cbe22__s60000ms.wav,60000,20000,,cha cha
35e4b80a4ec7d8c48da15095c9bb1d53b52cbe22__80000ms,35e4b80a4ec7d8c48da15095c9bb1d53b52cbe22,CHA CHA Last Christmas (Cha Cha  27 Bpm,D:\projekty\Hudba\music-editor\src\data\segments\cha cha\35e4b80a4ec7d8c48da15095c9bb1d53b52cbe22__s80000ms.wav,80000,20000,,cha cha
35e4b80a4ec7d8c48da15095c9bb1d53b52cbe22__100000ms,35e4b80a4ec7d8c48da15095c9bb1d53b52cbe22,CHA CHA Last Christmas (Cha Cha  27 Bpm,D:\projekty\Hudba\music-editor\src\data\segments\cha cha\35e4b80a4ec7d8c48da15095c9bb1d53b52cbe22__s100000ms.wav,100000,20000,,cha cha
35e4b80a4ec7d8c48da15095c9bb1d53b52cbe22__120000ms,35e4b80a4ec7d8c48da15095c9bb1d53b52cbe22,CHA CHA Last Christmas (Cha Cha  27 Bpm,D:\projekty\Hudba\music-editor\src\data\segments\cha cha\35e4b80a4ec7d8c48da15095c9bb1d53b52cbe22__s120000ms.wav,120000,20000,,cha cha
35e4b80a4ec7d8c48da15095c9bb1d53b52cbe22__140000ms,35e4b80a4ec7d8c48da15095c9bb1d53b52cbe22,CHA CHA Last Christmas (Cha Cha  27 Bpm,D:\projekty\Hudba\music-editor\src\data\segments\cha cha\35e4b80a4ec7d8c48da15095c9bb1d53b52cbe22__s140000ms.wav,140000,20000,,cha cha
35e4b80a4ec7d8c48da15095c9bb1d53b52cbe22__160000ms,35e4b80a4ec7d8c48da15095c9bb1d53b52cbe22,CHA CHA Last Christmas (Cha Cha  27 Bpm,D:\projekty\Hudba\music-editor\src\data\segments\cha cha\35e4b80a4ec7d8c48da15095c9bb1d53b52cbe22__s160000ms.wav,160000,20000,,cha cha
35e4b80a4ec7d8c48da15095c9bb1d53b52cbe22__180000ms,35e4b80a4ec7d8c48da15095c9bb1d53b52cbe22,CHA CHA Last Christmas (Cha Cha  27 Bpm,D:\projekty\Hudba\music-editor\src\data\segments\cha cha\35e4b80a4ec7d8c48da15095c9bb1d53b52cbe22__s180000ms.wav,180000,20000,,cha cha
35e4b80a4ec7d8c48da15095c9bb1d53b52cbe22__200000ms,35e4b80a4ec7d8c48da15095c9bb1d53b52cbe22,CHA CHA Last Christmas (Cha Cha  27 Bpm,D:\projekty\Hudba\music-editor\src\data\segments\cha cha\35e4b80a4ec7d8c48da15095c9bb1d53b52cbe22__s200000ms.wav,200000,20000,,cha cha
35e4b80a4ec7d8c48da15095c9bb1d53b52cbe22__220000ms,35e4b80a4ec7d8c48da15095c9bb1d53b52cbe22,CHA CHA Last Christmas (Cha Cha  27 Bpm,D:\projekty\Hudba\music-editor\src\data\segments\cha cha\35e4b80a4ec7d8c48da15095c9bb1d53b52cbe22__s220000ms.wav,220000,20000,,cha cha
35e4b80a4ec7d8c48da15095c9bb1d53b52cbe22__240000ms,35e4b80a4ec7d8c48da15095c9bb1d53b52cbe22,CHA CHA Last Christmas (Cha Cha  27 Bpm,D:\projekty\Hudba\music-editor\src\data\segments\cha cha\35e4b80a4ec7d8c48da15095c9bb1d53b52cbe22__s240000ms.wav,240000,15478,,cha cha
72f66218a1bee533bee596b3debb6fdf1141803d__0ms,72f66218a1bee533bee596b3debb6fdf1141803d,CHA CHA Lets Get Loud J. Lopez,D:\projekty\Hudba\music-editor\src\data\segments\cha cha\72f66218a1bee533bee596b3debb6fdf1141803d__s0ms.wav,0,20000,,cha cha
72f66218a1bee533bee596b3debb6fdf1141803d__20000ms,72f66218a1bee533bee596b3debb6fdf1141803d,CHA CHA Lets Get Loud J. Lopez,D:\projekty\Hudba\music-editor\src\data\segments\cha cha\72f66218a1bee533bee596b3debb6fdf1141803d__s20000ms.wav,20000,20000,,cha cha
72f66218a1bee533bee596b3debb6fdf1141803d__40000ms,72f66218a1bee533bee596b3debb6fdf1141803d,CHA CHA Lets Get Loud J. Lopez,D:\projekty\Hudba\music-editor\src\data\segments\cha cha\72f66218a1bee533bee596b3debb6fdf1141803d__s40000ms.wav,40000,20000,,cha cha
72f66218a1bee533bee596b3debb6fdf1141803d__60000ms,72f66218a1bee533bee596b3debb6fdf1141803d,CHA CHA Lets Get Loud J. Lopez,D:\projekty\Hudba\music-editor\src\data\segments\cha cha\72f66218a1bee533bee596b3debb6fdf1141803d__s60000ms.wav,60000,20000,,cha cha
72f66218a1bee533bee596b3debb6fdf1141803d__80000ms,72f66218a1bee533bee596b3debb6fdf1141803d,CHA CHA Lets Get Loud J. Lopez,D:\projekty\Hudba\music-editor\src\data\segments\cha cha\72f66218a1bee533bee596b3debb6fdf1141803d__s80000ms.wav,80000,20000,,cha cha
72f66218a1bee533bee596b3debb6fdf1141803d__100000ms,72f66218a1bee533bee596b3debb6fdf1141803d,CHA CHA Lets Get Loud J. Lopez,D:\projekty\Hudba\music-editor\src\data\segments\cha cha\72f66218a1bee533bee596b3debb6fdf1141803d__s100000ms.wav,100000,20000,,cha cha
9f5e89565a981ab92b663940f5827fa1b7cdf189__0ms,9f5e89565a981ab92b663940f5827fa1b7cdf189,CHA CHA Levitating (Cha Cha  30 BPM,D:\projekty\Hudba\music-editor\src\data\segments\cha cha\9f5e89565a981ab92b663940f5827fa1b7cdf189__s0ms.wav,0,20000,,cha cha
9f5e89565a981ab92b663940f5827fa1b7cdf189__20000ms,9f5e89565a981ab92b663940f5827fa1b7cdf189,CHA CHA Levitating (Cha Cha  30 BPM,D:\projekty\Hudba\music-editor\src\data\segments\cha cha\9f5e89565a981ab92b663940f5827fa1b7cdf189__s20000ms.wav,20000,20000,,cha cha
9f5e89565a981ab92b663940f5827fa1b7cdf189__40000ms,9f5e89565a981ab92b663940f5827fa1b7cdf189,CHA CHA Levitating (Cha Cha  30 BPM,D:\projekty\Hudba\music-editor\src\data\segments\cha cha\9f5e89565a981ab92b663940f5827fa1b7cdf189__s40000ms.wav,40000,20000,,cha cha
9f5e89565a981ab92b663940f5827fa1b7cdf189__60000ms,9f5e89565a981ab92b663940f5827fa1b7cdf189,CHA CHA Levitating (Cha Cha  30 BPM,D:\projekty\Hudba\music-editor\src\data\segments\cha cha\9f5e89565a981ab92b663940f5827fa1b7cdf189__s60000ms.wav,60000,20000,,cha cha
9f5e89565a981ab92b663940f5827fa1b7cdf189__80000ms,9f5e89565a981ab92b663940f5827fa1b7cdf189,CHA CHA Levitating (Cha Cha  30 BPM,D:\projekty\Hudba\music-editor\src\data\segments\cha cha\9f5e89565a981ab92b663940f5827fa1b7cdf189__s80000ms.wav,80000,20000,,cha cha
9f5e89565a981ab92b663940f5827fa1b7cdf189__100000ms,9f5e89565a981ab92b663940f5827fa1b7cdf189,CHA CHA Levitating (Cha Cha  30 BPM,D:\projekty\Hudba\music-editor\src\data\segments\cha cha\9f5e89565a981ab92b663940f5827fa1b7cdf189__s100000ms.wav,100000,20000,,cha cha
9f5e89565a981ab92b663940f5827fa1b7cdf189__120000ms,9f5e89565a981ab92b663940f5827fa1b7cdf189,CHA CHA Levitating (Cha Cha  30 BPM,D:\projekty\Hudba\music-editor\src\data\segments\cha cha\9f5e89565a981ab92b663940f5827fa1b7cdf189__s120000ms.wav,120000,20000,,cha cha
9f5e89565a981ab92b663940f5827fa1b7cdf189__140000ms,9f5e89565a981ab92b663940f5827fa1b7cdf189,CHA CHA Levitating (Cha Cha  30 BPM,D:\projekty\Hudba\music-editor\src\data\segments\cha cha\9f5e89565a981ab92b663940f5827fa1b7cdf189__s140000ms.wav,140000,20000,,cha cha
9f5e89565a981ab92b663940f5827fa1b7cdf189__160000ms,9f5e89565a981ab92b663940f5827fa1b7cdf189,CHA CHA Levitating (Cha Cha  30 BPM,D:\projekty\Hudba\music-editor\src\data\segments\cha cha\9f5e89565a981ab92b663940f5827fa1b7cdf189__s160000ms.wav,160000,20000,,cha cha
9f5e89565a981ab92b663940f5827fa1b7cdf189__180000ms,9f5e89565a981ab92b663940f5827fa1b7cdf189,CHA CHA Levitating (Cha Cha  30 BPM,D:\projekty\Hudba\music-editor\src\data\segments\cha cha\9f5e89565a981ab92b663940f5827fa1b7cdf189__s180000ms.wav,180000,20000,,cha cha
9f5e89565a981ab92b663940f5827fa1b7cdf189__200000ms,9f5e89565a981ab92b663940f5827fa1b7cdf189,CHA CHA Levitating (Cha Cha  30 BPM,D:\projekty\Hudba\music-editor\src\data\segments\cha cha\9f5e89565a981ab92b663940f5827fa1b7cdf189__s200000ms.wav,200000,20000,,cha cha
9f5e89565a981ab92b663940f5827fa1b7cdf189__220000ms,9f5e89565a981ab92b663940f5827fa1b7cdf189,CHA CHA Levitating (Cha Cha  30 BPM,D:\projekty\Hudba\music-editor\src\data\segments\cha cha\9f5e89565a981ab92b663940f5827fa1b7cdf189__s220000ms.wav,220000,15990,,cha cha
75c2516e9534f1fc024b2a5953cf811361453872__0ms,75c2516e9534f1fc024b2a5953cf811361453872,CHA CHA Lorenzo Antonio upravená  'Nunca Dejes De Quererme'   Video Oficial,D:\projekty\Hudba\music-editor\src\data\segments\cha cha\75c2516e9534f1fc024b2a5953cf811361453872__s0ms.wav,0,20000,,cha cha
75c2516e9534f1fc024b2a5953cf811361453872__20000ms,75c2516e9534f1fc024b2a5953cf811361453872,CHA CHA Lorenzo Antonio upravená  'Nunca Dejes De Quererme'   Video Oficial,D:\projekty\Hudba\music-editor\src\data\segments\cha cha\75c2516e9534f1fc024b2a5953cf811361453872__s20000ms.wav,20000,20000,,cha cha
75c2516e9534f1fc024b2a5953cf811361453872__40000ms,75c2516e9534f1fc024b2a5953cf811361453872,CHA CHA Lorenzo Antonio upravená  'Nunca Dejes De Quererme'   Video Oficial,D:\projekty\Hudba\music-editor\src\data\segments\cha cha\75c2516e9534f1fc024b2a5953cf811361453872__s40000ms.wav,40000,20000,,cha cha
75c2516e9534f1fc024b2a5953cf811361453872__60000ms,75c2516e9534f1fc024b2a5953cf811361453872,CHA CHA Lorenzo Antonio upravená  'Nunca Dejes De Quererme'   Video Oficial,D:\projekty\Hudba\music-editor\src\data\segments\cha cha\75c2516e9534f1fc024b2a5953cf811361453872__s60000ms.wav,60000,20000,,cha cha
75c2516e9534f1fc024b2a5953cf811361453872__80000ms,75c2516e9534f1fc024b2a5953cf811361453872,CHA CHA Lorenzo Antonio upravená  'Nunca Dejes De Quererme'   Video Oficial,D:\projekty\Hudba\music-editor\src\data\segments\cha cha\75c2516e9534f1fc024b2a5953cf811361453872__s80000ms.wav,80000,20000,,cha cha
75c2516e9534f1fc024b2a5953cf811361453872__100000ms,75c2516e9534f1fc024b2a5953cf811361453872,CHA CHA Lorenzo Antonio upravená  'Nunca Dejes De Quererme'   Video Oficial,D:\projekty\Hudba\music-editor\src\data\segments\cha cha\75c2516e9534f1fc024b2a5953cf811361453872__s100000ms.wav,100000,20000,,cha cha
75c2516e9534f1fc024b2a5953cf811361453872__120000ms,75c2516e9534f1fc024b2a5953cf811361453872,CHA CHA Lorenzo Antonio upravená  'Nunca Dejes De Quererme'   Video Oficial,D:\projekty\Hudba\music-editor\src\data\segments\cha cha\75c2516e9534f1fc024b2a5953cf811361453872__s120000ms.wav,120000,20000,,cha cha
75c2516e9534f1fc024b2a5953cf811361453872__140000ms,75c2516e9534f1fc024b2a5953cf811361453872,CHA CHA Lorenzo Antonio upravená  'Nunca Dejes De Quererme'   Video Oficial,D:\projekty\Hudba\music-editor\src\data\segments\cha cha\75c2516e9534f1fc024b2a5953cf811361453872__s140000ms.wav,140000,20000,,cha cha
75c2516e9534f1fc024b2a5953cf811361453872__160000ms,75c2516e9534f1fc024b2a5953cf811361453872,CHA CHA Lorenzo Antonio upravená  'Nunca Dejes De Quererme'   Video Oficial,D:\projekty\Hudba\music-editor\src\data\segments\cha cha\75c2516e9534f1fc024b2a5953cf811361453872__s160000ms.wav,160000,13218,,cha cha
3b964714e10dc6f42e4f4e0844516dd1cae9f856__0ms,3b964714e10dc6f42e4f4e0844516dd1cae9f856,Cha cha Lost Frequencies feat Janieck Devy   Reality (cha cha remix),D:\projekty\Hudba\music-editor\src\data\segments\cha cha\3b964714e10dc6f42e4f4e0844516dd1cae9f856__s0ms.wav,0,20000,,cha cha
3b964714e10dc6f42e4f4e0844516dd1cae9f856__20000ms,3b964714e10dc6f42e4f4e0844516dd1cae9f856,Cha cha Lost Frequencies feat Janieck Devy   Reality (cha cha remix),D:\projekty\Hudba\music-editor\src\data\segments\cha cha\3b964714e10dc6f42e4f4e0844516dd1cae9f856__s20000ms.wav,20000,20000,,cha cha
3b964714e10dc6f42e4f4e0844516dd1cae9f856__40000ms,3b964714e10dc6f42e4f4e0844516dd1cae9f856,Cha cha Lost Frequencies feat Janieck Devy   Reality (cha cha remix),D:\projekty\Hudba\music-editor\src\data\segments\cha cha\3b964714e10dc6f42e4f4e0844516dd1cae9f856__s40000ms.wav,40000,20000,,cha cha
3b964714e10dc6f42e4f4e0844516dd1cae9f856__60000ms,3b964714e10dc6f42e4f4e0844516dd1cae9f856,Cha cha Lost Frequencies feat Janieck Devy   Reality (cha cha remix),D:\projekty\Hudba\music-editor\src\data\segments\cha cha\3b964714e10dc6f42e4f4e0844516dd1cae9f856__s60000ms.wav,60000,20000,,cha cha
3b964714e10dc6f42e4f4e0844516dd1cae9f856__80000ms,3b964714e10dc6f42e4f4e0844516dd1cae9f856,Cha cha Lost Frequencies feat Janieck Devy   Reality (cha cha remix),D:\projekty\Hudba\music-editor\src\data\segments\cha cha\3b964714e10dc6f42e4f4e0844516dd1cae9f856__s80000ms.wav,80000,20000,,cha cha
3b964714e10dc6f42e4f4e0844516dd1cae9f856__100000ms,3b964714e10dc6f42e4f4e0844516dd1cae9f856,Cha cha Lost Frequencies feat Janieck Devy   Reality (cha cha remix),D:\projekty\Hudba\music-editor\src\data\segments\cha cha\3b964714e10dc6f42e4f4e0844516dd1cae9f856__s100000ms.wav,100000,20000,,cha cha
3b964714e10dc6f42e4f4e0844516dd1cae9f856__120000ms,3b964714e10dc6f42e4f4e0844516dd1cae9f856,Cha cha Lost Frequencies feat Janieck Devy   Reality (cha cha remix),D:\projekty\Hudba\music-editor\src\data\segments\cha cha\3b964714e10dc6f42e4f4e0844516dd1cae9f856__s120000ms.wav,120000,20000,,cha cha
3b964714e10dc6f42e4f4e0844516dd1cae9f856__140000ms,3b964714e10dc6f42e4f4e0844516dd1cae9f856,Cha cha Lost Frequencies feat Janieck Devy   Reality (cha cha remix),D:\projekty\Hudba\music-editor\src\data\segments\cha cha\3b964714e10dc6f42e4f4e0844516dd1cae9f856__s140000ms.wav,140000,20000,,cha cha
6f656e4da4fa7184dba0e867101e6ee5c9313a2f__0ms,6f656e4da4fa7184dba0e867101e6ee5c9313a2f,CHA CHA MADE YOU LOOK (CHA CHA CHA,D:\projekty\Hudba\music-editor\src\data\segments\cha cha\6f656e4da4fa7184dba0e867101e6ee5c9313a2f__s0ms.wav,0,20000,,cha cha
6f656e4da4fa7184dba0e867101e6ee5c9313a2f__20000ms,6f656e4da4fa7184dba0e867101e6ee5c9313a2f,CHA CHA MADE YOU LOOK (CHA CHA CHA,D:\projekty\Hudba\music-editor\src\data\segments\cha cha\6f656e4da4fa7184dba0e867101e6ee5c9313a2f__s20000ms.wav,20000,20000,,cha cha
6f656e4da4fa7184dba0e867101e6ee5c9313a2f__40000ms,6f656e4da4fa7184dba0e867101e6ee5c9313a2f,CHA CHA MADE YOU LOOK (CHA CHA CHA,D:\projekty\Hudba\music-editor\src\data\segments\cha cha\6f656e4da4fa7184dba0e867101e6ee5c9313a2f__s40000ms.wav,40000,20000,,cha cha
6f656e4da4fa7184dba0e867101e6ee5c9313a2f__60000ms,6f656e4da4fa7184dba0e867101e6ee5c9313a2f,CHA CHA MADE YOU LOOK (CHA CHA CHA,D:\projekty\Hudba\music-editor\src\data\segments\cha cha\6f656e4da4fa7184dba0e867101e6ee5c9313a2f__s60000ms.wav,60000,20000,,cha cha
6f656e4da4fa7184dba0e867101e6ee5c9313a2f__80000ms,6f656e4da4fa7184dba0e867101e6ee5c9313a2f,CHA CHA MADE YOU LOOK (CHA CHA CHA,D:\projekty\Hudba\music-editor\src\data\segments\cha cha\6f656e4da4fa7184dba0e867101e6ee5c9313a2f__s80000ms.wav,80000,20000,,cha cha
6f656e4da4fa7184dba0e867101e6ee5c9313a2f__100000ms,6f656e4da4fa7184dba0e867101e6ee5c9313a2f,CHA CHA MADE YOU LOOK (CHA CHA CHA,D:\projekty\Hudba\music-editor\src\data\segments\cha cha\6f656e4da4fa7184dba0e867101e6ee5c9313a2f__s100000ms.wav,100000,20000,,cha cha
4f5c6b8608aa5e2c61e29c5007480f18d3e2dbf6__0ms,4f5c6b8608aa5e2c61e29c5007480f18d3e2dbf6,CHA CHA Mamma Mia (Cha Cha,D:\projekty\Hudba\music-editor\src\data\segments\cha cha\4f5c6b8608aa5e2c61e29c5007480f18d3e2dbf6__s0ms.wav,0,20000,,cha cha
4f5c6b8608aa5e2c61e29c5007480f18d3e2dbf6__20000ms,4f5c6b8608aa5e2c61e29c5007480f18d3e2dbf6,CHA CHA Mamma Mia (Cha Cha,D:\projekty\Hudba\music-editor\src\data\segments\cha cha\4f5c6b8608aa5e2c61e29c5007480f18d3e2dbf6__s20000ms.wav,20000,20000,,cha cha
4f5c6b8608aa5e2c61e29c5007480f18d3e2dbf6__40000ms,4f5c6b8608aa5e2c61e29c5007480f18d3e2dbf6,CHA CHA Mamma Mia (Cha Cha,D:\projekty\Hudba\music-editor\src\data\segments\cha cha\4f5c6b8608aa5e2c61e29c5007480f18d3e2dbf6__s40000ms.wav,40000,20000,,cha cha
4f5c6b8608aa5e2c61e29c5007480f18d3e2dbf6__60000ms,4f5c6b8608aa5e2c61e29c5007480f18d3e2dbf6,CHA CHA Mamma Mia (Cha Cha,D:\projekty\Hudba\music-editor\src\data\segments\cha cha\4f5c6b8608aa5e2c61e29c5007480f18d3e2dbf6__s60000ms.wav,60000,20000,,cha cha
4f5c6b8608aa5e2c61e29c5007480f18d3e2dbf6__80000ms,4f5c6b8608aa5e2c61e29c5007480f18d3e2dbf6,CHA CHA Mamma Mia (Cha Cha,D:\projekty\Hudba\music-editor\src\data\segments\cha cha\4f5c6b8608aa5e2c61e29c5007480f18d3e2dbf6__s80000ms.wav,80000,20000,,cha cha
4f5c6b8608aa5e2c61e29c5007480f18d3e2dbf6__100000ms,4f5c6b8608aa5e2c61e29c5007480f18d3e2dbf6,CHA CHA Mamma Mia (Cha Cha,D:\projekty\Hudba\music-editor\src\data\segments\cha cha\4f5c6b8608aa5e2c61e29c5007480f18d3e2dbf6__s100000ms.wav,100000,20000,,cha cha
4f5c6b8608aa5e2c61e29c5007480f18d3e2dbf6__120000ms,4f5c6b8608aa5e2c61e29c5007480f18d3e2dbf6,CHA CHA Mamma Mia (Cha Cha,D:\projekty\Hudba\music-editor\src\data\segments\cha cha\4f5c6b8608aa5e2c61e29c5007480f18d3e2dbf6__s120000ms.wav,120000,20000,,cha cha
4f5c6b8608aa5e2c61e29c5007480f18d3e2dbf6__140000ms,4f5c6b8608aa5e2c61e29c5007480f18d3e2dbf6,CHA CHA Mamma Mia (Cha Cha,D:\projekty\Hudba\music-editor\src\data\segments\cha cha\4f5c6b8608aa5e2c61e29c5007480f18d3e2dbf6__s140000ms.wav,140000,20000,,cha cha
4f5c6b8608aa5e2c61e29c5007480f18d3e2dbf6__160000ms,4f5c6b8608aa5e2c61e29c5007480f18d3e2dbf6,CHA CHA Mamma Mia (Cha Cha,D:\projekty\Hudba\music-editor\src\data\segments\cha cha\4f5c6b8608aa5e2c61e29c5007480f18d3e2dbf6__s160000ms.wav,160000,20000,,cha cha
4f5c6b8608aa5e2c61e29c5007480f18d3e2dbf6__180000ms,4f5c6b8608aa5e2c61e29c5007480f18d3e2dbf6,CHA CHA Mamma Mia (Cha Cha,D:\projekty\Hudba\music-editor\src\data\segments\cha cha\4f5c6b8608aa5e2c61e29c5007480f18d3e2dbf6__s180000ms.wav,180000,20000,,cha cha
4f5c6b8608aa5e2c61e29c5007480f18d3e2dbf6__200000ms,4f5c6b8608aa5e2c61e29c5007480f18d3e2dbf6,CHA CHA Mamma Mia (Cha Cha,D:\projekty\Hudba\music-editor\src\data\segments\cha cha\4f5c6b8608aa5e2c61e29c5007480f18d3e2dbf6__s200000ms.wav,200000,20000,,cha cha
4f5c6b8608aa5e2c61e29c5007480f18d3e2dbf6__220000ms,4f5c6b8608aa5e2c61e29c5007480f18d3e2dbf6,CHA CHA Mamma Mia (Cha Cha,D:\projekty\Hudba\music-editor\src\data\segments\cha cha\4f5c6b8608aa5e2c61e29c5007480f18d3e2dbf6__s220000ms.wav,220000,20000,,cha cha
4f5c6b8608aa5e2c61e29c5007480f18d3e2dbf6__240000ms,4f5c6b8608aa5e2c61e29c5007480f18d3e2dbf6,CHA CHA Mamma Mia (Cha Cha,D:\projekty\Hudba\music-editor\src\data\segments\cha cha\4f5c6b8608aa5e2c61e29c5007480f18d3e2dbf6__s240000ms.wav,240000,8294,,cha cha
cf9d2852c72c6738197ab069f562630804adc671__0ms,cf9d2852c72c6738197ab069f562630804adc671,CHA CHA Marc Anthony   Gimme Some More (Audio,D:\projekty\Hudba\music-editor\src\data\segments\cha cha\cf9d2852c72c6738197ab069f562630804adc671__s0ms.wav,0,20000,,cha cha
cf9d2852c72c6738197ab069f562630804adc671__20000ms,cf9d2852c72c6738197ab069f562630804adc671,CHA CHA Marc Anthony   Gimme Some More (Audio,D:\projekty\Hudba\music-editor\src\data\segments\cha cha\cf9d2852c72c6738197ab069f562630804adc671__s20000ms.wav,20000,20000,,cha cha
cf9d2852c72c6738197ab069f562630804adc671__40000ms,cf9d2852c72c6738197ab069f562630804adc671,CHA CHA Marc Anthony   Gimme Some More (Audio,D:\projekty\Hudba\music-editor\src\data\segments\cha cha\cf9d2852c72c6738197ab069f562630804adc671__s40000ms.wav,40000,20000,,cha cha
cf9d2852c72c6738197ab069f562630804adc671__60000ms,cf9d2852c72c6738197ab069f562630804adc671,CHA CHA Marc Anthony   Gimme Some More (Audio,D:\projekty\Hudba\music-editor\src\data\segments\cha cha\cf9d2852c72c6738197ab069f562630804adc671__s60000ms.wav,60000,20000,,cha cha
cf9d2852c72c6738197ab069f562630804adc671__80000ms,cf9d2852c72c6738197ab069f562630804adc671,CHA CHA Marc Anthony   Gimme Some More (Audio,D:\projekty\Hudba\music-editor\src\data\segments\cha cha\cf9d2852c72c6738197ab069f562630804adc671__s80000ms.wav,80000,20000,,cha cha
cf9d2852c72c6738197ab069f562630804adc671__100000ms,cf9d2852c72c6738197ab069f562630804adc671,CHA CHA Marc Anthony   Gimme Some More (Audio,D:\projekty\Hudba\music-editor\src\data\segments\cha cha\cf9d2852c72c6738197ab069f562630804adc671__s100000ms.wav,100000,20000,,cha cha
cf9d2852c72c6738197ab069f562630804adc671__120000ms,cf9d2852c72c6738197ab069f562630804adc671,CHA CHA Marc Anthony   Gimme Some More (Audio,D:\projekty\Hudba\music-editor\src\data\segments\cha cha\cf9d2852c72c6738197ab069f562630804adc671__s120000ms.wav,120000,20000,,cha cha
cf9d2852c72c6738197ab069f562630804adc671__140000ms,cf9d2852c72c6738197ab069f562630804adc671,CHA CHA Marc Anthony   Gimme Some More (Audio,D:\projekty\Hudba\music-editor\src\data\segments\cha cha\cf9d2852c72c6738197ab069f562630804adc671__s140000ms.wav,140000,20000,,cha cha
cf9d2852c72c6738197ab069f562630804adc671__160000ms,cf9d2852c72c6738197ab069f562630804adc671,CHA CHA Marc Anthony   Gimme Some More (Audio,D:\projekty\Hudba\music-editor\src\data\segments\cha cha\cf9d2852c72c6738197ab069f562630804adc671__s160000ms.wav,160000,20000,,cha cha
cf9d2852c72c6738197ab069f562630804adc671__180000ms,cf9d2852c72c6738197ab069f562630804adc671,CHA CHA Marc Anthony   Gimme Some More (Audio,D:\projekty\Hudba\music-editor\src\data\segments\cha cha\cf9d2852c72c6738197ab069f562630804adc671__s180000ms.wav,180000,20000,,cha cha
1958645f16b136df352294ca06fbf0ec2f829554__0ms,1958645f16b136df352294ca06fbf0ec2f829554,CHA CHA Marc Anthony   I Need To Know   Cha Cha Cha Musi,D:\projekty\Hudba\music-editor\src\data\segments\cha cha\1958645f16b136df352294ca06fbf0ec2f829554__s0ms.wav,0,20000,,cha cha
1958645f16b136df352294ca06fbf0ec2f829554__20000ms,1958645f16b136df352294ca06fbf0ec2f829554,CHA CHA Marc Anthony   I Need To Know   Cha Cha Cha Musi,D:\projekty\Hudba\music-editor\src\data\segments\cha cha\1958645f16b136df352294ca06fbf0ec2f829554__s20000ms.wav,20000,20000,,cha cha
1958645f16b136df352294ca06fbf0ec2f829554__40000ms,1958645f16b136df352294ca06fbf0ec2f829554,CHA CHA Marc Anthony   I Need To Know   Cha Cha Cha Musi,D:\projekty\Hudba\music-editor\src\data\segments\cha cha\1958645f16b136df352294ca06fbf0ec2f829554__s40000ms.wav,40000,20000,,cha cha
1958645f16b136df352294ca06fbf0ec2f829554__60000ms,1958645f16b136df352294ca06fbf0ec2f829554,CHA CHA Marc Anthony   I Need To Know   Cha Cha Cha Musi,D:\projekty\Hudba\music-editor\src\data\segments\cha cha\1958645f16b136df352294ca06fbf0ec2f829554__s60000ms.wav,60000,20000,,cha cha
1958645f16b136df352294ca06fbf0ec2f829554__80000ms,1958645f16b136df352294ca06fbf0ec2f829554,CHA CHA Marc Anthony   I Need To Know   Cha Cha Cha Musi,D:\projekty\Hudba\music-editor\src\data\segments\cha cha\1958645f16b136df352294ca06fbf0ec2f829554__s80000ms.wav,80000,20000,,cha cha
1958645f16b136df352294ca06fbf0ec2f829554__100000ms,1958645f16b136df352294ca06fbf0ec2f829554,CHA CHA Marc Anthony   I Need To Know   Cha Cha Cha Musi,D:\projekty\Hudba\music-editor\src\data\segments\cha cha\1958645f16b136df352294ca06fbf0ec2f829554__s100000ms.wav,100000,20000,,cha cha
1958645f16b136df352294ca06fbf0ec2f829554__120000ms,1958645f16b136df352294ca06fbf0ec2f829554,CHA CHA Marc Anthony   I Need To Know   Cha Cha Cha Musi,D:\projekty\Hudba\music-editor\src\data\segments\cha cha\1958645f16b136df352294ca06fbf0ec2f829554__s120000ms.wav,120000,20000,,cha cha
1958645f16b136df352294ca06fbf0ec2f829554__140000ms,1958645f16b136df352294ca06fbf0ec2f829554,CHA CHA Marc Anthony   I Need To Know   Cha Cha Cha Musi,D:\projekty\Hudba\music-editor\src\data\segments\cha cha\1958645f16b136df352294ca06fbf0ec2f829554__s140000ms.wav,140000,20000,,cha cha
1958645f16b136df352294ca06fbf0ec2f829554__160000ms,1958645f16b136df352294ca06fbf0ec2f829554,CHA CHA Marc Anthony   I Need To Know   Cha Cha Cha Musi,D:\projekty\Hudba\music-editor\src\data\segments\cha cha\1958645f16b136df352294ca06fbf0ec2f829554__s160000ms.wav,160000,20000,,cha cha
1958645f16b136df352294ca06fbf0ec2f829554__180000ms,1958645f16b136df352294ca06fbf0ec2f829554,CHA CHA Marc Anthony   I Need To Know   Cha Cha Cha Musi,D:\projekty\Hudba\music-editor\src\data\segments\cha cha\1958645f16b136df352294ca06fbf0ec2f829554__s180000ms.wav,180000,20000,,cha cha
1958645f16b136df352294ca06fbf0ec2f829554__200000ms,1958645f16b136df352294ca06fbf0ec2f829554,CHA CHA Marc Anthony   I Need To Know   Cha Cha Cha Musi,D:\projekty\Hudba\music-editor\src\data\segments\cha cha\1958645f16b136df352294ca06fbf0ec2f829554__s200000ms.wav,200000,17992,,cha cha
09f18b66d33dc24063022a32a49d46bfb3324838__0ms,09f18b66d33dc24063022a32a49d46bfb3324838,Cha cha Martin Garrix   Animals (Official Video),D:\projekty\Hudba\music-editor\src\data\segments\cha cha\09f18b66d33dc24063022a32a49d46bfb3324838__s0ms.wav,0,20000,,cha cha
09f18b66d33dc24063022a32a49d46bfb3324838__20000ms,09f18b66d33dc24063022a32a49d46bfb3324838,Cha cha Martin Garrix   Animals (Official Video),D:\projekty\Hudba\music-editor\src\data\segments\cha cha\09f18b66d33dc24063022a32a49d46bfb3324838__s20000ms.wav,20000,20000,,cha cha
09f18b66d33dc24063022a32a49d46bfb3324838__40000ms,09f18b66d33dc24063022a32a49d46bfb3324838,Cha cha Martin Garrix   Animals (Official Video),D:\projekty\Hudba\music-editor\src\data\segments\cha cha\09f18b66d33dc24063022a32a49d46bfb3324838__s40000ms.wav,40000,20000,,cha cha
09f18b66d33dc24063022a32a49d46bfb3324838__60000ms,09f18b66d33dc24063022a32a49d46bfb3324838,Cha cha Martin Garrix   Animals (Official Video),D:\projekty\Hudba\music-editor\src\data\segments\cha cha\09f18b66d33dc24063022a32a49d46bfb3324838__s60000ms.wav,60000,20000,,cha cha
09f18b66d33dc24063022a32a49d46bfb3324838__80000ms,09f18b66d33dc24063022a32a49d46bfb3324838,Cha cha Martin Garrix   Animals (Official Video),D:\projekty\Hudba\music-editor\src\data\segments\cha cha\09f18b66d33dc24063022a32a49d46bfb3324838__s80000ms.wav,80000,20000,,cha cha
09f18b66d33dc24063022a32a49d46bfb3324838__100000ms,09f18b66d33dc24063022a32a49d46bfb3324838,Cha cha Martin Garrix   Animals (Official Video),D:\projekty\Hudba\music-editor\src\data\segments\cha cha\09f18b66d33dc24063022a32a49d46bfb3324838__s100000ms.wav,100000,20000,,cha cha
09f18b66d33dc24063022a32a49d46bfb3324838__120000ms,09f18b66d33dc24063022a32a49d46bfb3324838,Cha cha Martin Garrix   Animals (Official Video),D:\projekty\Hudba\music-editor\src\data\segments\cha cha\09f18b66d33dc24063022a32a49d46bfb3324838__s120000ms.wav,120000,20000,,cha cha
09f18b66d33dc24063022a32a49d46bfb3324838__140000ms,09f18b66d33dc24063022a32a49d46bfb3324838,Cha cha Martin Garrix   Animals (Official Video),D:\projekty\Hudba\music-editor\src\data\segments\cha cha\09f18b66d33dc24063022a32a49d46bfb3324838__s140000ms.wav,140000,19608,,cha cha
de387e58d97de325517e7f5b33ff6399845c3f62__0ms,de387e58d97de325517e7f5b33ff6399845c3f62,CHA CHA Miguel Sáez upravená  Mala mujer (ChaCha),D:\projekty\Hudba\music-editor\src\data\segments\cha cha\de387e58d97de325517e7f5b33ff6399845c3f62__s0ms.wav,0,20000,,cha cha
de387e58d97de325517e7f5b33ff6399845c3f62__20000ms,de387e58d97de325517e7f5b33ff6399845c3f62,CHA CHA Miguel Sáez upravená  Mala mujer (ChaCha),D:\projekty\Hudba\music-editor\src\data\segments\cha cha\de387e58d97de325517e7f5b33ff6399845c3f62__s20000ms.wav,20000,20000,,cha cha
de387e58d97de325517e7f5b33ff6399845c3f62__40000ms,de387e58d97de325517e7f5b33ff6399845c3f62,CHA CHA Miguel Sáez upravená  Mala mujer (ChaCha),D:\projekty\Hudba\music-editor\src\data\segments\cha cha\de387e58d97de325517e7f5b33ff6399845c3f62__s40000ms.wav,40000,20000,,cha cha
de387e58d97de325517e7f5b33ff6399845c3f62__60000ms,de387e58d97de325517e7f5b33ff6399845c3f62,CHA CHA Miguel Sáez upravená  Mala mujer (ChaCha),D:\projekty\Hudba\music-editor\src\data\segments\cha cha\de387e58d97de325517e7f5b33ff6399845c3f62__s60000ms.wav,60000,20000,,cha cha
de387e58d97de325517e7f5b33ff6399845c3f62__80000ms,de387e58d97de325517e7f5b33ff6399845c3f62,CHA CHA Miguel Sáez upravená  Mala mujer (ChaCha),D:\projekty\Hudba\music-editor\src\data\segments\cha cha\de387e58d97de325517e7f5b33ff6399845c3f62__s80000ms.wav,80000,20000,,cha cha
de387e58d97de325517e7f5b33ff6399845c3f62__100000ms,de387e58d97de325517e7f5b33ff6399845c3f62,CHA CHA Miguel Sáez upravená  Mala mujer (ChaCha),D:\projekty\Hudba\music-editor\src\data\segments\cha cha\de387e58d97de325517e7f5b33ff6399845c3f62__s100000ms.wav,100000,20000,,cha cha
de387e58d97de325517e7f5b33ff6399845c3f62__120000ms,de387e58d97de325517e7f5b33ff6399845c3f62,CHA CHA Miguel Sáez upravená  Mala mujer (ChaCha),D:\projekty\Hudba\music-editor\src\data\segments\cha cha\de387e58d97de325517e7f5b33ff6399845c3f62__s120000ms.wav,120000,20000,,cha cha
de387e58d97de325517e7f5b33ff6399845c3f62__140000ms,de387e58d97de325517e7f5b33ff6399845c3f62,CHA CHA Miguel Sáez upravená  Mala mujer (ChaCha),D:\projekty\Hudba\music-editor\src\data\segments\cha cha\de387e58d97de325517e7f5b33ff6399845c3f62__s140000ms.wav,140000,20000,,cha cha
de387e58d97de325517e7f5b33ff6399845c3f62__160000ms,de387e58d97de325517e7f5b33ff6399845c3f62,CHA CHA Miguel Sáez upravená  Mala mujer (ChaCha),D:\projekty\Hudba\music-editor\src\data\segments\cha cha\de387e58d97de325517e7f5b33ff6399845c3f62__s160000ms.wav,160000,20000,,cha cha
de387e58d97de325517e7f5b33ff6399845c3f62__180000ms,de387e58d97de325517e7f5b33ff6399845c3f62,CHA CHA Miguel Sáez upravená  Mala mujer (ChaCha),D:\projekty\Hudba\music-editor\src\data\segments\cha cha\de387e58d97de325517e7f5b33ff6399845c3f62__s180000ms.wav,180000,20000,,cha cha
de387e58d97de325517e7f5b33ff6399845c3f62__200000ms,de387e58d97de325517e7f5b33ff6399845c3f62,CHA CHA Miguel Sáez upravená  Mala mujer (ChaCha),D:\projekty\Hudba\music-editor\src\data\segments\cha cha\de387e58d97de325517e7f5b33ff6399845c3f62__s200000ms.wav,200000,15745,,cha cha
b6e985e2998e2d45cf99042b9de0699d05cc2fd4__0ms,b6e985e2998e2d45cf99042b9de0699d05cc2fd4,CHA CHA Miley Cyrus   Flowers (Max Oazo u0026 Bonzana Remix,D:\projekty\Hudba\music-editor\src\data\segments\cha cha\b6e985e2998e2d45cf99042b9de0699d05cc2fd4__s0ms.wav,0,20000,,cha cha
b6e985e2998e2d45cf99042b9de0699d05cc2fd4__20000ms,b6e985e2998e2d45cf99042b9de0699d05cc2fd4,CHA CHA Miley Cyrus   Flowers (Max Oazo u0026 Bonzana Remix,D:\projekty\Hudba\music-editor\src\data\segments\cha cha\b6e985e2998e2d45cf99042b9de0699d05cc2fd4__s20000ms.wav,20000,20000,,cha cha
b6e985e2998e2d45cf99042b9de0699d05cc2fd4__40000ms,b6e985e2998e2d45cf99042b9de0699d05cc2fd4,CHA CHA Miley Cyrus   Flowers (Max Oazo u0026 Bonzana Remix,D:\projekty\Hudba\music-editor\src\data\segments\cha cha\b6e985e2998e2d45cf99042b9de0699d05cc2fd4__s40000ms.wav,40000,20000,,cha cha
b6e985e2998e2d45cf99042b9de0699d05cc2fd4__60000ms,b6e985e2998e2d45cf99042b9de0699d05cc2fd4,CHA CHA Miley Cyrus   Flowers (Max Oazo u0026 Bonzana Remix,D:\projekty\Hudba\music-editor\src\data\segments\cha cha\b6e985e2998e2d45cf99042b9de0699d05cc2fd4__s60000ms.wav,60000,20000,,cha cha
b6e985e2998e2d45cf99042b9de0699d05cc2fd4__80000ms,b6e985e2998e2d45cf99042b9de0699d05cc2fd4,CHA CHA Miley Cyrus   Flowers (Max Oazo u0026 Bonzana Remix,D:\projekty\Hudba\music-editor\src\data\segments\cha cha\b6e985e2998e2d45cf99042b9de0699d05cc2fd4__s80000ms.wav,80000,20000,,cha cha
b6e985e2998e2d45cf99042b9de0699d05cc2fd4__100000ms,b6e985e2998e2d45cf99042b9de0699d05cc2fd4,CHA CHA Miley Cyrus   Flowers (Max Oazo u0026 Bonzana Remix,D:\projekty\Hudba\music-editor\src\data\segments\cha cha\b6e985e2998e2d45cf99042b9de0699d05cc2fd4__s100000ms.wav,100000,20000,,cha cha
b6e985e2998e2d45cf99042b9de0699d05cc2fd4__120000ms,b6e985e2998e2d45cf99042b9de0699d05cc2fd4,CHA CHA Miley Cyrus   Flowers (Max Oazo u0026 Bonzana Remix,D:\projekty\Hudba\music-editor\src\data\segments\cha cha\b6e985e2998e2d45cf99042b9de0699d05cc2fd4__s120000ms.wav,120000,20000,,cha cha
b6e985e2998e2d45cf99042b9de0699d05cc2fd4__140000ms,b6e985e2998e2d45cf99042b9de0699d05cc2fd4,CHA CHA Miley Cyrus   Flowers (Max Oazo u0026 Bonzana Remix,D:\projekty\Hudba\music-editor\src\data\segments\cha cha\b6e985e2998e2d45cf99042b9de0699d05cc2fd4__s140000ms.wav,140000,20000,,cha cha
b6e985e2998e2d45cf99042b9de0699d05cc2fd4__160000ms,b6e985e2998e2d45cf99042b9de0699d05cc2fd4,CHA CHA Miley Cyrus   Flowers (Max Oazo u0026 Bonzana Remix,D:\projekty\Hudba\music-editor\src\data\segments\cha cha\b6e985e2998e2d45cf99042b9de0699d05cc2fd4__s160000ms.wav,160000,10162,,cha cha
405868c9086fd4c6297973033579da76d174d1ed__0ms,405868c9086fd4c6297973033579da76d174d1ed,Cha cha music Dance House – I Like You,D:\projekty\Hudba\music-editor\src\data\segments\cha cha\405868c9086fd4c6297973033579da76d174d1ed__s0ms.wav,0,20000,,cha cha
405868c9086fd4c6297973033579da76d174d1ed__20000ms,405868c9086fd4c6297973033579da76d174d1ed,Cha cha music Dance House – I Like You,D:\projekty\Hudba\music-editor\src\data\segments\cha cha\405868c9086fd4c6297973033579da76d174d1ed__s20000ms.wav,20000,20000,,cha cha
405868c9086fd4c6297973033579da76d174d1ed__40000ms,405868c9086fd4c6297973033579da76d174d1ed,Cha cha music Dance House – I Like You,D:\projekty\Hudba\music-editor\src\data\segments\cha cha\405868c9086fd4c6297973033579da76d174d1ed__s40000ms.wav,40000,20000,,cha cha
405868c9086fd4c6297973033579da76d174d1ed__60000ms,405868c9086fd4c6297973033579da76d174d1ed,Cha cha music Dance House – I Like You,D:\projekty\Hudba\music-editor\src\data\segments\cha cha\405868c9086fd4c6297973033579da76d174d1ed__s60000ms.wav,60000,20000,,cha cha
405868c9086fd4c6297973033579da76d174d1ed__80000ms,405868c9086fd4c6297973033579da76d174d1ed,Cha cha music Dance House – I Like You,D:\projekty\Hudba\music-editor\src\data\segments\cha cha\405868c9086fd4c6297973033579da76d174d1ed__s80000ms.wav,80000,20000,,cha cha
405868c9086fd4c6297973033579da76d174d1ed__100000ms,405868c9086fd4c6297973033579da76d174d1ed,Cha cha music Dance House – I Like You,D:\projekty\Hudba\music-editor\src\data\segments\cha cha\405868c9086fd4c6297973033579da76d174d1ed__s100000ms.wav,100000,20000,,cha cha
405868c9086fd4c6297973033579da76d174d1ed__120000ms,405868c9086fd4c6297973033579da76d174d1ed,Cha cha music Dance House – I Like You,D:\projekty\Hudba\music-editor\src\data\segments\cha cha\405868c9086fd4c6297973033579da76d174d1ed__s120000ms.wav,120000,20000,,cha cha
405868c9086fd4c6297973033579da76d174d1ed__140000ms,405868c9086fd4c6297973033579da76d174d1ed,Cha cha music Dance House – I Like You,D:\projekty\Hudba\music-editor\src\data\segments\cha cha\405868c9086fd4c6297973033579da76d174d1ed__s140000ms.wav,140000,20000,,cha cha
405868c9086fd4c6297973033579da76d174d1ed__160000ms,405868c9086fd4c6297973033579da76d174d1ed,Cha cha music Dance House – I Like You,D:\projekty\Hudba\music-editor\src\data\segments\cha cha\405868c9086fd4c6297973033579da76d174d1ed__s160000ms.wav,160000,20000,,cha cha
24e75b4734884459dc0a44285f858925931cf2e0__0ms,24e75b4734884459dc0a44285f858925931cf2e0,Cha cha music Sunray feat Kym Mazelle – Perhaps,D:\projekty\Hudba\music-editor\src\data\segments\cha cha\24e75b4734884459dc0a44285f858925931cf2e0__s0ms.wav,0,20000,,cha cha
24e75b4734884459dc0a44285f858925931cf2e0__20000ms,24e75b4734884459dc0a44285f858925931cf2e0,Cha cha music Sunray feat Kym Mazelle – Perhaps,D:\projekty\Hudba\music-editor\src\data\segments\cha cha\24e75b4734884459dc0a44285f858925931cf2e0__s20000ms.wav,20000,20000,,cha cha
24e75b4734884459dc0a44285f858925931cf2e0__40000ms,24e75b4734884459dc0a44285f858925931cf2e0,Cha cha music Sunray feat Kym Mazelle – Perhaps,D:\projekty\Hudba\music-editor\src\data\segments\cha cha\24e75b4734884459dc0a44285f858925931cf2e0__s40000ms.wav,40000,20000,,cha cha
24e75b4734884459dc0a44285f858925931cf2e0__60000ms,24e75b4734884459dc0a44285f858925931cf2e0,Cha cha music Sunray feat Kym Mazelle – Perhaps,D:\projekty\Hudba\music-editor\src\data\segments\cha cha\24e75b4734884459dc0a44285f858925931cf2e0__s60000ms.wav,60000,20000,,cha cha
24e75b4734884459dc0a44285f858925931cf2e0__80000ms,24e75b4734884459dc0a44285f858925931cf2e0,Cha cha music Sunray feat Kym Mazelle – Perhaps,D:\projekty\Hudba\music-editor\src\data\segments\cha cha\24e75b4734884459dc0a44285f858925931cf2e0__s80000ms.wav,80000,20000,,cha cha
24e75b4734884459dc0a44285f858925931cf2e0__100000ms,24e75b4734884459dc0a44285f858925931cf2e0,Cha cha music Sunray feat Kym Mazelle – Perhaps,D:\projekty\Hudba\music-editor\src\data\segments\cha cha\24e75b4734884459dc0a44285f858925931cf2e0__s100000ms.wav,100000,20000,,cha cha
24e75b4734884459dc0a44285f858925931cf2e0__120000ms,24e75b4734884459dc0a44285f858925931cf2e0,Cha cha music Sunray feat Kym Mazelle – Perhaps,D:\projekty\Hudba\music-editor\src\data\segments\cha cha\24e75b4734884459dc0a44285f858925931cf2e0__s120000ms.wav,120000,20000,,cha cha
24e75b4734884459dc0a44285f858925931cf2e0__140000ms,24e75b4734884459dc0a44285f858925931cf2e0,Cha cha music Sunray feat Kym Mazelle – Perhaps,D:\projekty\Hudba\music-editor\src\data\segments\cha cha\24e75b4734884459dc0a44285f858925931cf2e0__s140000ms.wav,140000,20000,,cha cha
24e75b4734884459dc0a44285f858925931cf2e0__160000ms,24e75b4734884459dc0a44285f858925931cf2e0,Cha cha music Sunray feat Kym Mazelle – Perhaps,D:\projekty\Hudba\music-editor\src\data\segments\cha cha\24e75b4734884459dc0a44285f858925931cf2e0__s160000ms.wav,160000,15386,,cha cha
eec7a927a1f2fb2101a895293b3f72d4adf093a9__0ms,eec7a927a1f2fb2101a895293b3f72d4adf093a9,CHA CHA Måneskin   GOSSIP ft Tom Morello (LyricsTesto,D:\projekty\Hudba\music-editor\src\data\segments\cha cha\eec7a927a1f2fb2101a895293b3f72d4adf093a9__s0ms.wav,0,20000,,cha cha
eec7a927a1f2fb2101a895293b3f72d4adf093a9__20000ms,eec7a927a1f2fb2101a895293b3f72d4adf093a9,CHA CHA Måneskin   GOSSIP ft Tom Morello (LyricsTesto,D:\projekty\Hudba\music-editor\src\data\segments\cha cha\eec7a927a1f2fb2101a895293b3f72d4adf093a9__s20000ms.wav,20000,20000,,cha cha
eec7a927a1f2fb2101a895293b3f72d4adf093a9__40000ms,eec7a927a1f2fb2101a895293b3f72d4adf093a9,CHA CHA Måneskin   GOSSIP ft Tom Morello (LyricsTesto,D:\projekty\Hudba\music-editor\src\data\segments\cha cha\eec7a927a1f2fb2101a895293b3f72d4adf093a9__s40000ms.wav,40000,20000,,cha cha
eec7a927a1f2fb2101a895293b3f72d4adf093a9__60000ms,eec7a927a1f2fb2101a895293b3f72d4adf093a9,CHA CHA Måneskin   GOSSIP ft Tom Morello (LyricsTesto,D:\projekty\Hudba\music-editor\src\data\segments\cha cha\eec7a927a1f2fb2101a895293b3f72d4adf093a9__s60000ms.wav,60000,20000,,cha cha
eec7a927a1f2fb2101a895293b3f72d4adf093a9__80000ms,eec7a927a1f2fb2101a895293b3f72d4adf093a9,CHA CHA Måneskin   GOSSIP ft Tom Morello (LyricsTesto,D:\projekty\Hudba\music-editor\src\data\segments\cha cha\eec7a927a1f2fb2101a895293b3f72d4adf093a9__s80000ms.wav,80000,20000,,cha cha
eec7a927a1f2fb2101a895293b3f72d4adf093a9__100000ms,eec7a927a1f2fb2101a895293b3f72d4adf093a9,CHA CHA Måneskin   GOSSIP ft Tom Morello (LyricsTesto,D:\projekty\Hudba\music-editor\src\data\segments\cha cha\eec7a927a1f2fb2101a895293b3f72d4adf093a9__s100000ms.wav,100000,20000,,cha cha
eec7a927a1f2fb2101a895293b3f72d4adf093a9__120000ms,eec7a927a1f2fb2101a895293b3f72d4adf093a9,CHA CHA Måneskin   GOSSIP ft Tom Morello (LyricsTesto,D:\projekty\Hudba\music-editor\src\data\segments\cha cha\eec7a927a1f2fb2101a895293b3f72d4adf093a9__s120000ms.wav,120000,20000,,cha cha
eec7a927a1f2fb2101a895293b3f72d4adf093a9__140000ms,eec7a927a1f2fb2101a895293b3f72d4adf093a9,CHA CHA Måneskin   GOSSIP ft Tom Morello (LyricsTesto,D:\projekty\Hudba\music-editor\src\data\segments\cha cha\eec7a927a1f2fb2101a895293b3f72d4adf093a9__s140000ms.wav,140000,20000,,cha cha
eec7a927a1f2fb2101a895293b3f72d4adf093a9__160000ms,eec7a927a1f2fb2101a895293b3f72d4adf093a9,CHA CHA Måneskin   GOSSIP ft Tom Morello (LyricsTesto,D:\projekty\Hudba\music-editor\src\data\segments\cha cha\eec7a927a1f2fb2101a895293b3f72d4adf093a9__s160000ms.wav,160000,20000,,cha cha
eec7a927a1f2fb2101a895293b3f72d4adf093a9__180000ms,eec7a927a1f2fb2101a895293b3f72d4adf093a9,CHA CHA Måneskin   GOSSIP ft Tom Morello (LyricsTesto,D:\projekty\Hudba\music-editor\src\data\segments\cha cha\eec7a927a1f2fb2101a895293b3f72d4adf093a9__s180000ms.wav,180000,9179,,cha cha
e0722f6ce33034d268870a206f8eb31649079ce6__0ms,e0722f6ce33034d268870a206f8eb31649079ce6,CHA CHA NONSTOP CHRISTMAS 1. upravená EDITION 202,D:\projekty\Hudba\music-editor\src\data\segments\cha cha\e0722f6ce33034d268870a206f8eb31649079ce6__s0ms.wav,0,20000,,cha cha
e0722f6ce33034d268870a206f8eb31649079ce6__20000ms,e0722f6ce33034d268870a206f8eb31649079ce6,CHA CHA NONSTOP CHRISTMAS 1. upravená EDITION 202,D:\projekty\Hudba\music-editor\src\data\segments\cha cha\e0722f6ce33034d268870a206f8eb31649079ce6__s20000ms.wav,20000,20000,,cha cha
e0722f6ce33034d268870a206f8eb31649079ce6__40000ms,e0722f6ce33034d268870a206f8eb31649079ce6,CHA CHA NONSTOP CHRISTMAS 1. upravená EDITION 202,D:\projekty\Hudba\music-editor\src\data\segments\cha cha\e0722f6ce33034d268870a206f8eb31649079ce6__s40000ms.wav,40000,20000,,cha cha
e0722f6ce33034d268870a206f8eb31649079ce6__60000ms,e0722f6ce33034d268870a206f8eb31649079ce6,CHA CHA NONSTOP CHRISTMAS 1. upravená EDITION 202,D:\projekty\Hudba\music-editor\src\data\segments\cha cha\e0722f6ce33034d268870a206f8eb31649079ce6__s60000ms.wav,60000,20000,,cha cha
e0722f6ce33034d268870a206f8eb31649079ce6__80000ms,e0722f6ce33034d268870a206f8eb31649079ce6,CHA CHA NONSTOP CHRISTMAS 1. upravená EDITION 202,D:\projekty\Hudba\music-editor\src\data\segments\cha cha\e0722f6ce33034d268870a206f8eb31649079ce6__s80000ms.wav,80000,20000,,cha cha
e0722f6ce33034d268870a206f8eb31649079ce6__100000ms,e0722f6ce33034d268870a206f8eb31649079ce6,CHA CHA NONSTOP CHRISTMAS 1. upravená EDITION 202,D:\projekty\Hudba\music-editor\src\data\segments\cha cha\e0722f6ce33034d268870a206f8eb31649079ce6__s100000ms.wav,100000,20000,,cha cha
e0722f6ce33034d268870a206f8eb31649079ce6__120000ms,e0722f6ce33034d268870a206f8eb31649079ce6,CHA CHA NONSTOP CHRISTMAS 1. upravená EDITION 202,D:\projekty\Hudba\music-editor\src\data\segments\cha cha\e0722f6ce33034d268870a206f8eb31649079ce6__s120000ms.wav,120000,20000,,cha cha
e0722f6ce33034d268870a206f8eb31649079ce6__140000ms,e0722f6ce33034d268870a206f8eb31649079ce6,CHA CHA NONSTOP CHRISTMAS 1. upravená EDITION 202,D:\projekty\Hudba\music-editor\src\data\segments\cha cha\e0722f6ce33034d268870a206f8eb31649079ce6__s140000ms.wav,140000,20000,,cha cha
e0722f6ce33034d268870a206f8eb31649079ce6__160000ms,e0722f6ce33034d268870a206f8eb31649079ce6,CHA CHA NONSTOP CHRISTMAS 1. upravená EDITION 202,D:\projekty\Hudba\music-editor\src\data\segments\cha cha\e0722f6ce33034d268870a206f8eb31649079ce6__s160000ms.wav,160000,20000,,cha cha
e0722f6ce33034d268870a206f8eb31649079ce6__180000ms,e0722f6ce33034d268870a206f8eb31649079ce6,CHA CHA NONSTOP CHRISTMAS 1. upravená EDITION 202,D:\projekty\Hudba\music-editor\src\data\segments\cha cha\e0722f6ce33034d268870a206f8eb31649079ce6__s180000ms.wav,180000,20000,,cha cha
e0722f6ce33034d268870a206f8eb31649079ce6__200000ms,e0722f6ce33034d268870a206f8eb31649079ce6,CHA CHA NONSTOP CHRISTMAS 1. upravená EDITION 202,D:\projekty\Hudba\music-editor\src\data\segments\cha cha\e0722f6ce33034d268870a206f8eb31649079ce6__s200000ms.wav,200000,20000,,cha cha
e0722f6ce33034d268870a206f8eb31649079ce6__220000ms,e0722f6ce33034d268870a206f8eb31649079ce6,CHA CHA NONSTOP CHRISTMAS 1. upravená EDITION 202,D:\projekty\Hudba\music-editor\src\data\segments\cha cha\e0722f6ce33034d268870a206f8eb31649079ce6__s220000ms.wav,220000,20000,,cha cha
e0722f6ce33034d268870a206f8eb31649079ce6__240000ms,e0722f6ce33034d268870a206f8eb31649079ce6,CHA CHA NONSTOP CHRISTMAS 1. upravená EDITION 202,D:\projekty\Hudba\music-editor\src\data\segments\cha cha\e0722f6ce33034d268870a206f8eb31649079ce6__s240000ms.wav,240000,20000,,cha cha
e0722f6ce33034d268870a206f8eb31649079ce6__260000ms,e0722f6ce33034d268870a206f8eb31649079ce6,CHA CHA NONSTOP CHRISTMAS 1. upravená EDITION 202,D:\projekty\Hudba\music-editor\src\data\segments\cha cha\e0722f6ce33034d268870a206f8eb31649079ce6__s260000ms.wav,260000,20000,,cha cha
e0722f6ce33034d268870a206f8eb31649079ce6__280000ms,e0722f6ce33034d268870a206f8eb31649079ce6,CHA CHA NONSTOP CHRISTMAS 1. upravená EDITION 202,D:\projekty\Hudba\music-editor\src\data\segments\cha cha\e0722f6ce33034d268870a206f8eb31649079ce6__s280000ms.wav,280000,20000,,cha cha
e0722f6ce33034d268870a206f8eb31649079ce6__300000ms,e0722f6ce33034d268870a206f8eb31649079ce6,CHA CHA NONSTOP CHRISTMAS 1. upravená EDITION 202,D:\projekty\Hudba\music-editor\src\data\segments\cha cha\e0722f6ce33034d268870a206f8eb31649079ce6__s300000ms.wav,300000,11719,,cha cha
e21b06727527ce5c991a01b9926e05057fbd429f__0ms,e21b06727527ce5c991a01b9926e05057fbd429f,CHA CHA NONSTOP CHRISTMAS 2. upravená EDITION 202,D:\projekty\Hudba\music-editor\src\data\segments\cha cha\e21b06727527ce5c991a01b9926e05057fbd429f__s0ms.wav,0,20000,,cha cha
e21b06727527ce5c991a01b9926e05057fbd429f__20000ms,e21b06727527ce5c991a01b9926e05057fbd429f,CHA CHA NONSTOP CHRISTMAS 2. upravená EDITION 202,D:\projekty\Hudba\music-editor\src\data\segments\cha cha\e21b06727527ce5c991a01b9926e05057fbd429f__s20000ms.wav,20000,20000,,cha cha
e21b06727527ce5c991a01b9926e05057fbd429f__40000ms,e21b06727527ce5c991a01b9926e05057fbd429f,CHA CHA NONSTOP CHRISTMAS 2. upravená EDITION 202,D:\projekty\Hudba\music-editor\src\data\segments\cha cha\e21b06727527ce5c991a01b9926e05057fbd429f__s40000ms.wav,40000,20000,,cha cha
e21b06727527ce5c991a01b9926e05057fbd429f__60000ms,e21b06727527ce5c991a01b9926e05057fbd429f,CHA CHA NONSTOP CHRISTMAS 2. upravená EDITION 202,D:\projekty\Hudba\music-editor\src\data\segments\cha cha\e21b06727527ce5c991a01b9926e05057fbd429f__s60000ms.wav,60000,20000,,cha cha
e21b06727527ce5c991a01b9926e05057fbd429f__80000ms,e21b06727527ce5c991a01b9926e05057fbd429f,CHA CHA NONSTOP CHRISTMAS 2. upravená EDITION 202,D:\projekty\Hudba\music-editor\src\data\segments\cha cha\e21b06727527ce5c991a01b9926e05057fbd429f__s80000ms.wav,80000,20000,,cha cha
e21b06727527ce5c991a01b9926e05057fbd429f__100000ms,e21b06727527ce5c991a01b9926e05057fbd429f,CHA CHA NONSTOP CHRISTMAS 2. upravená EDITION 202,D:\projekty\Hudba\music-editor\src\data\segments\cha cha\e21b06727527ce5c991a01b9926e05057fbd429f__s100000ms.wav,100000,20000,,cha cha
e21b06727527ce5c991a01b9926e05057fbd429f__120000ms,e21b06727527ce5c991a01b9926e05057fbd429f,CHA CHA NONSTOP CHRISTMAS 2. upravená EDITION 202,D:\projekty\Hudba\music-editor\src\data\segments\cha cha\e21b06727527ce5c991a01b9926e05057fbd429f__s120000ms.wav,120000,20000,,cha cha
e21b06727527ce5c991a01b9926e05057fbd429f__140000ms,e21b06727527ce5c991a01b9926e05057fbd429f,CHA CHA NONSTOP CHRISTMAS 2. upravená EDITION 202,D:\projekty\Hudba\music-editor\src\data\segments\cha cha\e21b06727527ce5c991a01b9926e05057fbd429f__s140000ms.wav,140000,20000,,cha cha
e21b06727527ce5c991a01b9926e05057fbd429f__160000ms,e21b06727527ce5c991a01b9926e05057fbd429f,CHA CHA NONSTOP CHRISTMAS 2. upravená EDITION 202,D:\projekty\Hudba\music-editor\src\data\segments\cha cha\e21b06727527ce5c991a01b9926e05057fbd429f__s160000ms.wav,160000,20000,,cha cha
e21b06727527ce5c991a01b9926e05057fbd429f__180000ms,e21b06727527ce5c991a01b9926e05057fbd429f,CHA CHA NONSTOP CHRISTMAS 2. upravená EDITION 202,D:\projekty\Hudba\music-editor\src\data\segments\cha cha\e21b06727527ce5c991a01b9926e05057fbd429f__s180000ms.wav,180000,20000,,cha cha
e21b06727527ce5c991a01b9926e05057fbd429f__200000ms,e21b06727527ce5c991a01b9926e05057fbd429f,CHA CHA NONSTOP CHRISTMAS 2. upravená EDITION 202,D:\projekty\Hudba\music-editor\src\data\segments\cha cha\e21b06727527ce5c991a01b9926e05057fbd429f__s200000ms.wav,200000,20000,,cha cha
e21b06727527ce5c991a01b9926e05057fbd429f__220000ms,e21b06727527ce5c991a01b9926e05057fbd429f,CHA CHA NONSTOP CHRISTMAS 2. upravená EDITION 202,D:\projekty\Hudba\music-editor\src\data\segments\cha cha\e21b06727527ce5c991a01b9926e05057fbd429f__s220000ms.wav,220000,20000,,cha cha
e21b06727527ce5c991a01b9926e05057fbd429f__240000ms,e21b06727527ce5c991a01b9926e05057fbd429f,CHA CHA NONSTOP CHRISTMAS 2. upravená EDITION 202,D:\projekty\Hudba\music-editor\src\data\segments\cha cha\e21b06727527ce5c991a01b9926e05057fbd429f__s240000ms.wav,240000,20000,,cha cha
6d59fe85e9e2b66a65b9907e72413f00625fa686__0ms,6d59fe85e9e2b66a65b9907e72413f00625fa686,CHA CHA NONSTOP CHRISTMAS 3. upravená EDITION 202,D:\projekty\Hudba\music-editor\src\data\segments\cha cha\6d59fe85e9e2b66a65b9907e72413f00625fa686__s0ms.wav,0,20000,,cha cha
6d59fe85e9e2b66a65b9907e72413f00625fa686__20000ms,6d59fe85e9e2b66a65b9907e72413f00625fa686,CHA CHA NONSTOP CHRISTMAS 3. upravená EDITION 202,D:\projekty\Hudba\music-editor\src\data\segments\cha cha\6d59fe85e9e2b66a65b9907e72413f00625fa686__s20000ms.wav,20000,20000,,cha cha
6d59fe85e9e2b66a65b9907e72413f00625fa686__40000ms,6d59fe85e9e2b66a65b9907e72413f00625fa686,CHA CHA NONSTOP CHRISTMAS 3. upravená EDITION 202,D:\projekty\Hudba\music-editor\src\data\segments\cha cha\6d59fe85e9e2b66a65b9907e72413f00625fa686__s40000ms.wav,40000,20000,,cha cha
6d59fe85e9e2b66a65b9907e72413f00625fa686__60000ms,6d59fe85e9e2b66a65b9907e72413f00625fa686,CHA CHA NONSTOP CHRISTMAS 3. upravená EDITION 202,D:\projekty\Hudba\music-editor\src\data\segments\cha cha\6d59fe85e9e2b66a65b9907e72413f00625fa686__s60000ms.wav,60000,20000,,cha cha
6d59fe85e9e2b66a65b9907e72413f00625fa686__80000ms,6d59fe85e9e2b66a65b9907e72413f00625fa686,CHA CHA NONSTOP CHRISTMAS 3. upravená EDITION 202,D:\projekty\Hudba\music-editor\src\data\segments\cha cha\6d59fe85e9e2b66a65b9907e72413f00625fa686__s80000ms.wav,80000,20000,,cha cha
6d59fe85e9e2b66a65b9907e72413f00625fa686__100000ms,6d59fe85e9e2b66a65b9907e72413f00625fa686,CHA CHA NONSTOP CHRISTMAS 3. upravená EDITION 202,D:\projekty\Hudba\music-editor\src\data\segments\cha cha\6d59fe85e9e2b66a65b9907e72413f00625fa686__s100000ms.wav,100000,20000,,cha cha
6d59fe85e9e2b66a65b9907e72413f00625fa686__120000ms,6d59fe85e9e2b66a65b9907e72413f00625fa686,CHA CHA NONSTOP CHRISTMAS 3. upravená EDITION 202,D:\projekty\Hudba\music-editor\src\data\segments\cha cha\6d59fe85e9e2b66a65b9907e72413f00625fa686__s120000ms.wav,120000,13956,,cha cha
71663d1ccbcdf80abd9dff70ecdbde5a77e206c1__0ms,71663d1ccbcdf80abd9dff70ecdbde5a77e206c1,CHA CHA Paris Tropical,D:\projekty\Hudba\music-editor\src\data\segments\cha cha\71663d1ccbcdf80abd9dff70ecdbde5a77e206c1__s0ms.wav,0,20000,,cha cha
71663d1ccbcdf80abd9dff70ecdbde5a77e206c1__20000ms,71663d1ccbcdf80abd9dff70ecdbde5a77e206c1,CHA CHA Paris Tropical,D:\projekty\Hudba\music-editor\src\data\segments\cha cha\71663d1ccbcdf80abd9dff70ecdbde5a77e206c1__s20000ms.wav,20000,20000,,cha cha
71663d1ccbcdf80abd9dff70ecdbde5a77e206c1__40000ms,71663d1ccbcdf80abd9dff70ecdbde5a77e206c1,CHA CHA Paris Tropical,D:\projekty\Hudba\music-editor\src\data\segments\cha cha\71663d1ccbcdf80abd9dff70ecdbde5a77e206c1__s40000ms.wav,40000,20000,,cha cha
71663d1ccbcdf80abd9dff70ecdbde5a77e206c1__60000ms,71663d1ccbcdf80abd9dff70ecdbde5a77e206c1,CHA CHA Paris Tropical,D:\projekty\Hudba\music-editor\src\data\segments\cha cha\71663d1ccbcdf80abd9dff70ecdbde5a77e206c1__s60000ms.wav,60000,20000,,cha cha
71663d1ccbcdf80abd9dff70ecdbde5a77e206c1__80000ms,71663d1ccbcdf80abd9dff70ecdbde5a77e206c1,CHA CHA Paris Tropical,D:\projekty\Hudba\music-editor\src\data\segments\cha cha\71663d1ccbcdf80abd9dff70ecdbde5a77e206c1__s80000ms.wav,80000,20000,,cha cha
71663d1ccbcdf80abd9dff70ecdbde5a77e206c1__100000ms,71663d1ccbcdf80abd9dff70ecdbde5a77e206c1,CHA CHA Paris Tropical,D:\projekty\Hudba\music-editor\src\data\segments\cha cha\71663d1ccbcdf80abd9dff70ecdbde5a77e206c1__s100000ms.wav,100000,20000,,cha cha
71663d1ccbcdf80abd9dff70ecdbde5a77e206c1__120000ms,71663d1ccbcdf80abd9dff70ecdbde5a77e206c1,CHA CHA Paris Tropical,D:\projekty\Hudba\music-editor\src\data\segments\cha cha\71663d1ccbcdf80abd9dff70ecdbde5a77e206c1__s120000ms.wav,120000,20000,,cha cha
71663d1ccbcdf80abd9dff70ecdbde5a77e206c1__140000ms,71663d1ccbcdf80abd9dff70ecdbde5a77e206c1,CHA CHA Paris Tropical,D:\projekty\Hudba\music-editor\src\data\segments\cha cha\71663d1ccbcdf80abd9dff70ecdbde5a77e206c1__s140000ms.wav,140000,20000,,cha cha
71663d1ccbcdf80abd9dff70ecdbde5a77e206c1__160000ms,71663d1ccbcdf80abd9dff70ecdbde5a77e206c1,CHA CHA Paris Tropical,D:\projekty\Hudba\music-editor\src\data\segments\cha cha\71663d1ccbcdf80abd9dff70ecdbde5a77e206c1__s160000ms.wav,160000,20000,,cha cha
71663d1ccbcdf80abd9dff70ecdbde5a77e206c1__180000ms,71663d1ccbcdf80abd9dff70ecdbde5a77e206c1,CHA CHA Paris Tropical,D:\projekty\Hudba\music-editor\src\data\segments\cha cha\71663d1ccbcdf80abd9dff70ecdbde5a77e206c1__s180000ms.wav,180000,20000,,cha cha
eeaa0024cdb75af6e0a6a5c5dddf206d8580d0a7__0ms,eeaa0024cdb75af6e0a6a5c5dddf206d8580d0a7,"CHA CHA Perhaps, Perhaps, Perhaps (Quizás, Quizás, Quizás) (Ao Vivo",D:\projekty\Hudba\music-editor\src\data\segments\cha cha\eeaa0024cdb75af6e0a6a5c5dddf206d8580d0a7__s0ms.wav,0,20000,,cha cha
eeaa0024cdb75af6e0a6a5c5dddf206d8580d0a7__20000ms,eeaa0024cdb75af6e0a6a5c5dddf206d8580d0a7,"CHA CHA Perhaps, Perhaps, Perhaps (Quizás, Quizás, Quizás) (Ao Vivo",D:\projekty\Hudba\music-editor\src\data\segments\cha cha\eeaa0024cdb75af6e0a6a5c5dddf206d8580d0a7__s20000ms.wav,20000,20000,,cha cha
eeaa0024cdb75af6e0a6a5c5dddf206d8580d0a7__40000ms,eeaa0024cdb75af6e0a6a5c5dddf206d8580d0a7,"CHA CHA Perhaps, Perhaps, Perhaps (Quizás, Quizás, Quizás) (Ao Vivo",D:\projekty\Hudba\music-editor\src\data\segments\cha cha\eeaa0024cdb75af6e0a6a5c5dddf206d8580d0a7__s40000ms.wav,40000,20000,,cha cha
eeaa0024cdb75af6e0a6a5c5dddf206d8580d0a7__60000ms,eeaa0024cdb75af6e0a6a5c5dddf206d8580d0a7,"CHA CHA Perhaps, Perhaps, Perhaps (Quizás, Quizás, Quizás) (Ao Vivo",D:\projekty\Hudba\music-editor\src\data\segments\cha cha\eeaa0024cdb75af6e0a6a5c5dddf206d8580d0a7__s60000ms.wav,60000,20000,,cha cha
eeaa0024cdb75af6e0a6a5c5dddf206d8580d0a7__80000ms,eeaa0024cdb75af6e0a6a5c5dddf206d8580d0a7,"CHA CHA Perhaps, Perhaps, Perhaps (Quizás, Quizás, Quizás) (Ao Vivo",D:\projekty\Hudba\music-editor\src\data\segments\cha cha\eeaa0024cdb75af6e0a6a5c5dddf206d8580d0a7__s80000ms.wav,80000,20000,,cha cha
eeaa0024cdb75af6e0a6a5c5dddf206d8580d0a7__100000ms,eeaa0024cdb75af6e0a6a5c5dddf206d8580d0a7,"CHA CHA Perhaps, Perhaps, Perhaps (Quizás, Quizás, Quizás) (Ao Vivo",D:\projekty\Hudba\music-editor\src\data\segments\cha cha\eeaa0024cdb75af6e0a6a5c5dddf206d8580d0a7__s100000ms.wav,100000,20000,,cha cha
eeaa0024cdb75af6e0a6a5c5dddf206d8580d0a7__120000ms,eeaa0024cdb75af6e0a6a5c5dddf206d8580d0a7,"CHA CHA Perhaps, Perhaps, Perhaps (Quizás, Quizás, Quizás) (Ao Vivo",D:\projekty\Hudba\music-editor\src\data\segments\cha cha\eeaa0024cdb75af6e0a6a5c5dddf206d8580d0a7__s120000ms.wav,120000,20000,,cha cha
eeaa0024cdb75af6e0a6a5c5dddf206d8580d0a7__140000ms,eeaa0024cdb75af6e0a6a5c5dddf206d8580d0a7,"CHA CHA Perhaps, Perhaps, Perhaps (Quizás, Quizás, Quizás) (Ao Vivo",D:\projekty\Hudba\music-editor\src\data\segments\cha cha\eeaa0024cdb75af6e0a6a5c5dddf206d8580d0a7__s140000ms.wav,140000,20000,,cha cha
eeaa0024cdb75af6e0a6a5c5dddf206d8580d0a7__160000ms,eeaa0024cdb75af6e0a6a5c5dddf206d8580d0a7,"CHA CHA Perhaps, Perhaps, Perhaps (Quizás, Quizás, Quizás) (Ao Vivo",D:\projekty\Hudba\music-editor\src\data\segments\cha cha\eeaa0024cdb75af6e0a6a5c5dddf206d8580d0a7__s160000ms.wav,160000,9639,,cha cha
5030746d8045871848d1f92961c102f523287dcc__0ms,5030746d8045871848d1f92961c102f523287dcc,CHA CHA Pomáda   Letní lásk,D:\projekty\Hudba\music-editor\src\data\segments\cha cha\5030746d8045871848d1f92961c102f523287dcc__s0ms.wav,0,20000,,cha cha
5030746d8045871848d1f92961c102f523287dcc__20000ms,5030746d8045871848d1f92961c102f523287dcc,CHA CHA Pomáda   Letní lásk,D:\projekty\Hudba\music-editor\src\data\segments\cha cha\5030746d8045871848d1f92961c102f523287dcc__s20000ms.wav,20000,20000,,cha cha
5030746d8045871848d1f92961c102f523287dcc__40000ms,5030746d8045871848d1f92961c102f523287dcc,CHA CHA Pomáda   Letní lásk,D:\projekty\Hudba\music-editor\src\data\segments\cha cha\5030746d8045871848d1f92961c102f523287dcc__s40000ms.wav,40000,20000,,cha cha
5030746d8045871848d1f92961c102f523287dcc__60000ms,5030746d8045871848d1f92961c102f523287dcc,CHA CHA Pomáda   Letní lásk,D:\projekty\Hudba\music-editor\src\data\segments\cha cha\5030746d8045871848d1f92961c102f523287dcc__s60000ms.wav,60000,20000,,cha cha
5030746d8045871848d1f92961c102f523287dcc__80000ms,5030746d8045871848d1f92961c102f523287dcc,CHA CHA Pomáda   Letní lásk,D:\projekty\Hudba\music-editor\src\data\segments\cha cha\5030746d8045871848d1f92961c102f523287dcc__s80000ms.wav,80000,20000,,cha cha
5030746d8045871848d1f92961c102f523287dcc__100000ms,5030746d8045871848d1f92961c102f523287dcc,CHA CHA Pomáda   Letní lásk,D:\projekty\Hudba\music-editor\src\data\segments\cha cha\5030746d8045871848d1f92961c102f523287dcc__s100000ms.wav,100000,20000,,cha cha
5030746d8045871848d1f92961c102f523287dcc__120000ms,5030746d8045871848d1f92961c102f523287dcc,CHA CHA Pomáda   Letní lásk,D:\projekty\Hudba\music-editor\src\data\segments\cha cha\5030746d8045871848d1f92961c102f523287dcc__s120000ms.wav,120000,20000,,cha cha
5030746d8045871848d1f92961c102f523287dcc__140000ms,5030746d8045871848d1f92961c102f523287dcc,CHA CHA Pomáda   Letní lásk,D:\projekty\Hudba\music-editor\src\data\segments\cha cha\5030746d8045871848d1f92961c102f523287dcc__s140000ms.wav,140000,20000,,cha cha
5030746d8045871848d1f92961c102f523287dcc__160000ms,5030746d8045871848d1f92961c102f523287dcc,CHA CHA Pomáda   Letní lásk,D:\projekty\Hudba\music-editor\src\data\segments\cha cha\5030746d8045871848d1f92961c102f523287dcc__s160000ms.wav,160000,20000,,cha cha
5030746d8045871848d1f92961c102f523287dcc__180000ms,5030746d8045871848d1f92961c102f523287dcc,CHA CHA Pomáda   Letní lásk,D:\projekty\Hudba\music-editor\src\data\segments\cha cha\5030746d8045871848d1f92961c102f523287dcc__s180000ms.wav,180000,20000,,cha cha
5030746d8045871848d1f92961c102f523287dcc__200000ms,5030746d8045871848d1f92961c102f523287dcc,CHA CHA Pomáda   Letní lásk,D:\projekty\Hudba\music-editor\src\data\segments\cha cha\5030746d8045871848d1f92961c102f523287dcc__s200000ms.wav,200000,18776,,cha cha
4a4a4d98d5d7a93c04fdb35c362f4ca179e47e6a__0ms,4a4a4d98d5d7a93c04fdb35c362f4ca179e47e6a,CHA CHA Rebecca (Cha Cha Cha  32 BPM,D:\projekty\Hudba\music-editor\src\data\segments\cha cha\4a4a4d98d5d7a93c04fdb35c362f4ca179e47e6a__s0ms.wav,0,20000,,cha cha
4a4a4d98d5d7a93c04fdb35c362f4ca179e47e6a__20000ms,4a4a4d98d5d7a93c04fdb35c362f4ca179e47e6a,CHA CHA Rebecca (Cha Cha Cha  32 BPM,D:\projekty\Hudba\music-editor\src\data\segments\cha cha\4a4a4d98d5d7a93c04fdb35c362f4ca179e47e6a__s20000ms.wav,20000,20000,,cha cha
4a4a4d98d5d7a93c04fdb35c362f4ca179e47e6a__40000ms,4a4a4d98d5d7a93c04fdb35c362f4ca179e47e6a,CHA CHA Rebecca (Cha Cha Cha  32 BPM,D:\projekty\Hudba\music-editor\src\data\segments\cha cha\4a4a4d98d5d7a93c04fdb35c362f4ca179e47e6a__s40000ms.wav,40000,20000,,cha cha
4a4a4d98d5d7a93c04fdb35c362f4ca179e47e6a__60000ms,4a4a4d98d5d7a93c04fdb35c362f4ca179e47e6a,CHA CHA Rebecca (Cha Cha Cha  32 BPM,D:\projekty\Hudba\music-editor\src\data\segments\cha cha\4a4a4d98d5d7a93c04fdb35c362f4ca179e47e6a__s60000ms.wav,60000,20000,,cha cha
4a4a4d98d5d7a93c04fdb35c362f4ca179e47e6a__80000ms,4a4a4d98d5d7a93c04fdb35c362f4ca179e47e6a,CHA CHA Rebecca (Cha Cha Cha  32 BPM,D:\projekty\Hudba\music-editor\src\data\segments\cha cha\4a4a4d98d5d7a93c04fdb35c362f4ca179e47e6a__s80000ms.wav,80000,20000,,cha cha
4a4a4d98d5d7a93c04fdb35c362f4ca179e47e6a__100000ms,4a4a4d98d5d7a93c04fdb35c362f4ca179e47e6a,CHA CHA Rebecca (Cha Cha Cha  32 BPM,D:\projekty\Hudba\music-editor\src\data\segments\cha cha\4a4a4d98d5d7a93c04fdb35c362f4ca179e47e6a__s100000ms.wav,100000,20000,,cha cha
4a4a4d98d5d7a93c04fdb35c362f4ca179e47e6a__120000ms,4a4a4d98d5d7a93c04fdb35c362f4ca179e47e6a,CHA CHA Rebecca (Cha Cha Cha  32 BPM,D:\projekty\Hudba\music-editor\src\data\segments\cha cha\4a4a4d98d5d7a93c04fdb35c362f4ca179e47e6a__s120000ms.wav,120000,20000,,cha cha
4a4a4d98d5d7a93c04fdb35c362f4ca179e47e6a__140000ms,4a4a4d98d5d7a93c04fdb35c362f4ca179e47e6a,CHA CHA Rebecca (Cha Cha Cha  32 BPM,D:\projekty\Hudba\music-editor\src\data\segments\cha cha\4a4a4d98d5d7a93c04fdb35c362f4ca179e47e6a__s140000ms.wav,140000,20000,,cha cha
4a4a4d98d5d7a93c04fdb35c362f4ca179e47e6a__160000ms,4a4a4d98d5d7a93c04fdb35c362f4ca179e47e6a,CHA CHA Rebecca (Cha Cha Cha  32 BPM,D:\projekty\Hudba\music-editor\src\data\segments\cha cha\4a4a4d98d5d7a93c04fdb35c362f4ca179e47e6a__s160000ms.wav,160000,10684,,cha cha
63c2061e5251fc391117d5a1719b83ffc5db02d8__0ms,63c2061e5251fc391117d5a1719b83ffc5db02d8,"CHA CHA Rihanna, Kanye West, Paul McCartney   FourFiveSeconds (Afrojack Remix)",D:\projekty\Hudba\music-editor\src\data\segments\cha cha\63c2061e5251fc391117d5a1719b83ffc5db02d8__s0ms.wav,0,20000,,cha cha
63c2061e5251fc391117d5a1719b83ffc5db02d8__20000ms,63c2061e5251fc391117d5a1719b83ffc5db02d8,"CHA CHA Rihanna, Kanye West, Paul McCartney   FourFiveSeconds (Afrojack Remix)",D:\projekty\Hudba\music-editor\src\data\segments\cha cha\63c2061e5251fc391117d5a1719b83ffc5db02d8__s20000ms.wav,20000,20000,,cha cha
63c2061e5251fc391117d5a1719b83ffc5db02d8__40000ms,63c2061e5251fc391117d5a1719b83ffc5db02d8,"CHA CHA Rihanna, Kanye West, Paul McCartney   FourFiveSeconds (Afrojack Remix)",D:\projekty\Hudba\music-editor\src\data\segments\cha cha\63c2061e5251fc391117d5a1719b83ffc5db02d8__s40000ms.wav,40000,20000,,cha cha
63c2061e5251fc391117d5a1719b83ffc5db02d8__60000ms,63c2061e5251fc391117d5a1719b83ffc5db02d8,"CHA CHA Rihanna, Kanye West, Paul McCartney   FourFiveSeconds (Afrojack Remix)",D:\projekty\Hudba\music-editor\src\data\segments\cha cha\63c2061e5251fc391117d5a1719b83ffc5db02d8__s60000ms.wav,60000,20000,,cha cha
63c2061e5251fc391117d5a1719b83ffc5db02d8__80000ms,63c2061e5251fc391117d5a1719b83ffc5db02d8,"CHA CHA Rihanna, Kanye West, Paul McCartney   FourFiveSeconds (Afrojack Remix)",D:\projekty\Hudba\music-editor\src\data\segments\cha cha\63c2061e5251fc391117d5a1719b83ffc5db02d8__s80000ms.wav,80000,20000,,cha cha
63c2061e5251fc391117d5a1719b83ffc5db02d8__100000ms,63c2061e5251fc391117d5a1719b83ffc5db02d8,"CHA CHA Rihanna, Kanye West, Paul McCartney   FourFiveSeconds (Afrojack Remix)",D:\projekty\Hudba\music-editor\src\data\segments\cha cha\63c2061e5251fc391117d5a1719b83ffc5db02d8__s100000ms.wav,100000,20000,,cha cha
63c2061e5251fc391117d5a1719b83ffc5db02d8__120000ms,63c2061e5251fc391117d5a1719b83ffc5db02d8,"CHA CHA Rihanna, Kanye West, Paul McCartney   FourFiveSeconds (Afrojack Remix)",D:\projekty\Hudba\music-editor\src\data\segments\cha cha\63c2061e5251fc391117d5a1719b83ffc5db02d8__s120000ms.wav,120000,20000,,cha cha
63c2061e5251fc391117d5a1719b83ffc5db02d8__140000ms,63c2061e5251fc391117d5a1719b83ffc5db02d8,"CHA CHA Rihanna, Kanye West, Paul McCartney   FourFiveSeconds (Afrojack Remix)",D:\projekty\Hudba\music-editor\src\data\segments\cha cha\63c2061e5251fc391117d5a1719b83ffc5db02d8__s140000ms.wav,140000,20000,,cha cha
63c2061e5251fc391117d5a1719b83ffc5db02d8__160000ms,63c2061e5251fc391117d5a1719b83ffc5db02d8,"CHA CHA Rihanna, Kanye West, Paul McCartney   FourFiveSeconds (Afrojack Remix)",D:\projekty\Hudba\music-editor\src\data\segments\cha cha\63c2061e5251fc391117d5a1719b83ffc5db02d8__s160000ms.wav,160000,20000,,cha cha
63c2061e5251fc391117d5a1719b83ffc5db02d8__180000ms,63c2061e5251fc391117d5a1719b83ffc5db02d8,"CHA CHA Rihanna, Kanye West, Paul McCartney   FourFiveSeconds (Afrojack Remix)",D:\projekty\Hudba\music-editor\src\data\segments\cha cha\63c2061e5251fc391117d5a1719b83ffc5db02d8__s180000ms.wav,180000,20000,,cha cha
63c2061e5251fc391117d5a1719b83ffc5db02d8__200000ms,63c2061e5251fc391117d5a1719b83ffc5db02d8,"CHA CHA Rihanna, Kanye West, Paul McCartney   FourFiveSeconds (Afrojack Remix)",D:\projekty\Hudba\music-editor\src\data\segments\cha cha\63c2061e5251fc391117d5a1719b83ffc5db02d8__s200000ms.wav,200000,20000,,cha cha
63c2061e5251fc391117d5a1719b83ffc5db02d8__220000ms,63c2061e5251fc391117d5a1719b83ffc5db02d8,"CHA CHA Rihanna, Kanye West, Paul McCartney   FourFiveSeconds (Afrojack Remix)",D:\projekty\Hudba\music-editor\src\data\segments\cha cha\63c2061e5251fc391117d5a1719b83ffc5db02d8__s220000ms.wav,220000,8362,,cha cha
1295adb51b51f7c6d02b08dfb9d8c3e009ea7e9c__0ms,1295adb51b51f7c6d02b08dfb9d8c3e009ea7e9c,CHA CHA Robin Schulz   Prayer In C (cha cha,D:\projekty\Hudba\music-editor\src\data\segments\cha cha\1295adb51b51f7c6d02b08dfb9d8c3e009ea7e9c__s0ms.wav,0,20000,,cha cha
1295adb51b51f7c6d02b08dfb9d8c3e009ea7e9c__20000ms,1295adb51b51f7c6d02b08dfb9d8c3e009ea7e9c,CHA CHA Robin Schulz   Prayer In C (cha cha,D:\projekty\Hudba\music-editor\src\data\segments\cha cha\1295adb51b51f7c6d02b08dfb9d8c3e009ea7e9c__s20000ms.wav,20000,20000,,cha cha
1295adb51b51f7c6d02b08dfb9d8c3e009ea7e9c__40000ms,1295adb51b51f7c6d02b08dfb9d8c3e009ea7e9c,CHA CHA Robin Schulz   Prayer In C (cha cha,D:\projekty\Hudba\music-editor\src\data\segments\cha cha\1295adb51b51f7c6d02b08dfb9d8c3e009ea7e9c__s40000ms.wav,40000,20000,,cha cha
1295adb51b51f7c6d02b08dfb9d8c3e009ea7e9c__60000ms,1295adb51b51f7c6d02b08dfb9d8c3e009ea7e9c,CHA CHA Robin Schulz   Prayer In C (cha cha,D:\projekty\Hudba\music-editor\src\data\segments\cha cha\1295adb51b51f7c6d02b08dfb9d8c3e009ea7e9c__s60000ms.wav,60000,20000,,cha cha
1295adb51b51f7c6d02b08dfb9d8c3e009ea7e9c__80000ms,1295adb51b51f7c6d02b08dfb9d8c3e009ea7e9c,CHA CHA Robin Schulz   Prayer In C (cha cha,D:\projekty\Hudba\music-editor\src\data\segments\cha cha\1295adb51b51f7c6d02b08dfb9d8c3e009ea7e9c__s80000ms.wav,80000,20000,,cha cha
1295adb51b51f7c6d02b08dfb9d8c3e009ea7e9c__100000ms,1295adb51b51f7c6d02b08dfb9d8c3e009ea7e9c,CHA CHA Robin Schulz   Prayer In C (cha cha,D:\projekty\Hudba\music-editor\src\data\segments\cha cha\1295adb51b51f7c6d02b08dfb9d8c3e009ea7e9c__s100000ms.wav,100000,20000,,cha cha
1295adb51b51f7c6d02b08dfb9d8c3e009ea7e9c__120000ms,1295adb51b51f7c6d02b08dfb9d8c3e009ea7e9c,CHA CHA Robin Schulz   Prayer In C (cha cha,D:\projekty\Hudba\music-editor\src\data\segments\cha cha\1295adb51b51f7c6d02b08dfb9d8c3e009ea7e9c__s120000ms.wav,120000,20000,,cha cha
1295adb51b51f7c6d02b08dfb9d8c3e009ea7e9c__140000ms,1295adb51b51f7c6d02b08dfb9d8c3e009ea7e9c,CHA CHA Robin Schulz   Prayer In C (cha cha,D:\projekty\Hudba\music-editor\src\data\segments\cha cha\1295adb51b51f7c6d02b08dfb9d8c3e009ea7e9c__s140000ms.wav,140000,20000,,cha cha
1295adb51b51f7c6d02b08dfb9d8c3e009ea7e9c__160000ms,1295adb51b51f7c6d02b08dfb9d8c3e009ea7e9c,CHA CHA Robin Schulz   Prayer In C (cha cha,D:\projekty\Hudba\music-editor\src\data\segments\cha cha\1295adb51b51f7c6d02b08dfb9d8c3e009ea7e9c__s160000ms.wav,160000,20000,,cha cha
1295adb51b51f7c6d02b08dfb9d8c3e009ea7e9c__180000ms,1295adb51b51f7c6d02b08dfb9d8c3e009ea7e9c,CHA CHA Robin Schulz   Prayer In C (cha cha,D:\projekty\Hudba\music-editor\src\data\segments\cha cha\1295adb51b51f7c6d02b08dfb9d8c3e009ea7e9c__s180000ms.wav,180000,20000,,cha cha
27aa3d5526a8ffa480e5510964d20151ea120fd4__0ms,27aa3d5526a8ffa480e5510964d20151ea120fd4,CHA CHA Salsa,D:\projekty\Hudba\music-editor\src\data\segments\cha cha\27aa3d5526a8ffa480e5510964d20151ea120fd4__s0ms.wav,0,20000,,cha cha
27aa3d5526a8ffa480e5510964d20151ea120fd4__20000ms,27aa3d5526a8ffa480e5510964d20151ea120fd4,CHA CHA Salsa,D:\projekty\Hudba\music-editor\src\data\segments\cha cha\27aa3d5526a8ffa480e5510964d20151ea120fd4__s20000ms.wav,20000,20000,,cha cha
27aa3d5526a8ffa480e5510964d20151ea120fd4__40000ms,27aa3d5526a8ffa480e5510964d20151ea120fd4,CHA CHA Salsa,D:\projekty\Hudba\music-editor\src\data\segments\cha cha\27aa3d5526a8ffa480e5510964d20151ea120fd4__s40000ms.wav,40000,20000,,cha cha
27aa3d5526a8ffa480e5510964d20151ea120fd4__60000ms,27aa3d5526a8ffa480e5510964d20151ea120fd4,CHA CHA Salsa,D:\projekty\Hudba\music-editor\src\data\segments\cha cha\27aa3d5526a8ffa480e5510964d20151ea120fd4__s60000ms.wav,60000,20000,,cha cha
27aa3d5526a8ffa480e5510964d20151ea120fd4__80000ms,27aa3d5526a8ffa480e5510964d20151ea120fd4,CHA CHA Salsa,D:\projekty\Hudba\music-editor\src\data\segments\cha cha\27aa3d5526a8ffa480e5510964d20151ea120fd4__s80000ms.wav,80000,20000,,cha cha
27aa3d5526a8ffa480e5510964d20151ea120fd4__100000ms,27aa3d5526a8ffa480e5510964d20151ea120fd4,CHA CHA Salsa,D:\projekty\Hudba\music-editor\src\data\segments\cha cha\27aa3d5526a8ffa480e5510964d20151ea120fd4__s100000ms.wav,100000,20000,,cha cha
27aa3d5526a8ffa480e5510964d20151ea120fd4__120000ms,27aa3d5526a8ffa480e5510964d20151ea120fd4,CHA CHA Salsa,D:\projekty\Hudba\music-editor\src\data\segments\cha cha\27aa3d5526a8ffa480e5510964d20151ea120fd4__s120000ms.wav,120000,20000,,cha cha
27aa3d5526a8ffa480e5510964d20151ea120fd4__140000ms,27aa3d5526a8ffa480e5510964d20151ea120fd4,CHA CHA Salsa,D:\projekty\Hudba\music-editor\src\data\segments\cha cha\27aa3d5526a8ffa480e5510964d20151ea120fd4__s140000ms.wav,140000,20000,,cha cha
27aa3d5526a8ffa480e5510964d20151ea120fd4__160000ms,27aa3d5526a8ffa480e5510964d20151ea120fd4,CHA CHA Salsa,D:\projekty\Hudba\music-editor\src\data\segments\cha cha\27aa3d5526a8ffa480e5510964d20151ea120fd4__s160000ms.wav,160000,20000,,cha cha
27aa3d5526a8ffa480e5510964d20151ea120fd4__180000ms,27aa3d5526a8ffa480e5510964d20151ea120fd4,CHA CHA Salsa,D:\projekty\Hudba\music-editor\src\data\segments\cha cha\27aa3d5526a8ffa480e5510964d20151ea120fd4__s180000ms.wav,180000,20000,,cha cha
27aa3d5526a8ffa480e5510964d20151ea120fd4__200000ms,27aa3d5526a8ffa480e5510964d20151ea120fd4,CHA CHA Salsa,D:\projekty\Hudba\music-editor\src\data\segments\cha cha\27aa3d5526a8ffa480e5510964d20151ea120fd4__s200000ms.wav,200000,20000,,cha cha
27aa3d5526a8ffa480e5510964d20151ea120fd4__220000ms,27aa3d5526a8ffa480e5510964d20151ea120fd4,CHA CHA Salsa,D:\projekty\Hudba\music-editor\src\data\segments\cha cha\27aa3d5526a8ffa480e5510964d20151ea120fd4__s220000ms.wav,220000,20000,,cha cha
f61155e5c893528e93347ae27b9089ac9a7811b4__0ms,f61155e5c893528e93347ae27b9089ac9a7811b4,CHA CHA Sam Smith,D:\projekty\Hudba\music-editor\src\data\segments\cha cha\f61155e5c893528e93347ae27b9089ac9a7811b4__s0ms.wav,0,20000,,cha cha
f61155e5c893528e93347ae27b9089ac9a7811b4__20000ms,f61155e5c893528e93347ae27b9089ac9a7811b4,CHA CHA Sam Smith,D:\projekty\Hudba\music-editor\src\data\segments\cha cha\f61155e5c893528e93347ae27b9089ac9a7811b4__s20000ms.wav,20000,20000,,cha cha
f61155e5c893528e93347ae27b9089ac9a7811b4__40000ms,f61155e5c893528e93347ae27b9089ac9a7811b4,CHA CHA Sam Smith,D:\projekty\Hudba\music-editor\src\data\segments\cha cha\f61155e5c893528e93347ae27b9089ac9a7811b4__s40000ms.wav,40000,20000,,cha cha
f61155e5c893528e93347ae27b9089ac9a7811b4__60000ms,f61155e5c893528e93347ae27b9089ac9a7811b4,CHA CHA Sam Smith,D:\projekty\Hudba\music-editor\src\data\segments\cha cha\f61155e5c893528e93347ae27b9089ac9a7811b4__s60000ms.wav,60000,20000,,cha cha
f61155e5c893528e93347ae27b9089ac9a7811b4__80000ms,f61155e5c893528e93347ae27b9089ac9a7811b4,CHA CHA Sam Smith,D:\projekty\Hudba\music-editor\src\data\segments\cha cha\f61155e5c893528e93347ae27b9089ac9a7811b4__s80000ms.wav,80000,20000,,cha cha
f61155e5c893528e93347ae27b9089ac9a7811b4__100000ms,f61155e5c893528e93347ae27b9089ac9a7811b4,CHA CHA Sam Smith,D:\projekty\Hudba\music-editor\src\data\segments\cha cha\f61155e5c893528e93347ae27b9089ac9a7811b4__s100000ms.wav,100000,20000,,cha cha
f61155e5c893528e93347ae27b9089ac9a7811b4__120000ms,f61155e5c893528e93347ae27b9089ac9a7811b4,CHA CHA Sam Smith,D:\projekty\Hudba\music-editor\src\data\segments\cha cha\f61155e5c893528e93347ae27b9089ac9a7811b4__s120000ms.wav,120000,20000,,cha cha
f61155e5c893528e93347ae27b9089ac9a7811b4__140000ms,f61155e5c893528e93347ae27b9089ac9a7811b4,CHA CHA Sam Smith,D:\projekty\Hudba\music-editor\src\data\segments\cha cha\f61155e5c893528e93347ae27b9089ac9a7811b4__s140000ms.wav,140000,20000,,cha cha
f61155e5c893528e93347ae27b9089ac9a7811b4__160000ms,f61155e5c893528e93347ae27b9089ac9a7811b4,CHA CHA Sam Smith,D:\projekty\Hudba\music-editor\src\data\segments\cha cha\f61155e5c893528e93347ae27b9089ac9a7811b4__s160000ms.wav,160000,20000,,cha cha
f61155e5c893528e93347ae27b9089ac9a7811b4__180000ms,f61155e5c893528e93347ae27b9089ac9a7811b4,CHA CHA Sam Smith,D:\projekty\Hudba\music-editor\src\data\segments\cha cha\f61155e5c893528e93347ae27b9089ac9a7811b4__s180000ms.wav,180000,20000,,cha cha
f61155e5c893528e93347ae27b9089ac9a7811b4__200000ms,f61155e5c893528e93347ae27b9089ac9a7811b4,CHA CHA Sam Smith,D:\projekty\Hudba\music-editor\src\data\segments\cha cha\f61155e5c893528e93347ae27b9089ac9a7811b4__s200000ms.wav,200000,20000,,cha cha
f61155e5c893528e93347ae27b9089ac9a7811b4__220000ms,f61155e5c893528e93347ae27b9089ac9a7811b4,CHA CHA Sam Smith,D:\projekty\Hudba\music-editor\src\data\segments\cha cha\f61155e5c893528e93347ae27b9089ac9a7811b4__s220000ms.wav,220000,20000,,cha cha
f61155e5c893528e93347ae27b9089ac9a7811b4__240000ms,f61155e5c893528e93347ae27b9089ac9a7811b4,CHA CHA Sam Smith,D:\projekty\Hudba\music-editor\src\data\segments\cha cha\f61155e5c893528e93347ae27b9089ac9a7811b4__s240000ms.wav,240000,20000,,cha cha
f61155e5c893528e93347ae27b9089ac9a7811b4__260000ms,f61155e5c893528e93347ae27b9089ac9a7811b4,CHA CHA Sam Smith,D:\projekty\Hudba\music-editor\src\data\segments\cha cha\f61155e5c893528e93347ae27b9089ac9a7811b4__s260000ms.wav,260000,19510,,cha cha
2fc595983a88197de21fc43e849ae9fc38c7d36d__0ms,2fc595983a88197de21fc43e849ae9fc38c7d36d,CHA CHA Shaggy   Hey Sexy Lady upravená ft Brian u0026 Tony Gol,D:\projekty\Hudba\music-editor\src\data\segments\cha cha\2fc595983a88197de21fc43e849ae9fc38c7d36d__s0ms.wav,0,20000,,cha cha
2fc595983a88197de21fc43e849ae9fc38c7d36d__20000ms,2fc595983a88197de21fc43e849ae9fc38c7d36d,CHA CHA Shaggy   Hey Sexy Lady upravená ft Brian u0026 Tony Gol,D:\projekty\Hudba\music-editor\src\data\segments\cha cha\2fc595983a88197de21fc43e849ae9fc38c7d36d__s20000ms.wav,20000,20000,,cha cha
2fc595983a88197de21fc43e849ae9fc38c7d36d__40000ms,2fc595983a88197de21fc43e849ae9fc38c7d36d,CHA CHA Shaggy   Hey Sexy Lady upravená ft Brian u0026 Tony Gol,D:\projekty\Hudba\music-editor\src\data\segments\cha cha\2fc595983a88197de21fc43e849ae9fc38c7d36d__s40000ms.wav,40000,20000,,cha cha
2fc595983a88197de21fc43e849ae9fc38c7d36d__60000ms,2fc595983a88197de21fc43e849ae9fc38c7d36d,CHA CHA Shaggy   Hey Sexy Lady upravená ft Brian u0026 Tony Gol,D:\projekty\Hudba\music-editor\src\data\segments\cha cha\2fc595983a88197de21fc43e849ae9fc38c7d36d__s60000ms.wav,60000,20000,,cha cha
2fc595983a88197de21fc43e849ae9fc38c7d36d__80000ms,2fc595983a88197de21fc43e849ae9fc38c7d36d,CHA CHA Shaggy   Hey Sexy Lady upravená ft Brian u0026 Tony Gol,D:\projekty\Hudba\music-editor\src\data\segments\cha cha\2fc595983a88197de21fc43e849ae9fc38c7d36d__s80000ms.wav,80000,20000,,cha cha
2fc595983a88197de21fc43e849ae9fc38c7d36d__100000ms,2fc595983a88197de21fc43e849ae9fc38c7d36d,CHA CHA Shaggy   Hey Sexy Lady upravená ft Brian u0026 Tony Gol,D:\projekty\Hudba\music-editor\src\data\segments\cha cha\2fc595983a88197de21fc43e849ae9fc38c7d36d__s100000ms.wav,100000,20000,,cha cha
2fc595983a88197de21fc43e849ae9fc38c7d36d__120000ms,2fc595983a88197de21fc43e849ae9fc38c7d36d,CHA CHA Shaggy   Hey Sexy Lady upravená ft Brian u0026 Tony Gol,D:\projekty\Hudba\music-editor\src\data\segments\cha cha\2fc595983a88197de21fc43e849ae9fc38c7d36d__s120000ms.wav,120000,20000,,cha cha
2fc595983a88197de21fc43e849ae9fc38c7d36d__140000ms,2fc595983a88197de21fc43e849ae9fc38c7d36d,CHA CHA Shaggy   Hey Sexy Lady upravená ft Brian u0026 Tony Gol,D:\projekty\Hudba\music-editor\src\data\segments\cha cha\2fc595983a88197de21fc43e849ae9fc38c7d36d__s140000ms.wav,140000,20000,,cha cha
2fc595983a88197de21fc43e849ae9fc38c7d36d__160000ms,2fc595983a88197de21fc43e849ae9fc38c7d36d,CHA CHA Shaggy   Hey Sexy Lady upravená ft Brian u0026 Tony Gol,D:\projekty\Hudba\music-editor\src\data\segments\cha cha\2fc595983a88197de21fc43e849ae9fc38c7d36d__s160000ms.wav,160000,10292,,cha cha
fff7bea7ee59d502b67e38b0b389ddf94dc4b6c8__0ms,fff7bea7ee59d502b67e38b0b389ddf94dc4b6c8,Cha Cha Slide   (Christmas Remix) Mr C The Slide Ma,D:\projekty\Hudba\music-editor\src\data\segments\cha cha\fff7bea7ee59d502b67e38b0b389ddf94dc4b6c8__s0ms.wav,0,20000,,cha cha
fff7bea7ee59d502b67e38b0b389ddf94dc4b6c8__20000ms,fff7bea7ee59d502b67e38b0b389ddf94dc4b6c8,Cha Cha Slide   (Christmas Remix) Mr C The Slide Ma,D:\projekty\Hudba\music-editor\src\data\segments\cha cha\fff7bea7ee59d502b67e38b0b389ddf94dc4b6c8__s20000ms.wav,20000,20000,,cha cha
fff7bea7ee59d502b67e38b0b389ddf94dc4b6c8__40000ms,fff7bea7ee59d502b67e38b0b389ddf94dc4b6c8,Cha Cha Slide   (Christmas Remix) Mr C The Slide Ma,D:\projekty\Hudba\music-editor\src\data\segments\cha cha\fff7bea7ee59d502b67e38b0b389ddf94dc4b6c8__s40000ms.wav,40000,20000,,cha cha
fff7bea7ee59d502b67e38b0b389ddf94dc4b6c8__60000ms,fff7bea7ee59d502b67e38b0b389ddf94dc4b6c8,Cha Cha Slide   (Christmas Remix) Mr C The Slide Ma,D:\projekty\Hudba\music-editor\src\data\segments\cha cha\fff7bea7ee59d502b67e38b0b389ddf94dc4b6c8__s60000ms.wav,60000,20000,,cha cha
fff7bea7ee59d502b67e38b0b389ddf94dc4b6c8__80000ms,fff7bea7ee59d502b67e38b0b389ddf94dc4b6c8,Cha Cha Slide   (Christmas Remix) Mr C The Slide Ma,D:\projekty\Hudba\music-editor\src\data\segments\cha cha\fff7bea7ee59d502b67e38b0b389ddf94dc4b6c8__s80000ms.wav,80000,20000,,cha cha
fff7bea7ee59d502b67e38b0b389ddf94dc4b6c8__100000ms,fff7bea7ee59d502b67e38b0b389ddf94dc4b6c8,Cha Cha Slide   (Christmas Remix) Mr C The Slide Ma,D:\projekty\Hudba\music-editor\src\data\segments\cha cha\fff7bea7ee59d502b67e38b0b389ddf94dc4b6c8__s100000ms.wav,100000,20000,,cha cha
fff7bea7ee59d502b67e38b0b389ddf94dc4b6c8__120000ms,fff7bea7ee59d502b67e38b0b389ddf94dc4b6c8,Cha Cha Slide   (Christmas Remix) Mr C The Slide Ma,D:\projekty\Hudba\music-editor\src\data\segments\cha cha\fff7bea7ee59d502b67e38b0b389ddf94dc4b6c8__s120000ms.wav,120000,20000,,cha cha
fff7bea7ee59d502b67e38b0b389ddf94dc4b6c8__140000ms,fff7bea7ee59d502b67e38b0b389ddf94dc4b6c8,Cha Cha Slide   (Christmas Remix) Mr C The Slide Ma,D:\projekty\Hudba\music-editor\src\data\segments\cha cha\fff7bea7ee59d502b67e38b0b389ddf94dc4b6c8__s140000ms.wav,140000,20000,,cha cha
fff7bea7ee59d502b67e38b0b389ddf94dc4b6c8__160000ms,fff7bea7ee59d502b67e38b0b389ddf94dc4b6c8,Cha Cha Slide   (Christmas Remix) Mr C The Slide Ma,D:\projekty\Hudba\music-editor\src\data\segments\cha cha\fff7bea7ee59d502b67e38b0b389ddf94dc4b6c8__s160000ms.wav,160000,20000,,cha cha
fff7bea7ee59d502b67e38b0b389ddf94dc4b6c8__180000ms,fff7bea7ee59d502b67e38b0b389ddf94dc4b6c8,Cha Cha Slide   (Christmas Remix) Mr C The Slide Ma,D:\projekty\Hudba\music-editor\src\data\segments\cha cha\fff7bea7ee59d502b67e38b0b389ddf94dc4b6c8__s180000ms.wav,180000,20000,,cha cha
fff7bea7ee59d502b67e38b0b389ddf94dc4b6c8__200000ms,fff7bea7ee59d502b67e38b0b389ddf94dc4b6c8,Cha Cha Slide   (Christmas Remix) Mr C The Slide Ma,D:\projekty\Hudba\music-editor\src\data\segments\cha cha\fff7bea7ee59d502b67e38b0b389ddf94dc4b6c8__s200000ms.wav,200000,20000,,cha cha
fff7bea7ee59d502b67e38b0b389ddf94dc4b6c8__220000ms,fff7bea7ee59d502b67e38b0b389ddf94dc4b6c8,Cha Cha Slide   (Christmas Remix) Mr C The Slide Ma,D:\projekty\Hudba\music-editor\src\data\segments\cha cha\fff7bea7ee59d502b67e38b0b389ddf94dc4b6c8__s220000ms.wav,220000,11053,,cha cha
108d54ef1e2c5772ca9aa2d6824aa12fe78ec84b__0ms,108d54ef1e2c5772ca9aa2d6824aa12fe78ec84b,CHA CHA Smooth Criminal (Cha Cha 30bpm,D:\projekty\Hudba\music-editor\src\data\segments\cha cha\108d54ef1e2c5772ca9aa2d6824aa12fe78ec84b__s0ms.wav,0,20000,,cha cha
108d54ef1e2c5772ca9aa2d6824aa12fe78ec84b__20000ms,108d54ef1e2c5772ca9aa2d6824aa12fe78ec84b,CHA CHA Smooth Criminal (Cha Cha 30bpm,D:\projekty\Hudba\music-editor\src\data\segments\cha cha\108d54ef1e2c5772ca9aa2d6824aa12fe78ec84b__s20000ms.wav,20000,20000,,cha cha
108d54ef1e2c5772ca9aa2d6824aa12fe78ec84b__40000ms,108d54ef1e2c5772ca9aa2d6824aa12fe78ec84b,CHA CHA Smooth Criminal (Cha Cha 30bpm,D:\projekty\Hudba\music-editor\src\data\segments\cha cha\108d54ef1e2c5772ca9aa2d6824aa12fe78ec84b__s40000ms.wav,40000,20000,,cha cha
108d54ef1e2c5772ca9aa2d6824aa12fe78ec84b__60000ms,108d54ef1e2c5772ca9aa2d6824aa12fe78ec84b,CHA CHA Smooth Criminal (Cha Cha 30bpm,D:\projekty\Hudba\music-editor\src\data\segments\cha cha\108d54ef1e2c5772ca9aa2d6824aa12fe78ec84b__s60000ms.wav,60000,20000,,cha cha
108d54ef1e2c5772ca9aa2d6824aa12fe78ec84b__80000ms,108d54ef1e2c5772ca9aa2d6824aa12fe78ec84b,CHA CHA Smooth Criminal (Cha Cha 30bpm,D:\projekty\Hudba\music-editor\src\data\segments\cha cha\108d54ef1e2c5772ca9aa2d6824aa12fe78ec84b__s80000ms.wav,80000,20000,,cha cha
108d54ef1e2c5772ca9aa2d6824aa12fe78ec84b__100000ms,108d54ef1e2c5772ca9aa2d6824aa12fe78ec84b,CHA CHA Smooth Criminal (Cha Cha 30bpm,D:\projekty\Hudba\music-editor\src\data\segments\cha cha\108d54ef1e2c5772ca9aa2d6824aa12fe78ec84b__s100000ms.wav,100000,20000,,cha cha
108d54ef1e2c5772ca9aa2d6824aa12fe78ec84b__120000ms,108d54ef1e2c5772ca9aa2d6824aa12fe78ec84b,CHA CHA Smooth Criminal (Cha Cha 30bpm,D:\projekty\Hudba\music-editor\src\data\segments\cha cha\108d54ef1e2c5772ca9aa2d6824aa12fe78ec84b__s120000ms.wav,120000,20000,,cha cha
108d54ef1e2c5772ca9aa2d6824aa12fe78ec84b__140000ms,108d54ef1e2c5772ca9aa2d6824aa12fe78ec84b,CHA CHA Smooth Criminal (Cha Cha 30bpm,D:\projekty\Hudba\music-editor\src\data\segments\cha cha\108d54ef1e2c5772ca9aa2d6824aa12fe78ec84b__s140000ms.wav,140000,20000,,cha cha
108d54ef1e2c5772ca9aa2d6824aa12fe78ec84b__160000ms,108d54ef1e2c5772ca9aa2d6824aa12fe78ec84b,CHA CHA Smooth Criminal (Cha Cha 30bpm,D:\projekty\Hudba\music-editor\src\data\segments\cha cha\108d54ef1e2c5772ca9aa2d6824aa12fe78ec84b__s160000ms.wav,160000,20000,,cha cha
108d54ef1e2c5772ca9aa2d6824aa12fe78ec84b__180000ms,108d54ef1e2c5772ca9aa2d6824aa12fe78ec84b,CHA CHA Smooth Criminal (Cha Cha 30bpm,D:\projekty\Hudba\music-editor\src\data\segments\cha cha\108d54ef1e2c5772ca9aa2d6824aa12fe78ec84b__s180000ms.wav,180000,20000,,cha cha
108d54ef1e2c5772ca9aa2d6824aa12fe78ec84b__200000ms,108d54ef1e2c5772ca9aa2d6824aa12fe78ec84b,CHA CHA Smooth Criminal (Cha Cha 30bpm,D:\projekty\Hudba\music-editor\src\data\segments\cha cha\108d54ef1e2c5772ca9aa2d6824aa12fe78ec84b__s200000ms.wav,200000,20000,,cha cha
a4ab5774e0c24d180cee87a89cc78bba7fb25dc4__0ms,a4ab5774e0c24d180cee87a89cc78bba7fb25dc4,CHA CHA Stand by M,D:\projekty\Hudba\music-editor\src\data\segments\cha cha\a4ab5774e0c24d180cee87a89cc78bba7fb25dc4__s0ms.wav,0,20000,,cha cha
a4ab5774e0c24d180cee87a89cc78bba7fb25dc4__20000ms,a4ab5774e0c24d180cee87a89cc78bba7fb25dc4,CHA CHA Stand by M,D:\projekty\Hudba\music-editor\src\data\segments\cha cha\a4ab5774e0c24d180cee87a89cc78bba7fb25dc4__s20000ms.wav,20000,20000,,cha cha
a4ab5774e0c24d180cee87a89cc78bba7fb25dc4__40000ms,a4ab5774e0c24d180cee87a89cc78bba7fb25dc4,CHA CHA Stand by M,D:\projekty\Hudba\music-editor\src\data\segments\cha cha\a4ab5774e0c24d180cee87a89cc78bba7fb25dc4__s40000ms.wav,40000,20000,,cha cha
a4ab5774e0c24d180cee87a89cc78bba7fb25dc4__60000ms,a4ab5774e0c24d180cee87a89cc78bba7fb25dc4,CHA CHA Stand by M,D:\projekty\Hudba\music-editor\src\data\segments\cha cha\a4ab5774e0c24d180cee87a89cc78bba7fb25dc4__s60000ms.wav,60000,20000,,cha cha
a4ab5774e0c24d180cee87a89cc78bba7fb25dc4__80000ms,a4ab5774e0c24d180cee87a89cc78bba7fb25dc4,CHA CHA Stand by M,D:\projekty\Hudba\music-editor\src\data\segments\cha cha\a4ab5774e0c24d180cee87a89cc78bba7fb25dc4__s80000ms.wav,80000,20000,,cha cha
a4ab5774e0c24d180cee87a89cc78bba7fb25dc4__100000ms,a4ab5774e0c24d180cee87a89cc78bba7fb25dc4,CHA CHA Stand by M,D:\projekty\Hudba\music-editor\src\data\segments\cha cha\a4ab5774e0c24d180cee87a89cc78bba7fb25dc4__s100000ms.wav,100000,20000,,cha cha
a4ab5774e0c24d180cee87a89cc78bba7fb25dc4__120000ms,a4ab5774e0c24d180cee87a89cc78bba7fb25dc4,CHA CHA Stand by M,D:\projekty\Hudba\music-editor\src\data\segments\cha cha\a4ab5774e0c24d180cee87a89cc78bba7fb25dc4__s120000ms.wav,120000,20000,,cha cha
a4ab5774e0c24d180cee87a89cc78bba7fb25dc4__140000ms,a4ab5774e0c24d180cee87a89cc78bba7fb25dc4,CHA CHA Stand by M,D:\projekty\Hudba\music-editor\src\data\segments\cha cha\a4ab5774e0c24d180cee87a89cc78bba7fb25dc4__s140000ms.wav,140000,17858,,cha cha
291e14c6e7feac180f4ecf92ac6c4680d9799207__0ms,291e14c6e7feac180f4ecf92ac6c4680d9799207,CHA CHA Sugar MC Eric a Barbara,D:\projekty\Hudba\music-editor\src\data\segments\cha cha\291e14c6e7feac180f4ecf92ac6c4680d9799207__s0ms.wav,0,20000,,cha cha
291e14c6e7feac180f4ecf92ac6c4680d9799207__20000ms,291e14c6e7feac180f4ecf92ac6c4680d9799207,CHA CHA Sugar MC Eric a Barbara,D:\projekty\Hudba\music-editor\src\data\segments\cha cha\291e14c6e7feac180f4ecf92ac6c4680d9799207__s20000ms.wav,20000,20000,,cha cha
291e14c6e7feac180f4ecf92ac6c4680d9799207__40000ms,291e14c6e7feac180f4ecf92ac6c4680d9799207,CHA CHA Sugar MC Eric a Barbara,D:\projekty\Hudba\music-editor\src\data\segments\cha cha\291e14c6e7feac180f4ecf92ac6c4680d9799207__s40000ms.wav,40000,20000,,cha cha
291e14c6e7feac180f4ecf92ac6c4680d9799207__60000ms,291e14c6e7feac180f4ecf92ac6c4680d9799207,CHA CHA Sugar MC Eric a Barbara,D:\projekty\Hudba\music-editor\src\data\segments\cha cha\291e14c6e7feac180f4ecf92ac6c4680d9799207__s60000ms.wav,60000,20000,,cha cha
291e14c6e7feac180f4ecf92ac6c4680d9799207__80000ms,291e14c6e7feac180f4ecf92ac6c4680d9799207,CHA CHA Sugar MC Eric a Barbara,D:\projekty\Hudba\music-editor\src\data\segments\cha cha\291e14c6e7feac180f4ecf92ac6c4680d9799207__s80000ms.wav,80000,20000,,cha cha
291e14c6e7feac180f4ecf92ac6c4680d9799207__100000ms,291e14c6e7feac180f4ecf92ac6c4680d9799207,CHA CHA Sugar MC Eric a Barbara,D:\projekty\Hudba\music-editor\src\data\segments\cha cha\291e14c6e7feac180f4ecf92ac6c4680d9799207__s100000ms.wav,100000,20000,,cha cha
291e14c6e7feac180f4ecf92ac6c4680d9799207__120000ms,291e14c6e7feac180f4ecf92ac6c4680d9799207,CHA CHA Sugar MC Eric a Barbara,D:\projekty\Hudba\music-editor\src\data\segments\cha cha\291e14c6e7feac180f4ecf92ac6c4680d9799207__s120000ms.wav,120000,20000,,cha cha
291e14c6e7feac180f4ecf92ac6c4680d9799207__140000ms,291e14c6e7feac180f4ecf92ac6c4680d9799207,CHA CHA Sugar MC Eric a Barbara,D:\projekty\Hudba\music-editor\src\data\segments\cha cha\291e14c6e7feac180f4ecf92ac6c4680d9799207__s140000ms.wav,140000,12660,,cha cha
c3f7ed71b0e5a87d92d23f4d6e3fbfe395152ade__0ms,c3f7ed71b0e5a87d92d23f4d6e3fbfe395152ade,CHA CHA Taio Cruz   Break Your Heart (cha cha,D:\projekty\Hudba\music-editor\src\data\segments\cha cha\c3f7ed71b0e5a87d92d23f4d6e3fbfe395152ade__s0ms.wav,0,20000,,cha cha
c3f7ed71b0e5a87d92d23f4d6e3fbfe395152ade__20000ms,c3f7ed71b0e5a87d92d23f4d6e3fbfe395152ade,CHA CHA Taio Cruz   Break Your Heart (cha cha,D:\projekty\Hudba\music-editor\src\data\segments\cha cha\c3f7ed71b0e5a87d92d23f4d6e3fbfe395152ade__s20000ms.wav,20000,20000,,cha cha
c3f7ed71b0e5a87d92d23f4d6e3fbfe395152ade__40000ms,c3f7ed71b0e5a87d92d23f4d6e3fbfe395152ade,CHA CHA Taio Cruz   Break Your Heart (cha cha,D:\projekty\Hudba\music-editor\src\data\segments\cha cha\c3f7ed71b0e5a87d92d23f4d6e3fbfe395152ade__s40000ms.wav,40000,20000,,cha cha
c3f7ed71b0e5a87d92d23f4d6e3fbfe395152ade__60000ms,c3f7ed71b0e5a87d92d23f4d6e3fbfe395152ade,CHA CHA Taio Cruz   Break Your Heart (cha cha,D:\projekty\Hudba\music-editor\src\data\segments\cha cha\c3f7ed71b0e5a87d92d23f4d6e3fbfe395152ade__s60000ms.wav,60000,20000,,cha cha
c3f7ed71b0e5a87d92d23f4d6e3fbfe395152ade__80000ms,c3f7ed71b0e5a87d92d23f4d6e3fbfe395152ade,CHA CHA Taio Cruz   Break Your Heart (cha cha,D:\projekty\Hudba\music-editor\src\data\segments\cha cha\c3f7ed71b0e5a87d92d23f4d6e3fbfe395152ade__s80000ms.wav,80000,20000,,cha cha
c3f7ed71b0e5a87d92d23f4d6e3fbfe395152ade__100000ms,c3f7ed71b0e5a87d92d23f4d6e3fbfe395152ade,CHA CHA Taio Cruz   Break Your Heart (cha cha,D:\projekty\Hudba\music-editor\src\data\segments\cha cha\c3f7ed71b0e5a87d92d23f4d6e3fbfe395152ade__s100000ms.wav,100000,20000,,cha cha
c3f7ed71b0e5a87d92d23f4d6e3fbfe395152ade__120000ms,c3f7ed71b0e5a87d92d23f4d6e3fbfe395152ade,CHA CHA Taio Cruz   Break Your Heart (cha cha,D:\projekty\Hudba\music-editor\src\data\segments\cha cha\c3f7ed71b0e5a87d92d23f4d6e3fbfe395152ade__s120000ms.wav,120000,20000,,cha cha
c3f7ed71b0e5a87d92d23f4d6e3fbfe395152ade__140000ms,c3f7ed71b0e5a87d92d23f4d6e3fbfe395152ade,CHA CHA Taio Cruz   Break Your Heart (cha cha,D:\projekty\Hudba\music-editor\src\data\segments\cha cha\c3f7ed71b0e5a87d92d23f4d6e3fbfe395152ade__s140000ms.wav,140000,20000,,cha cha
c3f7ed71b0e5a87d92d23f4d6e3fbfe395152ade__160000ms,c3f7ed71b0e5a87d92d23f4d6e3fbfe395152ade,CHA CHA Taio Cruz   Break Your Heart (cha cha,D:\projekty\Hudba\music-editor\src\data\segments\cha cha\c3f7ed71b0e5a87d92d23f4d6e3fbfe395152ade__s160000ms.wav,160000,20000,,cha cha
c3f7ed71b0e5a87d92d23f4d6e3fbfe395152ade__180000ms,c3f7ed71b0e5a87d92d23f4d6e3fbfe395152ade,CHA CHA Taio Cruz   Break Your Heart (cha cha,D:\projekty\Hudba\music-editor\src\data\segments\cha cha\c3f7ed71b0e5a87d92d23f4d6e3fbfe395152ade__s180000ms.wav,180000,15135,,cha cha
20e1ccd3d8fba5f7e7a77de04a4242c4ae9d19ba__0ms,20e1ccd3d8fba5f7e7a77de04a4242c4ae9d19ba,Cha cha The Wanted   Walks Like Rihanna,D:\projekty\Hudba\music-editor\src\data\segments\cha cha\20e1ccd3d8fba5f7e7a77de04a4242c4ae9d19ba__s0ms.wav,0,20000,,cha cha
20e1ccd3d8fba5f7e7a77de04a4242c4ae9d19ba__20000ms,20e1ccd3d8fba5f7e7a77de04a4242c4ae9d19ba,Cha cha The Wanted   Walks Like Rihanna,D:\projekty\Hudba\music-editor\src\data\segments\cha cha\20e1ccd3d8fba5f7e7a77de04a4242c4ae9d19ba__s20000ms.wav,20000,20000,,cha cha
20e1ccd3d8fba5f7e7a77de04a4242c4ae9d19ba__40000ms,20e1ccd3d8fba5f7e7a77de04a4242c4ae9d19ba,Cha cha The Wanted   Walks Like Rihanna,D:\projekty\Hudba\music-editor\src\data\segments\cha cha\20e1ccd3d8fba5f7e7a77de04a4242c4ae9d19ba__s40000ms.wav,40000,20000,,cha cha
20e1ccd3d8fba5f7e7a77de04a4242c4ae9d19ba__60000ms,20e1ccd3d8fba5f7e7a77de04a4242c4ae9d19ba,Cha cha The Wanted   Walks Like Rihanna,D:\projekty\Hudba\music-editor\src\data\segments\cha cha\20e1ccd3d8fba5f7e7a77de04a4242c4ae9d19ba__s60000ms.wav,60000,20000,,cha cha
20e1ccd3d8fba5f7e7a77de04a4242c4ae9d19ba__80000ms,20e1ccd3d8fba5f7e7a77de04a4242c4ae9d19ba,Cha cha The Wanted   Walks Like Rihanna,D:\projekty\Hudba\music-editor\src\data\segments\cha cha\20e1ccd3d8fba5f7e7a77de04a4242c4ae9d19ba__s80000ms.wav,80000,20000,,cha cha
20e1ccd3d8fba5f7e7a77de04a4242c4ae9d19ba__100000ms,20e1ccd3d8fba5f7e7a77de04a4242c4ae9d19ba,Cha cha The Wanted   Walks Like Rihanna,D:\projekty\Hudba\music-editor\src\data\segments\cha cha\20e1ccd3d8fba5f7e7a77de04a4242c4ae9d19ba__s100000ms.wav,100000,20000,,cha cha
20e1ccd3d8fba5f7e7a77de04a4242c4ae9d19ba__120000ms,20e1ccd3d8fba5f7e7a77de04a4242c4ae9d19ba,Cha cha The Wanted   Walks Like Rihanna,D:\projekty\Hudba\music-editor\src\data\segments\cha cha\20e1ccd3d8fba5f7e7a77de04a4242c4ae9d19ba__s120000ms.wav,120000,20000,,cha cha
20e1ccd3d8fba5f7e7a77de04a4242c4ae9d19ba__140000ms,20e1ccd3d8fba5f7e7a77de04a4242c4ae9d19ba,Cha cha The Wanted   Walks Like Rihanna,D:\projekty\Hudba\music-editor\src\data\segments\cha cha\20e1ccd3d8fba5f7e7a77de04a4242c4ae9d19ba__s140000ms.wav,140000,20000,,cha cha
20e1ccd3d8fba5f7e7a77de04a4242c4ae9d19ba__160000ms,20e1ccd3d8fba5f7e7a77de04a4242c4ae9d19ba,Cha cha The Wanted   Walks Like Rihanna,D:\projekty\Hudba\music-editor\src\data\segments\cha cha\20e1ccd3d8fba5f7e7a77de04a4242c4ae9d19ba__s160000ms.wav,160000,20000,,cha cha
20e1ccd3d8fba5f7e7a77de04a4242c4ae9d19ba__180000ms,20e1ccd3d8fba5f7e7a77de04a4242c4ae9d19ba,Cha cha The Wanted   Walks Like Rihanna,D:\projekty\Hudba\music-editor\src\data\segments\cha cha\20e1ccd3d8fba5f7e7a77de04a4242c4ae9d19ba__s180000ms.wav,180000,20000,,cha cha
c95853274e7604cfcb7635cbbd10bbfbbfac4720__0ms,c95853274e7604cfcb7635cbbd10bbfbbfac4720,"CHA CHA The Weeknd, Ariana Grande, Dua Lipa   Save Your Tears (Mashup",D:\projekty\Hudba\music-editor\src\data\segments\cha cha\c95853274e7604cfcb7635cbbd10bbfbbfac4720__s0ms.wav,0,20000,,cha cha
c95853274e7604cfcb7635cbbd10bbfbbfac4720__20000ms,c95853274e7604cfcb7635cbbd10bbfbbfac4720,"CHA CHA The Weeknd, Ariana Grande, Dua Lipa   Save Your Tears (Mashup",D:\projekty\Hudba\music-editor\src\data\segments\cha cha\c95853274e7604cfcb7635cbbd10bbfbbfac4720__s20000ms.wav,20000,20000,,cha cha
c95853274e7604cfcb7635cbbd10bbfbbfac4720__40000ms,c95853274e7604cfcb7635cbbd10bbfbbfac4720,"CHA CHA The Weeknd, Ariana Grande, Dua Lipa   Save Your Tears (Mashup",D:\projekty\Hudba\music-editor\src\data\segments\cha cha\c95853274e7604cfcb7635cbbd10bbfbbfac4720__s40000ms.wav,40000,20000,,cha cha
c95853274e7604cfcb7635cbbd10bbfbbfac4720__60000ms,c95853274e7604cfcb7635cbbd10bbfbbfac4720,"CHA CHA The Weeknd, Ariana Grande, Dua Lipa   Save Your Tears (Mashup",D:\projekty\Hudba\music-editor\src\data\segments\cha cha\c95853274e7604cfcb7635cbbd10bbfbbfac4720__s60000ms.wav,60000,20000,,cha cha
c95853274e7604cfcb7635cbbd10bbfbbfac4720__80000ms,c95853274e7604cfcb7635cbbd10bbfbbfac4720,"CHA CHA The Weeknd, Ariana Grande, Dua Lipa   Save Your Tears (Mashup",D:\projekty\Hudba\music-editor\src\data\segments\cha cha\c95853274e7604cfcb7635cbbd10bbfbbfac4720__s80000ms.wav,80000,20000,,cha cha
c95853274e7604cfcb7635cbbd10bbfbbfac4720__100000ms,c95853274e7604cfcb7635cbbd10bbfbbfac4720,"CHA CHA The Weeknd, Ariana Grande, Dua Lipa   Save Your Tears (Mashup",D:\projekty\Hudba\music-editor\src\data\segments\cha cha\c95853274e7604cfcb7635cbbd10bbfbbfac4720__s100000ms.wav,100000,20000,,cha cha
c95853274e7604cfcb7635cbbd10bbfbbfac4720__120000ms,c95853274e7604cfcb7635cbbd10bbfbbfac4720,"CHA CHA The Weeknd, Ariana Grande, Dua Lipa   Save Your Tears (Mashup",D:\projekty\Hudba\music-editor\src\data\segments\cha cha\c95853274e7604cfcb7635cbbd10bbfbbfac4720__s120000ms.wav,120000,20000,,cha cha
c95853274e7604cfcb7635cbbd10bbfbbfac4720__140000ms,c95853274e7604cfcb7635cbbd10bbfbbfac4720,"CHA CHA The Weeknd, Ariana Grande, Dua Lipa   Save Your Tears (Mashup",D:\projekty\Hudba\music-editor\src\data\segments\cha cha\c95853274e7604cfcb7635cbbd10bbfbbfac4720__s140000ms.wav,140000,20000,,cha cha
c95853274e7604cfcb7635cbbd10bbfbbfac4720__160000ms,c95853274e7604cfcb7635cbbd10bbfbbfac4720,"CHA CHA The Weeknd, Ariana Grande, Dua Lipa   Save Your Tears (Mashup",D:\projekty\Hudba\music-editor\src\data\segments\cha cha\c95853274e7604cfcb7635cbbd10bbfbbfac4720__s160000ms.wav,160000,20000,,cha cha
c95853274e7604cfcb7635cbbd10bbfbbfac4720__180000ms,c95853274e7604cfcb7635cbbd10bbfbbfac4720,"CHA CHA The Weeknd, Ariana Grande, Dua Lipa   Save Your Tears (Mashup",D:\projekty\Hudba\music-editor\src\data\segments\cha cha\c95853274e7604cfcb7635cbbd10bbfbbfac4720__s180000ms.wav,180000,20000,,cha cha
c95853274e7604cfcb7635cbbd10bbfbbfac4720__200000ms,c95853274e7604cfcb7635cbbd10bbfbbfac4720,"CHA CHA The Weeknd, Ariana Grande, Dua Lipa   Save Your Tears (Mashup",D:\projekty\Hudba\music-editor\src\data\segments\cha cha\c95853274e7604cfcb7635cbbd10bbfbbfac4720__s200000ms.wav,200000,14491,,cha cha
2ccc19295e452848e863055d823b32345847e227__0ms,2ccc19295e452848e863055d823b32345847e227,"CHA CHA The Weeknd, upravená Ariana Grande, Dua Lipa   Save Your Tears (Mashup",D:\projekty\Hudba\music-editor\src\data\segments\cha cha\2ccc19295e452848e863055d823b32345847e227__s0ms.wav,0,20000,,cha cha
2ccc19295e452848e863055d823b32345847e227__20000ms,2ccc19295e452848e863055d823b32345847e227,"CHA CHA The Weeknd, upravená Ariana Grande, Dua Lipa   Save Your Tears (Mashup",D:\projekty\Hudba\music-editor\src\data\segments\cha cha\2ccc19295e452848e863055d823b32345847e227__s20000ms.wav,20000,20000,,cha cha
2ccc19295e452848e863055d823b32345847e227__40000ms,2ccc19295e452848e863055d823b32345847e227,"CHA CHA The Weeknd, upravená Ariana Grande, Dua Lipa   Save Your Tears (Mashup",D:\projekty\Hudba\music-editor\src\data\segments\cha cha\2ccc19295e452848e863055d823b32345847e227__s40000ms.wav,40000,20000,,cha cha
2ccc19295e452848e863055d823b32345847e227__60000ms,2ccc19295e452848e863055d823b32345847e227,"CHA CHA The Weeknd, upravená Ariana Grande, Dua Lipa   Save Your Tears (Mashup",D:\projekty\Hudba\music-editor\src\data\segments\cha cha\2ccc19295e452848e863055d823b32345847e227__s60000ms.wav,60000,20000,,cha cha
2ccc19295e452848e863055d823b32345847e227__80000ms,2ccc19295e452848e863055d823b32345847e227,"CHA CHA The Weeknd, upravená Ariana Grande, Dua Lipa   Save Your Tears (Mashup",D:\projekty\Hudba\music-editor\src\data\segments\cha cha\2ccc19295e452848e863055d823b32345847e227__s80000ms.wav,80000,20000,,cha cha
2ccc19295e452848e863055d823b32345847e227__100000ms,2ccc19295e452848e863055d823b32345847e227,"CHA CHA The Weeknd, upravená Ariana Grande, Dua Lipa   Save Your Tears (Mashup",D:\projekty\Hudba\music-editor\src\data\segments\cha cha\2ccc19295e452848e863055d823b32345847e227__s100000ms.wav,100000,20000,,cha cha
2ccc19295e452848e863055d823b32345847e227__120000ms,2ccc19295e452848e863055d823b32345847e227,"CHA CHA The Weeknd, upravená Ariana Grande, Dua Lipa   Save Your Tears (Mashup",D:\projekty\Hudba\music-editor\src\data\segments\cha cha\2ccc19295e452848e863055d823b32345847e227__s120000ms.wav,120000,20000,,cha cha
2ccc19295e452848e863055d823b32345847e227__140000ms,2ccc19295e452848e863055d823b32345847e227,"CHA CHA The Weeknd, upravená Ariana Grande, Dua Lipa   Save Your Tears (Mashup",D:\projekty\Hudba\music-editor\src\data\segments\cha cha\2ccc19295e452848e863055d823b32345847e227__s140000ms.wav,140000,20000,,cha cha
2ccc19295e452848e863055d823b32345847e227__160000ms,2ccc19295e452848e863055d823b32345847e227,"CHA CHA The Weeknd, upravená Ariana Grande, Dua Lipa   Save Your Tears (Mashup",D:\projekty\Hudba\music-editor\src\data\segments\cha cha\2ccc19295e452848e863055d823b32345847e227__s160000ms.wav,160000,20000,,cha cha
2ccc19295e452848e863055d823b32345847e227__180000ms,2ccc19295e452848e863055d823b32345847e227,"CHA CHA The Weeknd, upravená Ariana Grande, Dua Lipa   Save Your Tears (Mashup",D:\projekty\Hudba\music-editor\src\data\segments\cha cha\2ccc19295e452848e863055d823b32345847e227__s180000ms.wav,180000,8839,,cha cha
ca2a3dfe2e55ab226e37839ecfcd9486f0ab2aa5__0ms,ca2a3dfe2e55ab226e37839ecfcd9486f0ab2aa5,CHA CHA Timmy Trumpet x Vengaboys upravená  Up u0026 Down (Official Music Video,D:\projekty\Hudba\music-editor\src\data\segments\cha cha\ca2a3dfe2e55ab226e37839ecfcd9486f0ab2aa5__s0ms.wav,0,20000,,cha cha
ca2a3dfe2e55ab226e37839ecfcd9486f0ab2aa5__20000ms,ca2a3dfe2e55ab226e37839ecfcd9486f0ab2aa5,CHA CHA Timmy Trumpet x Vengaboys upravená  Up u0026 Down (Official Music Video,D:\projekty\Hudba\music-editor\src\data\segments\cha cha\ca2a3dfe2e55ab226e37839ecfcd9486f0ab2aa5__s20000ms.wav,20000,20000,,cha cha
ca2a3dfe2e55ab226e37839ecfcd9486f0ab2aa5__40000ms,ca2a3dfe2e55ab226e37839ecfcd9486f0ab2aa5,CHA CHA Timmy Trumpet x Vengaboys upravená  Up u0026 Down (Official Music Video,D:\projekty\Hudba\music-editor\src\data\segments\cha cha\ca2a3dfe2e55ab226e37839ecfcd9486f0ab2aa5__s40000ms.wav,40000,20000,,cha cha
ca2a3dfe2e55ab226e37839ecfcd9486f0ab2aa5__60000ms,ca2a3dfe2e55ab226e37839ecfcd9486f0ab2aa5,CHA CHA Timmy Trumpet x Vengaboys upravená  Up u0026 Down (Official Music Video,D:\projekty\Hudba\music-editor\src\data\segments\cha cha\ca2a3dfe2e55ab226e37839ecfcd9486f0ab2aa5__s60000ms.wav,60000,20000,,cha cha
ca2a3dfe2e55ab226e37839ecfcd9486f0ab2aa5__80000ms,ca2a3dfe2e55ab226e37839ecfcd9486f0ab2aa5,CHA CHA Timmy Trumpet x Vengaboys upravená  Up u0026 Down (Official Music Video,D:\projekty\Hudba\music-editor\src\data\segments\cha cha\ca2a3dfe2e55ab226e37839ecfcd9486f0ab2aa5__s80000ms.wav,80000,20000,,cha cha
ca2a3dfe2e55ab226e37839ecfcd9486f0ab2aa5__100000ms,ca2a3dfe2e55ab226e37839ecfcd9486f0ab2aa5,CHA CHA Timmy Trumpet x Vengaboys upravená  Up u0026 Down (Official Music Video,D:\projekty\Hudba\music-editor\src\data\segments\cha cha\ca2a3dfe2e55ab226e37839ecfcd9486f0ab2aa5__s100000ms.wav,100000,20000,,cha cha
ca2a3dfe2e55ab226e37839ecfcd9486f0ab2aa5__120000ms,ca2a3dfe2e55ab226e37839ecfcd9486f0ab2aa5,CHA CHA Timmy Trumpet x Vengaboys upravená  Up u0026 Down (Official Music Video,D:\projekty\Hudba\music-editor\src\data\segments\cha cha\ca2a3dfe2e55ab226e37839ecfcd9486f0ab2aa5__s120000ms.wav,120000,12389,,cha cha
6fbc981a132520cae8377432aa90f9a0a9053576__0ms,6fbc981a132520cae8377432aa90f9a0a9053576,CHA CHA We Run the Night (ChaCha) (31bpm,D:\projekty\Hudba\music-editor\src\data\segments\cha cha\6fbc981a132520cae8377432aa90f9a0a9053576__s0ms.wav,0,20000,,cha cha
6fbc981a132520cae8377432aa90f9a0a9053576__20000ms,6fbc981a132520cae8377432aa90f9a0a9053576,CHA CHA We Run the Night (ChaCha) (31bpm,D:\projekty\Hudba\music-editor\src\data\segments\cha cha\6fbc981a132520cae8377432aa90f9a0a9053576__s20000ms.wav,20000,20000,,cha cha
6fbc981a132520cae8377432aa90f9a0a9053576__40000ms,6fbc981a132520cae8377432aa90f9a0a9053576,CHA CHA We Run the Night (ChaCha) (31bpm,D:\projekty\Hudba\music-editor\src\data\segments\cha cha\6fbc981a132520cae8377432aa90f9a0a9053576__s40000ms.wav,40000,20000,,cha cha
6fbc981a132520cae8377432aa90f9a0a9053576__60000ms,6fbc981a132520cae8377432aa90f9a0a9053576,CHA CHA We Run the Night (ChaCha) (31bpm,D:\projekty\Hudba\music-editor\src\data\segments\cha cha\6fbc981a132520cae8377432aa90f9a0a9053576__s60000ms.wav,60000,20000,,cha cha
6fbc981a132520cae8377432aa90f9a0a9053576__80000ms,6fbc981a132520cae8377432aa90f9a0a9053576,CHA CHA We Run the Night (ChaCha) (31bpm,D:\projekty\Hudba\music-editor\src\data\segments\cha cha\6fbc981a132520cae8377432aa90f9a0a9053576__s80000ms.wav,80000,20000,,cha cha
6fbc981a132520cae8377432aa90f9a0a9053576__100000ms,6fbc981a132520cae8377432aa90f9a0a9053576,CHA CHA We Run the Night (ChaCha) (31bpm,D:\projekty\Hudba\music-editor\src\data\segments\cha cha\6fbc981a132520cae8377432aa90f9a0a9053576__s100000ms.wav,100000,20000,,cha cha
04c27b6145dd648144702c875f12745d285d03d7__0ms,04c27b6145dd648144702c875f12745d285d03d7,CHA CHA Zucchero   Bacco Perbacco,D:\projekty\Hudba\music-editor\src\data\segments\cha cha\04c27b6145dd648144702c875f12745d285d03d7__s0ms.wav,0,20000,,cha cha
04c27b6145dd648144702c875f12745d285d03d7__20000ms,04c27b6145dd648144702c875f12745d285d03d7,CHA CHA Zucchero   Bacco Perbacco,D:\projekty\Hudba\music-editor\src\data\segments\cha cha\04c27b6145dd648144702c875f12745d285d03d7__s20000ms.wav,20000,20000,,cha cha
04c27b6145dd648144702c875f12745d285d03d7__40000ms,04c27b6145dd648144702c875f12745d285d03d7,CHA CHA Zucchero   Bacco Perbacco,D:\projekty\Hudba\music-editor\src\data\segments\cha cha\04c27b6145dd648144702c875f12745d285d03d7__s40000ms.wav,40000,20000,,cha cha
04c27b6145dd648144702c875f12745d285d03d7__60000ms,04c27b6145dd648144702c875f12745d285d03d7,CHA CHA Zucchero   Bacco Perbacco,D:\projekty\Hudba\music-editor\src\data\segments\cha cha\04c27b6145dd648144702c875f12745d285d03d7__s60000ms.wav,60000,20000,,cha cha
04c27b6145dd648144702c875f12745d285d03d7__80000ms,04c27b6145dd648144702c875f12745d285d03d7,CHA CHA Zucchero   Bacco Perbacco,D:\projekty\Hudba\music-editor\src\data\segments\cha cha\04c27b6145dd648144702c875f12745d285d03d7__s80000ms.wav,80000,20000,,cha cha
04c27b6145dd648144702c875f12745d285d03d7__100000ms,04c27b6145dd648144702c875f12745d285d03d7,CHA CHA Zucchero   Bacco Perbacco,D:\projekty\Hudba\music-editor\src\data\segments\cha cha\04c27b6145dd648144702c875f12745d285d03d7__s100000ms.wav,100000,20000,,cha cha
04c27b6145dd648144702c875f12745d285d03d7__120000ms,04c27b6145dd648144702c875f12745d285d03d7,CHA CHA Zucchero   Bacco Perbacco,D:\projekty\Hudba\music-editor\src\data\segments\cha cha\04c27b6145dd648144702c875f12745d285d03d7__s120000ms.wav,120000,20000,,cha cha
04c27b6145dd648144702c875f12745d285d03d7__140000ms,04c27b6145dd648144702c875f12745d285d03d7,CHA CHA Zucchero   Bacco Perbacco,D:\projekty\Hudba\music-editor\src\data\segments\cha cha\04c27b6145dd648144702c875f12745d285d03d7__s140000ms.wav,140000,20000,,cha cha
04c27b6145dd648144702c875f12745d285d03d7__160000ms,04c27b6145dd648144702c875f12745d285d03d7,CHA CHA Zucchero   Bacco Perbacco,D:\projekty\Hudba\music-editor\src\data\segments\cha cha\04c27b6145dd648144702c875f12745d285d03d7__s160000ms.wav,160000,20000,,cha cha
04c27b6145dd648144702c875f12745d285d03d7__180000ms,04c27b6145dd648144702c875f12745d285d03d7,CHA CHA Zucchero   Bacco Perbacco,D:\projekty\Hudba\music-editor\src\data\segments\cha cha\04c27b6145dd648144702c875f12745d285d03d7__s180000ms.wav,180000,20000,,cha cha
04c27b6145dd648144702c875f12745d285d03d7__200000ms,04c27b6145dd648144702c875f12745d285d03d7,CHA CHA Zucchero   Bacco Perbacco,D:\projekty\Hudba\music-editor\src\data\segments\cha cha\04c27b6145dd648144702c875f12745d285d03d7__s200000ms.wav,200000,20000,,cha cha
0015c6199c46ec0fbe91801d5f02a2dcdb24746b__0ms,0015c6199c46ec0fbe91801d5f02a2dcdb24746b,CHA CHA Žerjav Miha   Karcagi Laura cha ch,D:\projekty\Hudba\music-editor\src\data\segments\cha cha\0015c6199c46ec0fbe91801d5f02a2dcdb24746b__s0ms.wav,0,20000,,cha cha
0015c6199c46ec0fbe91801d5f02a2dcdb24746b__20000ms,0015c6199c46ec0fbe91801d5f02a2dcdb24746b,CHA CHA Žerjav Miha   Karcagi Laura cha ch,D:\projekty\Hudba\music-editor\src\data\segments\cha cha\0015c6199c46ec0fbe91801d5f02a2dcdb24746b__s20000ms.wav,20000,20000,,cha cha
0015c6199c46ec0fbe91801d5f02a2dcdb24746b__40000ms,0015c6199c46ec0fbe91801d5f02a2dcdb24746b,CHA CHA Žerjav Miha   Karcagi Laura cha ch,D:\projekty\Hudba\music-editor\src\data\segments\cha cha\0015c6199c46ec0fbe91801d5f02a2dcdb24746b__s40000ms.wav,40000,20000,,cha cha
0015c6199c46ec0fbe91801d5f02a2dcdb24746b__60000ms,0015c6199c46ec0fbe91801d5f02a2dcdb24746b,CHA CHA Žerjav Miha   Karcagi Laura cha ch,D:\projekty\Hudba\music-editor\src\data\segments\cha cha\0015c6199c46ec0fbe91801d5f02a2dcdb24746b__s60000ms.wav,60000,20000,,cha cha
0015c6199c46ec0fbe91801d5f02a2dcdb24746b__80000ms,0015c6199c46ec0fbe91801d5f02a2dcdb24746b,CHA CHA Žerjav Miha   Karcagi Laura cha ch,D:\projekty\Hudba\music-editor\src\data\segments\cha cha\0015c6199c46ec0fbe91801d5f02a2dcdb24746b__s80000ms.wav,80000,20000,,cha cha
0015c6199c46ec0fbe91801d5f02a2dcdb24746b__100000ms,0015c6199c46ec0fbe91801d5f02a2dcdb24746b,CHA CHA Žerjav Miha   Karcagi Laura cha ch,D:\projekty\Hudba\music-editor\src\data\segments\cha cha\0015c6199c46ec0fbe91801d5f02a2dcdb24746b__s100000ms.wav,100000,20000,,cha cha
0015c6199c46ec0fbe91801d5f02a2dcdb24746b__120000ms,0015c6199c46ec0fbe91801d5f02a2dcdb24746b,CHA CHA Žerjav Miha   Karcagi Laura cha ch,D:\projekty\Hudba\music-editor\src\data\segments\cha cha\0015c6199c46ec0fbe91801d5f02a2dcdb24746b__s120000ms.wav,120000,10952,,cha cha
c88ff0367cee9ab823ec4b6b03c3a72d40a855b0__0ms,c88ff0367cee9ab823ec4b6b03c3a72d40a855b0,"CHACHA   1, 2, Cha Cha Cha",D:\projekty\Hudba\music-editor\src\data\segments\cha cha\c88ff0367cee9ab823ec4b6b03c3a72d40a855b0__s0ms.wav,0,20000,,cha cha
c88ff0367cee9ab823ec4b6b03c3a72d40a855b0__20000ms,c88ff0367cee9ab823ec4b6b03c3a72d40a855b0,"CHACHA   1, 2, Cha Cha Cha",D:\projekty\Hudba\music-editor\src\data\segments\cha cha\c88ff0367cee9ab823ec4b6b03c3a72d40a855b0__s20000ms.wav,20000,20000,,cha cha
c88ff0367cee9ab823ec4b6b03c3a72d40a855b0__40000ms,c88ff0367cee9ab823ec4b6b03c3a72d40a855b0,"CHACHA   1, 2, Cha Cha Cha",D:\projekty\Hudba\music-editor\src\data\segments\cha cha\c88ff0367cee9ab823ec4b6b03c3a72d40a855b0__s40000ms.wav,40000,20000,,cha cha
c88ff0367cee9ab823ec4b6b03c3a72d40a855b0__60000ms,c88ff0367cee9ab823ec4b6b03c3a72d40a855b0,"CHACHA   1, 2, Cha Cha Cha",D:\projekty\Hudba\music-editor\src\data\segments\cha cha\c88ff0367cee9ab823ec4b6b03c3a72d40a855b0__s60000ms.wav,60000,20000,,cha cha
c88ff0367cee9ab823ec4b6b03c3a72d40a855b0__80000ms,c88ff0367cee9ab823ec4b6b03c3a72d40a855b0,"CHACHA   1, 2, Cha Cha Cha",D:\projekty\Hudba\music-editor\src\data\segments\cha cha\c88ff0367cee9ab823ec4b6b03c3a72d40a855b0__s80000ms.wav,80000,20000,,cha cha
c88ff0367cee9ab823ec4b6b03c3a72d40a855b0__100000ms,c88ff0367cee9ab823ec4b6b03c3a72d40a855b0,"CHACHA   1, 2, Cha Cha Cha",D:\projekty\Hudba\music-editor\src\data\segments\cha cha\c88ff0367cee9ab823ec4b6b03c3a72d40a855b0__s100000ms.wav,100000,20000,,cha cha
c88ff0367cee9ab823ec4b6b03c3a72d40a855b0__120000ms,c88ff0367cee9ab823ec4b6b03c3a72d40a855b0,"CHACHA   1, 2, Cha Cha Cha",D:\projekty\Hudba\music-editor\src\data\segments\cha cha\c88ff0367cee9ab823ec4b6b03c3a72d40a855b0__s120000ms.wav,120000,20000,,cha cha
c88ff0367cee9ab823ec4b6b03c3a72d40a855b0__140000ms,c88ff0367cee9ab823ec4b6b03c3a72d40a855b0,"CHACHA   1, 2, Cha Cha Cha",D:\projekty\Hudba\music-editor\src\data\segments\cha cha\c88ff0367cee9ab823ec4b6b03c3a72d40a855b0__s140000ms.wav,140000,20000,,cha cha
c88ff0367cee9ab823ec4b6b03c3a72d40a855b0__160000ms,c88ff0367cee9ab823ec4b6b03c3a72d40a855b0,"CHACHA   1, 2, Cha Cha Cha",D:\projekty\Hudba\music-editor\src\data\segments\cha cha\c88ff0367cee9ab823ec4b6b03c3a72d40a855b0__s160000ms.wav,160000,20000,,cha cha
c88ff0367cee9ab823ec4b6b03c3a72d40a855b0__180000ms,c88ff0367cee9ab823ec4b6b03c3a72d40a855b0,"CHACHA   1, 2, Cha Cha Cha",D:\projekty\Hudba\music-editor\src\data\segments\cha cha\c88ff0367cee9ab823ec4b6b03c3a72d40a855b0__s180000ms.wav,180000,20000,,cha cha
c88ff0367cee9ab823ec4b6b03c3a72d40a855b0__200000ms,c88ff0367cee9ab823ec4b6b03c3a72d40a855b0,"CHACHA   1, 2, Cha Cha Cha",D:\projekty\Hudba\music-editor\src\data\segments\cha cha\c88ff0367cee9ab823ec4b6b03c3a72d40a855b0__s200000ms.wav,200000,20000,,cha cha
c88ff0367cee9ab823ec4b6b03c3a72d40a855b0__220000ms,c88ff0367cee9ab823ec4b6b03c3a72d40a855b0,"CHACHA   1, 2, Cha Cha Cha",D:\projekty\Hudba\music-editor\src\data\segments\cha cha\c88ff0367cee9ab823ec4b6b03c3a72d40a855b0__s220000ms.wav,220000,20000,,cha cha
c88ff0367cee9ab823ec4b6b03c3a72d40a855b0__240000ms,c88ff0367cee9ab823ec4b6b03c3a72d40a855b0,"CHACHA   1, 2, Cha Cha Cha",D:\projekty\Hudba\music-editor\src\data\segments\cha cha\c88ff0367cee9ab823ec4b6b03c3a72d40a855b0__s240000ms.wav,240000,20000,,cha cha
c3f60a022942e2452140b25a880e4da98f2235b4__0ms,c3f60a022942e2452140b25a880e4da98f2235b4,CHACHA   Ma cherie,D:\projekty\Hudba\music-editor\src\data\segments\cha cha\c3f60a022942e2452140b25a880e4da98f2235b4__s0ms.wav,0,20000,,cha cha
c3f60a022942e2452140b25a880e4da98f2235b4__20000ms,c3f60a022942e2452140b25a880e4da98f2235b4,CHACHA   Ma cherie,D:\projekty\Hudba\music-editor\src\data\segments\cha cha\c3f60a022942e2452140b25a880e4da98f2235b4__s20000ms.wav,20000,20000,,cha cha
c3f60a022942e2452140b25a880e4da98f2235b4__40000ms,c3f60a022942e2452140b25a880e4da98f2235b4,CHACHA   Ma cherie,D:\projekty\Hudba\music-editor\src\data\segments\cha cha\c3f60a022942e2452140b25a880e4da98f2235b4__s40000ms.wav,40000,20000,,cha cha
c3f60a022942e2452140b25a880e4da98f2235b4__60000ms,c3f60a022942e2452140b25a880e4da98f2235b4,CHACHA   Ma cherie,D:\projekty\Hudba\music-editor\src\data\segments\cha cha\c3f60a022942e2452140b25a880e4da98f2235b4__s60000ms.wav,60000,20000,,cha cha
c3f60a022942e2452140b25a880e4da98f2235b4__80000ms,c3f60a022942e2452140b25a880e4da98f2235b4,CHACHA   Ma cherie,D:\projekty\Hudba\music-editor\src\data\segments\cha cha\c3f60a022942e2452140b25a880e4da98f2235b4__s80000ms.wav,80000,20000,,cha cha
c3f60a022942e2452140b25a880e4da98f2235b4__100000ms,c3f60a022942e2452140b25a880e4da98f2235b4,CHACHA   Ma cherie,D:\projekty\Hudba\music-editor\src\data\segments\cha cha\c3f60a022942e2452140b25a880e4da98f2235b4__s100000ms.wav,100000,20000,,cha cha
c3f60a022942e2452140b25a880e4da98f2235b4__120000ms,c3f60a022942e2452140b25a880e4da98f2235b4,CHACHA   Ma cherie,D:\projekty\Hudba\music-editor\src\data\segments\cha cha\c3f60a022942e2452140b25a880e4da98f2235b4__s120000ms.wav,120000,20000,,cha cha
86be2c9721fa4cdecba87911f090fe1e62192365__0ms,86be2c9721fa4cdecba87911f090fe1e62192365,Jive   Beat It   Michael Jackson,D:\projekty\Hudba\music-editor\src\data\segments\jive\86be2c9721fa4cdecba87911f090fe1e62192365__s0ms.wav,0,20000,,jive
86be2c9721fa4cdecba87911f090fe1e62192365__20000ms,86be2c9721fa4cdecba87911f090fe1e62192365,Jive   Beat It   Michael Jackson,D:\projekty\Hudba\music-editor\src\data\segments\jive\86be2c9721fa4cdecba87911f090fe1e62192365__s20000ms.wav,20000,20000,,jive
86be2c9721fa4cdecba87911f090fe1e62192365__40000ms,86be2c9721fa4cdecba87911f090fe1e62192365,Jive   Beat It   Michael Jackson,D:\projekty\Hudba\music-editor\src\data\segments\jive\86be2c9721fa4cdecba87911f090fe1e62192365__s40000ms.wav,40000,20000,,jive
86be2c9721fa4cdecba87911f090fe1e62192365__60000ms,86be2c9721fa4cdecba87911f090fe1e62192365,Jive   Beat It   Michael Jackson,D:\projekty\Hudba\music-editor\src\data\segments\jive\86be2c9721fa4cdecba87911f090fe1e62192365__s60000ms.wav,60000,20000,,jive
86be2c9721fa4cdecba87911f090fe1e62192365__80000ms,86be2c9721fa4cdecba87911f090fe1e62192365,Jive   Beat It   Michael Jackson,D:\projekty\Hudba\music-editor\src\data\segments\jive\86be2c9721fa4cdecba87911f090fe1e62192365__s80000ms.wav,80000,20000,,jive
86be2c9721fa4cdecba87911f090fe1e62192365__100000ms,86be2c9721fa4cdecba87911f090fe1e62192365,Jive   Beat It   Michael Jackson,D:\projekty\Hudba\music-editor\src\data\segments\jive\86be2c9721fa4cdecba87911f090fe1e62192365__s100000ms.wav,100000,20000,,jive
86be2c9721fa4cdecba87911f090fe1e62192365__120000ms,86be2c9721fa4cdecba87911f090fe1e62192365,Jive   Beat It   Michael Jackson,D:\projekty\Hudba\music-editor\src\data\segments\jive\86be2c9721fa4cdecba87911f090fe1e62192365__s120000ms.wav,120000,20000,,jive
86be2c9721fa4cdecba87911f090fe1e62192365__140000ms,86be2c9721fa4cdecba87911f090fe1e62192365,Jive   Beat It   Michael Jackson,D:\projekty\Hudba\music-editor\src\data\segments\jive\86be2c9721fa4cdecba87911f090fe1e62192365__s140000ms.wav,140000,20000,,jive
86be2c9721fa4cdecba87911f090fe1e62192365__160000ms,86be2c9721fa4cdecba87911f090fe1e62192365,Jive   Beat It   Michael Jackson,D:\projekty\Hudba\music-editor\src\data\segments\jive\86be2c9721fa4cdecba87911f090fe1e62192365__s160000ms.wav,160000,20000,,jive
0385b71de994114872f3d88546a421b1d0d2c745__0ms,0385b71de994114872f3d88546a421b1d0d2c745,Jive   Feel It Still   Olivato Dancesport Orchestr,D:\projekty\Hudba\music-editor\src\data\segments\jive\0385b71de994114872f3d88546a421b1d0d2c745__s0ms.wav,0,20000,,jive
0385b71de994114872f3d88546a421b1d0d2c745__20000ms,0385b71de994114872f3d88546a421b1d0d2c745,Jive   Feel It Still   Olivato Dancesport Orchestr,D:\projekty\Hudba\music-editor\src\data\segments\jive\0385b71de994114872f3d88546a421b1d0d2c745__s20000ms.wav,20000,20000,,jive
0385b71de994114872f3d88546a421b1d0d2c745__40000ms,0385b71de994114872f3d88546a421b1d0d2c745,Jive   Feel It Still   Olivato Dancesport Orchestr,D:\projekty\Hudba\music-editor\src\data\segments\jive\0385b71de994114872f3d88546a421b1d0d2c745__s40000ms.wav,40000,20000,,jive
0385b71de994114872f3d88546a421b1d0d2c745__60000ms,0385b71de994114872f3d88546a421b1d0d2c745,Jive   Feel It Still   Olivato Dancesport Orchestr,D:\projekty\Hudba\music-editor\src\data\segments\jive\0385b71de994114872f3d88546a421b1d0d2c745__s60000ms.wav,60000,20000,,jive
0385b71de994114872f3d88546a421b1d0d2c745__80000ms,0385b71de994114872f3d88546a421b1d0d2c745,Jive   Feel It Still   Olivato Dancesport Orchestr,D:\projekty\Hudba\music-editor\src\data\segments\jive\0385b71de994114872f3d88546a421b1d0d2c745__s80000ms.wav,80000,20000,,jive
0385b71de994114872f3d88546a421b1d0d2c745__100000ms,0385b71de994114872f3d88546a421b1d0d2c745,Jive   Feel It Still   Olivato Dancesport Orchestr,D:\projekty\Hudba\music-editor\src\data\segments\jive\0385b71de994114872f3d88546a421b1d0d2c745__s100000ms.wav,100000,20000,,jive
0385b71de994114872f3d88546a421b1d0d2c745__120000ms,0385b71de994114872f3d88546a421b1d0d2c745,Jive   Feel It Still   Olivato Dancesport Orchestr,D:\projekty\Hudba\music-editor\src\data\segments\jive\0385b71de994114872f3d88546a421b1d0d2c745__s120000ms.wav,120000,20000,,jive
0385b71de994114872f3d88546a421b1d0d2c745__140000ms,0385b71de994114872f3d88546a421b1d0d2c745,Jive   Feel It Still   Olivato Dancesport Orchestr,D:\projekty\Hudba\music-editor\src\data\segments\jive\0385b71de994114872f3d88546a421b1d0d2c745__s140000ms.wav,140000,8663,,jive
ce5483b225ecfeddd6d931641f10bf2e8cec78d8__0ms,ce5483b225ecfeddd6d931641f10bf2e8cec78d8,Jive   Jingle Bell Roc,D:\projekty\Hudba\music-editor\src\data\segments\jive\ce5483b225ecfeddd6d931641f10bf2e8cec78d8__s0ms.wav,0,20000,,jive
ce5483b225ecfeddd6d931641f10bf2e8cec78d8__20000ms,ce5483b225ecfeddd6d931641f10bf2e8cec78d8,Jive   Jingle Bell Roc,D:\projekty\Hudba\music-editor\src\data\segments\jive\ce5483b225ecfeddd6d931641f10bf2e8cec78d8__s20000ms.wav,20000,20000,,jive
ce5483b225ecfeddd6d931641f10bf2e8cec78d8__40000ms,ce5483b225ecfeddd6d931641f10bf2e8cec78d8,Jive   Jingle Bell Roc,D:\projekty\Hudba\music-editor\src\data\segments\jive\ce5483b225ecfeddd6d931641f10bf2e8cec78d8__s40000ms.wav,40000,20000,,jive
ce5483b225ecfeddd6d931641f10bf2e8cec78d8__60000ms,ce5483b225ecfeddd6d931641f10bf2e8cec78d8,Jive   Jingle Bell Roc,D:\projekty\Hudba\music-editor\src\data\segments\jive\ce5483b225ecfeddd6d931641f10bf2e8cec78d8__s60000ms.wav,60000,20000,,jive
ce5483b225ecfeddd6d931641f10bf2e8cec78d8__80000ms,ce5483b225ecfeddd6d931641f10bf2e8cec78d8,Jive   Jingle Bell Roc,D:\projekty\Hudba\music-editor\src\data\segments\jive\ce5483b225ecfeddd6d931641f10bf2e8cec78d8__s80000ms.wav,80000,17123,,jive
3fa4881bfecae1fcb55b65abefbaee35e4133b58__0ms,3fa4881bfecae1fcb55b65abefbaee35e4133b58,JIVE   Meghan Trainor   Dear Future Husband,D:\projekty\Hudba\music-editor\src\data\segments\jive\3fa4881bfecae1fcb55b65abefbaee35e4133b58__s0ms.wav,0,20000,,jive
3fa4881bfecae1fcb55b65abefbaee35e4133b58__20000ms,3fa4881bfecae1fcb55b65abefbaee35e4133b58,JIVE   Meghan Trainor   Dear Future Husband,D:\projekty\Hudba\music-editor\src\data\segments\jive\3fa4881bfecae1fcb55b65abefbaee35e4133b58__s20000ms.wav,20000,20000,,jive
3fa4881bfecae1fcb55b65abefbaee35e4133b58__40000ms,3fa4881bfecae1fcb55b65abefbaee35e4133b58,JIVE   Meghan Trainor   Dear Future Husband,D:\projekty\Hudba\music-editor\src\data\segments\jive\3fa4881bfecae1fcb55b65abefbaee35e4133b58__s40000ms.wav,40000,20000,,jive
3fa4881bfecae1fcb55b65abefbaee35e4133b58__60000ms,3fa4881bfecae1fcb55b65abefbaee35e4133b58,JIVE   Meghan Trainor   Dear Future Husband,D:\projekty\Hudba\music-editor\src\data\segments\jive\3fa4881bfecae1fcb55b65abefbaee35e4133b58__s60000ms.wav,60000,20000,,jive
3fa4881bfecae1fcb55b65abefbaee35e4133b58__80000ms,3fa4881bfecae1fcb55b65abefbaee35e4133b58,JIVE   Meghan Trainor   Dear Future Husband,D:\projekty\Hudba\music-editor\src\data\segments\jive\3fa4881bfecae1fcb55b65abefbaee35e4133b58__s80000ms.wav,80000,20000,,jive
3fa4881bfecae1fcb55b65abefbaee35e4133b58__100000ms,3fa4881bfecae1fcb55b65abefbaee35e4133b58,JIVE   Meghan Trainor   Dear Future Husband,D:\projekty\Hudba\music-editor\src\data\segments\jive\3fa4881bfecae1fcb55b65abefbaee35e4133b58__s100000ms.wav,100000,20000,,jive
3fa4881bfecae1fcb55b65abefbaee35e4133b58__120000ms,3fa4881bfecae1fcb55b65abefbaee35e4133b58,JIVE   Meghan Trainor   Dear Future Husband,D:\projekty\Hudba\music-editor\src\data\segments\jive\3fa4881bfecae1fcb55b65abefbaee35e4133b58__s120000ms.wav,120000,20000,,jive
3fa4881bfecae1fcb55b65abefbaee35e4133b58__140000ms,3fa4881bfecae1fcb55b65abefbaee35e4133b58,JIVE   Meghan Trainor   Dear Future Husband,D:\projekty\Hudba\music-editor\src\data\segments\jive\3fa4881bfecae1fcb55b65abefbaee35e4133b58__s140000ms.wav,140000,20000,,jive
f79bbd01d79fd5ecffc2d55b83d6ad710d5432ce__0ms,f79bbd01d79fd5ecffc2d55b83d6ad710d5432ce,Jive   Part Time Lover   Stevie Wonde,D:\projekty\Hudba\music-editor\src\data\segments\jive\f79bbd01d79fd5ecffc2d55b83d6ad710d5432ce__s0ms.wav,0,20000,,jive
f79bbd01d79fd5ecffc2d55b83d6ad710d5432ce__20000ms,f79bbd01d79fd5ecffc2d55b83d6ad710d5432ce,Jive   Part Time Lover   Stevie Wonde,D:\projekty\Hudba\music-editor\src\data\segments\jive\f79bbd01d79fd5ecffc2d55b83d6ad710d5432ce__s20000ms.wav,20000,20000,,jive
f79bbd01d79fd5ecffc2d55b83d6ad710d5432ce__40000ms,f79bbd01d79fd5ecffc2d55b83d6ad710d5432ce,Jive   Part Time Lover   Stevie Wonde,D:\projekty\Hudba\music-editor\src\data\segments\jive\f79bbd01d79fd5ecffc2d55b83d6ad710d5432ce__s40000ms.wav,40000,20000,,jive
f79bbd01d79fd5ecffc2d55b83d6ad710d5432ce__60000ms,f79bbd01d79fd5ecffc2d55b83d6ad710d5432ce,Jive   Part Time Lover   Stevie Wonde,D:\projekty\Hudba\music-editor\src\data\segments\jive\f79bbd01d79fd5ecffc2d55b83d6ad710d5432ce__s60000ms.wav,60000,20000,,jive
f79bbd01d79fd5ecffc2d55b83d6ad710d5432ce__80000ms,f79bbd01d79fd5ecffc2d55b83d6ad710d5432ce,Jive   Part Time Lover   Stevie Wonde,D:\projekty\Hudba\music-editor\src\data\segments\jive\f79bbd01d79fd5ecffc2d55b83d6ad710d5432ce__s80000ms.wav,80000,20000,,jive
f79bbd01d79fd5ecffc2d55b83d6ad710d5432ce__100000ms,f79bbd01d79fd5ecffc2d55b83d6ad710d5432ce,Jive   Part Time Lover   Stevie Wonde,D:\projekty\Hudba\music-editor\src\data\segments\jive\f79bbd01d79fd5ecffc2d55b83d6ad710d5432ce__s100000ms.wav,100000,20000,,jive
f79bbd01d79fd5ecffc2d55b83d6ad710d5432ce__120000ms,f79bbd01d79fd5ecffc2d55b83d6ad710d5432ce,Jive   Part Time Lover   Stevie Wonde,D:\projekty\Hudba\music-editor\src\data\segments\jive\f79bbd01d79fd5ecffc2d55b83d6ad710d5432ce__s120000ms.wav,120000,20000,,jive
f79bbd01d79fd5ecffc2d55b83d6ad710d5432ce__140000ms,f79bbd01d79fd5ecffc2d55b83d6ad710d5432ce,Jive   Part Time Lover   Stevie Wonde,D:\projekty\Hudba\music-editor\src\data\segments\jive\f79bbd01d79fd5ecffc2d55b83d6ad710d5432ce__s140000ms.wav,140000,20000,,jive
f79bbd01d79fd5ecffc2d55b83d6ad710d5432ce__160000ms,f79bbd01d79fd5ecffc2d55b83d6ad710d5432ce,Jive   Part Time Lover   Stevie Wonde,D:\projekty\Hudba\music-editor\src\data\segments\jive\f79bbd01d79fd5ecffc2d55b83d6ad710d5432ce__s160000ms.wav,160000,20000,,jive
f79bbd01d79fd5ecffc2d55b83d6ad710d5432ce__180000ms,f79bbd01d79fd5ecffc2d55b83d6ad710d5432ce,Jive   Part Time Lover   Stevie Wonde,D:\projekty\Hudba\music-editor\src\data\segments\jive\f79bbd01d79fd5ecffc2d55b83d6ad710d5432ce__s180000ms.wav,180000,20000,,jive
f79bbd01d79fd5ecffc2d55b83d6ad710d5432ce__200000ms,f79bbd01d79fd5ecffc2d55b83d6ad710d5432ce,Jive   Part Time Lover   Stevie Wonde,D:\projekty\Hudba\music-editor\src\data\segments\jive\f79bbd01d79fd5ecffc2d55b83d6ad710d5432ce__s200000ms.wav,200000,20000,,jive
f79bbd01d79fd5ecffc2d55b83d6ad710d5432ce__220000ms,f79bbd01d79fd5ecffc2d55b83d6ad710d5432ce,Jive   Part Time Lover   Stevie Wonde,D:\projekty\Hudba\music-editor\src\data\segments\jive\f79bbd01d79fd5ecffc2d55b83d6ad710d5432ce__s220000ms.wav,220000,20000,,jive
f79bbd01d79fd5ecffc2d55b83d6ad710d5432ce__240000ms,f79bbd01d79fd5ecffc2d55b83d6ad710d5432ce,Jive   Part Time Lover   Stevie Wonde,D:\projekty\Hudba\music-editor\src\data\segments\jive\f79bbd01d79fd5ecffc2d55b83d6ad710d5432ce__s240000ms.wav,240000,20000,,jive
f3fd26ec7375c2b7a74208e1d76e6e18196c09ce__0ms,f3fd26ec7375c2b7a74208e1d76e6e18196c09ce,Jive   Runaround Sue,D:\projekty\Hudba\music-editor\src\data\segments\jive\f3fd26ec7375c2b7a74208e1d76e6e18196c09ce__s0ms.wav,0,20000,,jive
f3fd26ec7375c2b7a74208e1d76e6e18196c09ce__20000ms,f3fd26ec7375c2b7a74208e1d76e6e18196c09ce,Jive   Runaround Sue,D:\projekty\Hudba\music-editor\src\data\segments\jive\f3fd26ec7375c2b7a74208e1d76e6e18196c09ce__s20000ms.wav,20000,20000,,jive
f3fd26ec7375c2b7a74208e1d76e6e18196c09ce__40000ms,f3fd26ec7375c2b7a74208e1d76e6e18196c09ce,Jive   Runaround Sue,D:\projekty\Hudba\music-editor\src\data\segments\jive\f3fd26ec7375c2b7a74208e1d76e6e18196c09ce__s40000ms.wav,40000,20000,,jive
f3fd26ec7375c2b7a74208e1d76e6e18196c09ce__60000ms,f3fd26ec7375c2b7a74208e1d76e6e18196c09ce,Jive   Runaround Sue,D:\projekty\Hudba\music-editor\src\data\segments\jive\f3fd26ec7375c2b7a74208e1d76e6e18196c09ce__s60000ms.wav,60000,20000,,jive
f3fd26ec7375c2b7a74208e1d76e6e18196c09ce__80000ms,f3fd26ec7375c2b7a74208e1d76e6e18196c09ce,Jive   Runaround Sue,D:\projekty\Hudba\music-editor\src\data\segments\jive\f3fd26ec7375c2b7a74208e1d76e6e18196c09ce__s80000ms.wav,80000,20000,,jive
f3fd26ec7375c2b7a74208e1d76e6e18196c09ce__100000ms,f3fd26ec7375c2b7a74208e1d76e6e18196c09ce,Jive   Runaround Sue,D:\projekty\Hudba\music-editor\src\data\segments\jive\f3fd26ec7375c2b7a74208e1d76e6e18196c09ce__s100000ms.wav,100000,20000,,jive
f3fd26ec7375c2b7a74208e1d76e6e18196c09ce__120000ms,f3fd26ec7375c2b7a74208e1d76e6e18196c09ce,Jive   Runaround Sue,D:\projekty\Hudba\music-editor\src\data\segments\jive\f3fd26ec7375c2b7a74208e1d76e6e18196c09ce__s120000ms.wav,120000,20000,,jive
f3fd26ec7375c2b7a74208e1d76e6e18196c09ce__140000ms,f3fd26ec7375c2b7a74208e1d76e6e18196c09ce,Jive   Runaround Sue,D:\projekty\Hudba\music-editor\src\data\segments\jive\f3fd26ec7375c2b7a74208e1d76e6e18196c09ce__s140000ms.wav,140000,20000,,jive
3f6de378da5d3f25dcad88017f13a860450aaa1c__0ms,3f6de378da5d3f25dcad88017f13a860450aaa1c,Jive   Shape Of You  Dj Bri Dancesport Music,D:\projekty\Hudba\music-editor\src\data\segments\jive\3f6de378da5d3f25dcad88017f13a860450aaa1c__s0ms.wav,0,20000,,jive
3f6de378da5d3f25dcad88017f13a860450aaa1c__20000ms,3f6de378da5d3f25dcad88017f13a860450aaa1c,Jive   Shape Of You  Dj Bri Dancesport Music,D:\projekty\Hudba\music-editor\src\data\segments\jive\3f6de378da5d3f25dcad88017f13a860450aaa1c__s20000ms.wav,20000,20000,,jive
3f6de378da5d3f25dcad88017f13a860450aaa1c__40000ms,3f6de378da5d3f25dcad88017f13a860450aaa1c,Jive   Shape Of You  Dj Bri Dancesport Music,D:\projekty\Hudba\music-editor\src\data\segments\jive\3f6de378da5d3f25dcad88017f13a860450aaa1c__s40000ms.wav,40000,20000,,jive
3f6de378da5d3f25dcad88017f13a860450aaa1c__60000ms,3f6de378da5d3f25dcad88017f13a860450aaa1c,Jive   Shape Of You  Dj Bri Dancesport Music,D:\projekty\Hudba\music-editor\src\data\segments\jive\3f6de378da5d3f25dcad88017f13a860450aaa1c__s60000ms.wav,60000,20000,,jive
3f6de378da5d3f25dcad88017f13a860450aaa1c__80000ms,3f6de378da5d3f25dcad88017f13a860450aaa1c,Jive   Shape Of You  Dj Bri Dancesport Music,D:\projekty\Hudba\music-editor\src\data\segments\jive\3f6de378da5d3f25dcad88017f13a860450aaa1c__s80000ms.wav,80000,20000,,jive
3f6de378da5d3f25dcad88017f13a860450aaa1c__100000ms,3f6de378da5d3f25dcad88017f13a860450aaa1c,Jive   Shape Of You  Dj Bri Dancesport Music,D:\projekty\Hudba\music-editor\src\data\segments\jive\3f6de378da5d3f25dcad88017f13a860450aaa1c__s100000ms.wav,100000,20000,,jive
3f6de378da5d3f25dcad88017f13a860450aaa1c__120000ms,3f6de378da5d3f25dcad88017f13a860450aaa1c,Jive   Shape Of You  Dj Bri Dancesport Music,D:\projekty\Hudba\music-editor\src\data\segments\jive\3f6de378da5d3f25dcad88017f13a860450aaa1c__s120000ms.wav,120000,20000,,jive
3f6de378da5d3f25dcad88017f13a860450aaa1c__140000ms,3f6de378da5d3f25dcad88017f13a860450aaa1c,Jive   Shape Of You  Dj Bri Dancesport Music,D:\projekty\Hudba\music-editor\src\data\segments\jive\3f6de378da5d3f25dcad88017f13a860450aaa1c__s140000ms.wav,140000,11719,,jive
06bdc7fd848264410574926069fa27a01f00a3bc__0ms,06bdc7fd848264410574926069fa27a01f00a3bc,Jive   Walk   Kwabs (Casa Musica Remix,D:\projekty\Hudba\music-editor\src\data\segments\jive\06bdc7fd848264410574926069fa27a01f00a3bc__s0ms.wav,0,20000,,jive
06bdc7fd848264410574926069fa27a01f00a3bc__20000ms,06bdc7fd848264410574926069fa27a01f00a3bc,Jive   Walk   Kwabs (Casa Musica Remix,D:\projekty\Hudba\music-editor\src\data\segments\jive\06bdc7fd848264410574926069fa27a01f00a3bc__s20000ms.wav,20000,20000,,jive
06bdc7fd848264410574926069fa27a01f00a3bc__40000ms,06bdc7fd848264410574926069fa27a01f00a3bc,Jive   Walk   Kwabs (Casa Musica Remix,D:\projekty\Hudba\music-editor\src\data\segments\jive\06bdc7fd848264410574926069fa27a01f00a3bc__s40000ms.wav,40000,20000,,jive
06bdc7fd848264410574926069fa27a01f00a3bc__60000ms,06bdc7fd848264410574926069fa27a01f00a3bc,Jive   Walk   Kwabs (Casa Musica Remix,D:\projekty\Hudba\music-editor\src\data\segments\jive\06bdc7fd848264410574926069fa27a01f00a3bc__s60000ms.wav,60000,20000,,jive
06bdc7fd848264410574926069fa27a01f00a3bc__80000ms,06bdc7fd848264410574926069fa27a01f00a3bc,Jive   Walk   Kwabs (Casa Musica Remix,D:\projekty\Hudba\music-editor\src\data\segments\jive\06bdc7fd848264410574926069fa27a01f00a3bc__s80000ms.wav,80000,20000,,jive
06bdc7fd848264410574926069fa27a01f00a3bc__100000ms,06bdc7fd848264410574926069fa27a01f00a3bc,Jive   Walk   Kwabs (Casa Musica Remix,D:\projekty\Hudba\music-editor\src\data\segments\jive\06bdc7fd848264410574926069fa27a01f00a3bc__s100000ms.wav,100000,20000,,jive
06bdc7fd848264410574926069fa27a01f00a3bc__120000ms,06bdc7fd848264410574926069fa27a01f00a3bc,Jive   Walk   Kwabs (Casa Musica Remix,D:\projekty\Hudba\music-editor\src\data\segments\jive\06bdc7fd848264410574926069fa27a01f00a3bc__s120000ms.wav,120000,20000,,jive
06bdc7fd848264410574926069fa27a01f00a3bc__140000ms,06bdc7fd848264410574926069fa27a01f00a3bc,Jive   Walk   Kwabs (Casa Musica Remix,D:\projekty\Hudba\music-editor\src\data\segments\jive\06bdc7fd848264410574926069fa27a01f00a3bc__s140000ms.wav,140000,20000,,jive
06bdc7fd848264410574926069fa27a01f00a3bc__160000ms,06bdc7fd848264410574926069fa27a01f00a3bc,Jive   Walk   Kwabs (Casa Musica Remix,D:\projekty\Hudba\music-editor\src\data\segments\jive\06bdc7fd848264410574926069fa27a01f00a3bc__s160000ms.wav,160000,20000,,jive
d6d804ce1570cbe47b340a4f42a199082a201689__0ms,d6d804ce1570cbe47b340a4f42a199082a201689,JIVE  DING DING DONG CD CALOR LATINO,D:\projekty\Hudba\music-editor\src\data\segments\jive\d6d804ce1570cbe47b340a4f42a199082a201689__s0ms.wav,0,20000,,jive
d6d804ce1570cbe47b340a4f42a199082a201689__20000ms,d6d804ce1570cbe47b340a4f42a199082a201689,JIVE  DING DING DONG CD CALOR LATINO,D:\projekty\Hudba\music-editor\src\data\segments\jive\d6d804ce1570cbe47b340a4f42a199082a201689__s20000ms.wav,20000,20000,,jive
d6d804ce1570cbe47b340a4f42a199082a201689__40000ms,d6d804ce1570cbe47b340a4f42a199082a201689,JIVE  DING DING DONG CD CALOR LATINO,D:\projekty\Hudba\music-editor\src\data\segments\jive\d6d804ce1570cbe47b340a4f42a199082a201689__s40000ms.wav,40000,20000,,jive
d6d804ce1570cbe47b340a4f42a199082a201689__60000ms,d6d804ce1570cbe47b340a4f42a199082a201689,JIVE  DING DING DONG CD CALOR LATINO,D:\projekty\Hudba\music-editor\src\data\segments\jive\d6d804ce1570cbe47b340a4f42a199082a201689__s60000ms.wav,60000,20000,,jive
d6d804ce1570cbe47b340a4f42a199082a201689__80000ms,d6d804ce1570cbe47b340a4f42a199082a201689,JIVE  DING DING DONG CD CALOR LATINO,D:\projekty\Hudba\music-editor\src\data\segments\jive\d6d804ce1570cbe47b340a4f42a199082a201689__s80000ms.wav,80000,20000,,jive
d6d804ce1570cbe47b340a4f42a199082a201689__100000ms,d6d804ce1570cbe47b340a4f42a199082a201689,JIVE  DING DING DONG CD CALOR LATINO,D:\projekty\Hudba\music-editor\src\data\segments\jive\d6d804ce1570cbe47b340a4f42a199082a201689__s100000ms.wav,100000,20000,,jive
d6d804ce1570cbe47b340a4f42a199082a201689__120000ms,d6d804ce1570cbe47b340a4f42a199082a201689,JIVE  DING DING DONG CD CALOR LATINO,D:\projekty\Hudba\music-editor\src\data\segments\jive\d6d804ce1570cbe47b340a4f42a199082a201689__s120000ms.wav,120000,20000,,jive
d6d804ce1570cbe47b340a4f42a199082a201689__140000ms,d6d804ce1570cbe47b340a4f42a199082a201689,JIVE  DING DING DONG CD CALOR LATINO,D:\projekty\Hudba\music-editor\src\data\segments\jive\d6d804ce1570cbe47b340a4f42a199082a201689__s140000ms.wav,140000,20000,,jive
d6d804ce1570cbe47b340a4f42a199082a201689__160000ms,d6d804ce1570cbe47b340a4f42a199082a201689,JIVE  DING DING DONG CD CALOR LATINO,D:\projekty\Hudba\music-editor\src\data\segments\jive\d6d804ce1570cbe47b340a4f42a199082a201689__s160000ms.wav,160000,20000,,jive
d6d804ce1570cbe47b340a4f42a199082a201689__180000ms,d6d804ce1570cbe47b340a4f42a199082a201689,JIVE  DING DING DONG CD CALOR LATINO,D:\projekty\Hudba\music-editor\src\data\segments\jive\d6d804ce1570cbe47b340a4f42a199082a201689__s180000ms.wav,180000,20000,,jive
d6d804ce1570cbe47b340a4f42a199082a201689__200000ms,d6d804ce1570cbe47b340a4f42a199082a201689,JIVE  DING DING DONG CD CALOR LATINO,D:\projekty\Hudba\music-editor\src\data\segments\jive\d6d804ce1570cbe47b340a4f42a199082a201689__s200000ms.wav,200000,20000,,jive
d6d804ce1570cbe47b340a4f42a199082a201689__220000ms,d6d804ce1570cbe47b340a4f42a199082a201689,JIVE  DING DING DONG CD CALOR LATINO,D:\projekty\Hudba\music-editor\src\data\segments\jive\d6d804ce1570cbe47b340a4f42a199082a201689__s220000ms.wav,220000,20000,,jive
94cda7e5ab535b1739a812cc269e8354902a9095__0ms,94cda7e5ab535b1739a812cc269e8354902a9095,JIVE  music Various Artists – Ma Cherie,D:\projekty\Hudba\music-editor\src\data\segments\jive\94cda7e5ab535b1739a812cc269e8354902a9095__s0ms.wav,0,20000,,jive
94cda7e5ab535b1739a812cc269e8354902a9095__20000ms,94cda7e5ab535b1739a812cc269e8354902a9095,JIVE  music Various Artists – Ma Cherie,D:\projekty\Hudba\music-editor\src\data\segments\jive\94cda7e5ab535b1739a812cc269e8354902a9095__s20000ms.wav,20000,20000,,jive
94cda7e5ab535b1739a812cc269e8354902a9095__40000ms,94cda7e5ab535b1739a812cc269e8354902a9095,JIVE  music Various Artists – Ma Cherie,D:\projekty\Hudba\music-editor\src\data\segments\jive\94cda7e5ab535b1739a812cc269e8354902a9095__s40000ms.wav,40000,20000,,jive
94cda7e5ab535b1739a812cc269e8354902a9095__60000ms,94cda7e5ab535b1739a812cc269e8354902a9095,JIVE  music Various Artists – Ma Cherie,D:\projekty\Hudba\music-editor\src\data\segments\jive\94cda7e5ab535b1739a812cc269e8354902a9095__s60000ms.wav,60000,20000,,jive
94cda7e5ab535b1739a812cc269e8354902a9095__80000ms,94cda7e5ab535b1739a812cc269e8354902a9095,JIVE  music Various Artists – Ma Cherie,D:\projekty\Hudba\music-editor\src\data\segments\jive\94cda7e5ab535b1739a812cc269e8354902a9095__s80000ms.wav,80000,20000,,jive
94cda7e5ab535b1739a812cc269e8354902a9095__100000ms,94cda7e5ab535b1739a812cc269e8354902a9095,JIVE  music Various Artists – Ma Cherie,D:\projekty\Hudba\music-editor\src\data\segments\jive\94cda7e5ab535b1739a812cc269e8354902a9095__s100000ms.wav,100000,20000,,jive
94cda7e5ab535b1739a812cc269e8354902a9095__120000ms,94cda7e5ab535b1739a812cc269e8354902a9095,JIVE  music Various Artists – Ma Cherie,D:\projekty\Hudba\music-editor\src\data\segments\jive\94cda7e5ab535b1739a812cc269e8354902a9095__s120000ms.wav,120000,20000,,jive
94cda7e5ab535b1739a812cc269e8354902a9095__140000ms,94cda7e5ab535b1739a812cc269e8354902a9095,JIVE  music Various Artists – Ma Cherie,D:\projekty\Hudba\music-editor\src\data\segments\jive\94cda7e5ab535b1739a812cc269e8354902a9095__s140000ms.wav,140000,20000,,jive
29c064069dec6e95610188fc9d0aaaa81fdd3e0e__0ms,29c064069dec6e95610188fc9d0aaaa81fdd3e0e,JIVE  Summer Love Tim Tim,D:\projekty\Hudba\music-editor\src\data\segments\jive\29c064069dec6e95610188fc9d0aaaa81fdd3e0e__s0ms.wav,0,20000,,jive
29c064069dec6e95610188fc9d0aaaa81fdd3e0e__20000ms,29c064069dec6e95610188fc9d0aaaa81fdd3e0e,JIVE  Summer Love Tim Tim,D:\projekty\Hudba\music-editor\src\data\segments\jive\29c064069dec6e95610188fc9d0aaaa81fdd3e0e__s20000ms.wav,20000,20000,,jive
29c064069dec6e95610188fc9d0aaaa81fdd3e0e__40000ms,29c064069dec6e95610188fc9d0aaaa81fdd3e0e,JIVE  Summer Love Tim Tim,D:\projekty\Hudba\music-editor\src\data\segments\jive\29c064069dec6e95610188fc9d0aaaa81fdd3e0e__s40000ms.wav,40000,20000,,jive
29c064069dec6e95610188fc9d0aaaa81fdd3e0e__60000ms,29c064069dec6e95610188fc9d0aaaa81fdd3e0e,JIVE  Summer Love Tim Tim,D:\projekty\Hudba\music-editor\src\data\segments\jive\29c064069dec6e95610188fc9d0aaaa81fdd3e0e__s60000ms.wav,60000,20000,,jive
29c064069dec6e95610188fc9d0aaaa81fdd3e0e__80000ms,29c064069dec6e95610188fc9d0aaaa81fdd3e0e,JIVE  Summer Love Tim Tim,D:\projekty\Hudba\music-editor\src\data\segments\jive\29c064069dec6e95610188fc9d0aaaa81fdd3e0e__s80000ms.wav,80000,20000,,jive
29c064069dec6e95610188fc9d0aaaa81fdd3e0e__100000ms,29c064069dec6e95610188fc9d0aaaa81fdd3e0e,JIVE  Summer Love Tim Tim,D:\projekty\Hudba\music-editor\src\data\segments\jive\29c064069dec6e95610188fc9d0aaaa81fdd3e0e__s100000ms.wav,100000,20000,,jive
29c064069dec6e95610188fc9d0aaaa81fdd3e0e__120000ms,29c064069dec6e95610188fc9d0aaaa81fdd3e0e,JIVE  Summer Love Tim Tim,D:\projekty\Hudba\music-editor\src\data\segments\jive\29c064069dec6e95610188fc9d0aaaa81fdd3e0e__s120000ms.wav,120000,20000,,jive
29c064069dec6e95610188fc9d0aaaa81fdd3e0e__140000ms,29c064069dec6e95610188fc9d0aaaa81fdd3e0e,JIVE  Summer Love Tim Tim,D:\projekty\Hudba\music-editor\src\data\segments\jive\29c064069dec6e95610188fc9d0aaaa81fdd3e0e__s140000ms.wav,140000,20000,,jive
18ced3530dbe22a83e4b9b658009f3bb0fa2c19c__0ms,18ced3530dbe22a83e4b9b658009f3bb0fa2c19c,JIVE - Dont roll on,D:\projekty\Hudba\music-editor\src\data\segments\jive\18ced3530dbe22a83e4b9b658009f3bb0fa2c19c__s0ms.wav,0,20000,,jive
18ced3530dbe22a83e4b9b658009f3bb0fa2c19c__20000ms,18ced3530dbe22a83e4b9b658009f3bb0fa2c19c,JIVE - Dont roll on,D:\projekty\Hudba\music-editor\src\data\segments\jive\18ced3530dbe22a83e4b9b658009f3bb0fa2c19c__s20000ms.wav,20000,20000,,jive
18ced3530dbe22a83e4b9b658009f3bb0fa2c19c__40000ms,18ced3530dbe22a83e4b9b658009f3bb0fa2c19c,JIVE - Dont roll on,D:\projekty\Hudba\music-editor\src\data\segments\jive\18ced3530dbe22a83e4b9b658009f3bb0fa2c19c__s40000ms.wav,40000,20000,,jive
18ced3530dbe22a83e4b9b658009f3bb0fa2c19c__60000ms,18ced3530dbe22a83e4b9b658009f3bb0fa2c19c,JIVE - Dont roll on,D:\projekty\Hudba\music-editor\src\data\segments\jive\18ced3530dbe22a83e4b9b658009f3bb0fa2c19c__s60000ms.wav,60000,20000,,jive
18ced3530dbe22a83e4b9b658009f3bb0fa2c19c__80000ms,18ced3530dbe22a83e4b9b658009f3bb0fa2c19c,JIVE - Dont roll on,D:\projekty\Hudba\music-editor\src\data\segments\jive\18ced3530dbe22a83e4b9b658009f3bb0fa2c19c__s80000ms.wav,80000,20000,,jive
18ced3530dbe22a83e4b9b658009f3bb0fa2c19c__100000ms,18ced3530dbe22a83e4b9b658009f3bb0fa2c19c,JIVE - Dont roll on,D:\projekty\Hudba\music-editor\src\data\segments\jive\18ced3530dbe22a83e4b9b658009f3bb0fa2c19c__s100000ms.wav,100000,20000,,jive
18ced3530dbe22a83e4b9b658009f3bb0fa2c19c__120000ms,18ced3530dbe22a83e4b9b658009f3bb0fa2c19c,JIVE - Dont roll on,D:\projekty\Hudba\music-editor\src\data\segments\jive\18ced3530dbe22a83e4b9b658009f3bb0fa2c19c__s120000ms.wav,120000,14191,,jive
6c2548c4428337a1be08db8858e24cea7472b22f__0ms,6c2548c4428337a1be08db8858e24cea7472b22f,JIVE - HAFANANA,D:\projekty\Hudba\music-editor\src\data\segments\jive\6c2548c4428337a1be08db8858e24cea7472b22f__s0ms.wav,0,20000,,jive
6c2548c4428337a1be08db8858e24cea7472b22f__20000ms,6c2548c4428337a1be08db8858e24cea7472b22f,JIVE - HAFANANA,D:\projekty\Hudba\music-editor\src\data\segments\jive\6c2548c4428337a1be08db8858e24cea7472b22f__s20000ms.wav,20000,20000,,jive
6c2548c4428337a1be08db8858e24cea7472b22f__40000ms,6c2548c4428337a1be08db8858e24cea7472b22f,JIVE - HAFANANA,D:\projekty\Hudba\music-editor\src\data\segments\jive\6c2548c4428337a1be08db8858e24cea7472b22f__s40000ms.wav,40000,20000,,jive
6c2548c4428337a1be08db8858e24cea7472b22f__60000ms,6c2548c4428337a1be08db8858e24cea7472b22f,JIVE - HAFANANA,D:\projekty\Hudba\music-editor\src\data\segments\jive\6c2548c4428337a1be08db8858e24cea7472b22f__s60000ms.wav,60000,20000,,jive
6c2548c4428337a1be08db8858e24cea7472b22f__80000ms,6c2548c4428337a1be08db8858e24cea7472b22f,JIVE - HAFANANA,D:\projekty\Hudba\music-editor\src\data\segments\jive\6c2548c4428337a1be08db8858e24cea7472b22f__s80000ms.wav,80000,20000,,jive
6c2548c4428337a1be08db8858e24cea7472b22f__100000ms,6c2548c4428337a1be08db8858e24cea7472b22f,JIVE - HAFANANA,D:\projekty\Hudba\music-editor\src\data\segments\jive\6c2548c4428337a1be08db8858e24cea7472b22f__s100000ms.wav,100000,20000,,jive
6c2548c4428337a1be08db8858e24cea7472b22f__120000ms,6c2548c4428337a1be08db8858e24cea7472b22f,JIVE - HAFANANA,D:\projekty\Hudba\music-editor\src\data\segments\jive\6c2548c4428337a1be08db8858e24cea7472b22f__s120000ms.wav,120000,20000,,jive
6c2548c4428337a1be08db8858e24cea7472b22f__140000ms,6c2548c4428337a1be08db8858e24cea7472b22f,JIVE - HAFANANA,D:\projekty\Hudba\music-editor\src\data\segments\jive\6c2548c4428337a1be08db8858e24cea7472b22f__s140000ms.wav,140000,20000,,jive
6c2548c4428337a1be08db8858e24cea7472b22f__160000ms,6c2548c4428337a1be08db8858e24cea7472b22f,JIVE - HAFANANA,D:\projekty\Hudba\music-editor\src\data\segments\jive\6c2548c4428337a1be08db8858e24cea7472b22f__s160000ms.wav,160000,20000,,jive
6c2548c4428337a1be08db8858e24cea7472b22f__180000ms,6c2548c4428337a1be08db8858e24cea7472b22f,JIVE - HAFANANA,D:\projekty\Hudba\music-editor\src\data\segments\jive\6c2548c4428337a1be08db8858e24cea7472b22f__s180000ms.wav,180000,12340,,jive
649836223c0062408e46f5d929e21ac7e2b6d424__0ms,649836223c0062408e46f5d929e21ac7e2b6d424,JIVE - I love you,D:\projekty\Hudba\music-editor\src\data\segments\jive\649836223c0062408e46f5d929e21ac7e2b6d424__s0ms.wav,0,20000,,jive
649836223c0062408e46f5d929e21ac7e2b6d424__20000ms,649836223c0062408e46f5d929e21ac7e2b6d424,JIVE - I love you,D:\projekty\Hudba\music-editor\src\data\segments\jive\649836223c0062408e46f5d929e21ac7e2b6d424__s20000ms.wav,20000,20000,,jive
649836223c0062408e46f5d929e21ac7e2b6d424__40000ms,649836223c0062408e46f5d929e21ac7e2b6d424,JIVE - I love you,D:\projekty\Hudba\music-editor\src\data\segments\jive\649836223c0062408e46f5d929e21ac7e2b6d424__s40000ms.wav,40000,20000,,jive
649836223c0062408e46f5d929e21ac7e2b6d424__60000ms,649836223c0062408e46f5d929e21ac7e2b6d424,JIVE - I love you,D:\projekty\Hudba\music-editor\src\data\segments\jive\649836223c0062408e46f5d929e21ac7e2b6d424__s60000ms.wav,60000,20000,,jive
649836223c0062408e46f5d929e21ac7e2b6d424__80000ms,649836223c0062408e46f5d929e21ac7e2b6d424,JIVE - I love you,D:\projekty\Hudba\music-editor\src\data\segments\jive\649836223c0062408e46f5d929e21ac7e2b6d424__s80000ms.wav,80000,20000,,jive
649836223c0062408e46f5d929e21ac7e2b6d424__100000ms,649836223c0062408e46f5d929e21ac7e2b6d424,JIVE - I love you,D:\projekty\Hudba\music-editor\src\data\segments\jive\649836223c0062408e46f5d929e21ac7e2b6d424__s100000ms.wav,100000,20000,,jive
649836223c0062408e46f5d929e21ac7e2b6d424__120000ms,649836223c0062408e46f5d929e21ac7e2b6d424,JIVE - I love you,D:\projekty\Hudba\music-editor\src\data\segments\jive\649836223c0062408e46f5d929e21ac7e2b6d424__s120000ms.wav,120000,20000,,jive
649836223c0062408e46f5d929e21ac7e2b6d424__140000ms,649836223c0062408e46f5d929e21ac7e2b6d424,JIVE - I love you,D:\projekty\Hudba\music-editor\src\data\segments\jive\649836223c0062408e46f5d929e21ac7e2b6d424__s140000ms.wav,140000,8219,,jive
3620622df8f5c580f36eb532989ea2b602b177a4__0ms,3620622df8f5c580f36eb532989ea2b602b177a4,JIVE - Jack is back,D:\projekty\Hudba\music-editor\src\data\segments\jive\3620622df8f5c580f36eb532989ea2b602b177a4__s0ms.wav,0,20000,,jive
3620622df8f5c580f36eb532989ea2b602b177a4__20000ms,3620622df8f5c580f36eb532989ea2b602b177a4,JIVE - Jack is back,D:\projekty\Hudba\music-editor\src\data\segments\jive\3620622df8f5c580f36eb532989ea2b602b177a4__s20000ms.wav,20000,20000,,jive
3620622df8f5c580f36eb532989ea2b602b177a4__40000ms,3620622df8f5c580f36eb532989ea2b602b177a4,JIVE - Jack is back,D:\projekty\Hudba\music-editor\src\data\segments\jive\3620622df8f5c580f36eb532989ea2b602b177a4__s40000ms.wav,40000,20000,,jive
3620622df8f5c580f36eb532989ea2b602b177a4__60000ms,3620622df8f5c580f36eb532989ea2b602b177a4,JIVE - Jack is back,D:\projekty\Hudba\music-editor\src\data\segments\jive\3620622df8f5c580f36eb532989ea2b602b177a4__s60000ms.wav,60000,20000,,jive
3620622df8f5c580f36eb532989ea2b602b177a4__80000ms,3620622df8f5c580f36eb532989ea2b602b177a4,JIVE - Jack is back,D:\projekty\Hudba\music-editor\src\data\segments\jive\3620622df8f5c580f36eb532989ea2b602b177a4__s80000ms.wav,80000,20000,,jive
3620622df8f5c580f36eb532989ea2b602b177a4__100000ms,3620622df8f5c580f36eb532989ea2b602b177a4,JIVE - Jack is back,D:\projekty\Hudba\music-editor\src\data\segments\jive\3620622df8f5c580f36eb532989ea2b602b177a4__s100000ms.wav,100000,20000,,jive
3620622df8f5c580f36eb532989ea2b602b177a4__120000ms,3620622df8f5c580f36eb532989ea2b602b177a4,JIVE - Jack is back,D:\projekty\Hudba\music-editor\src\data\segments\jive\3620622df8f5c580f36eb532989ea2b602b177a4__s120000ms.wav,120000,20000,,jive
3620622df8f5c580f36eb532989ea2b602b177a4__140000ms,3620622df8f5c580f36eb532989ea2b602b177a4,JIVE - Jack is back,D:\projekty\Hudba\music-editor\src\data\segments\jive\3620622df8f5c580f36eb532989ea2b602b177a4__s140000ms.wav,140000,10256,,jive
4123d714d297f3c34a2d24ab4609523f93f22a73__0ms,4123d714d297f3c34a2d24ab4609523f93f22a73,JIVE - LIPSTICK,D:\projekty\Hudba\music-editor\src\data\segments\jive\4123d714d297f3c34a2d24ab4609523f93f22a73__s0ms.wav,0,20000,,jive
4123d714d297f3c34a2d24ab4609523f93f22a73__20000ms,4123d714d297f3c34a2d24ab4609523f93f22a73,JIVE - LIPSTICK,D:\projekty\Hudba\music-editor\src\data\segments\jive\4123d714d297f3c34a2d24ab4609523f93f22a73__s20000ms.wav,20000,20000,,jive
4123d714d297f3c34a2d24ab4609523f93f22a73__40000ms,4123d714d297f3c34a2d24ab4609523f93f22a73,JIVE - LIPSTICK,D:\projekty\Hudba\music-editor\src\data\segments\jive\4123d714d297f3c34a2d24ab4609523f93f22a73__s40000ms.wav,40000,20000,,jive
4123d714d297f3c34a2d24ab4609523f93f22a73__60000ms,4123d714d297f3c34a2d24ab4609523f93f22a73,JIVE - LIPSTICK,D:\projekty\Hudba\music-editor\src\data\segments\jive\4123d714d297f3c34a2d24ab4609523f93f22a73__s60000ms.wav,60000,20000,,jive
4123d714d297f3c34a2d24ab4609523f93f22a73__80000ms,4123d714d297f3c34a2d24ab4609523f93f22a73,JIVE - LIPSTICK,D:\projekty\Hudba\music-editor\src\data\segments\jive\4123d714d297f3c34a2d24ab4609523f93f22a73__s80000ms.wav,80000,20000,,jive
4123d714d297f3c34a2d24ab4609523f93f22a73__100000ms,4123d714d297f3c34a2d24ab4609523f93f22a73,JIVE - LIPSTICK,D:\projekty\Hudba\music-editor\src\data\segments\jive\4123d714d297f3c34a2d24ab4609523f93f22a73__s100000ms.wav,100000,20000,,jive
4123d714d297f3c34a2d24ab4609523f93f22a73__120000ms,4123d714d297f3c34a2d24ab4609523f93f22a73,JIVE - LIPSTICK,D:\projekty\Hudba\music-editor\src\data\segments\jive\4123d714d297f3c34a2d24ab4609523f93f22a73__s120000ms.wav,120000,20000,,jive
4123d714d297f3c34a2d24ab4609523f93f22a73__140000ms,4123d714d297f3c34a2d24ab4609523f93f22a73,JIVE - LIPSTICK,D:\projekty\Hudba\music-editor\src\data\segments\jive\4123d714d297f3c34a2d24ab4609523f93f22a73__s140000ms.wav,140000,17884,,jive
47bd3c280497e626bb7ba14ff7918984653ae245__0ms,47bd3c280497e626bb7ba14ff7918984653ae245,JIVE - Only you,D:\projekty\Hudba\music-editor\src\data\segments\jive\47bd3c280497e626bb7ba14ff7918984653ae245__s0ms.wav,0,20000,,jive
47bd3c280497e626bb7ba14ff7918984653ae245__20000ms,47bd3c280497e626bb7ba14ff7918984653ae245,JIVE - Only you,D:\projekty\Hudba\music-editor\src\data\segments\jive\47bd3c280497e626bb7ba14ff7918984653ae245__s20000ms.wav,20000,20000,,jive
47bd3c280497e626bb7ba14ff7918984653ae245__40000ms,47bd3c280497e626bb7ba14ff7918984653ae245,JIVE - Only you,D:\projekty\Hudba\music-editor\src\data\segments\jive\47bd3c280497e626bb7ba14ff7918984653ae245__s40000ms.wav,40000,20000,,jive
47bd3c280497e626bb7ba14ff7918984653ae245__60000ms,47bd3c280497e626bb7ba14ff7918984653ae245,JIVE - Only you,D:\projekty\Hudba\music-editor\src\data\segments\jive\47bd3c280497e626bb7ba14ff7918984653ae245__s60000ms.wav,60000,20000,,jive
47bd3c280497e626bb7ba14ff7918984653ae245__80000ms,47bd3c280497e626bb7ba14ff7918984653ae245,JIVE - Only you,D:\projekty\Hudba\music-editor\src\data\segments\jive\47bd3c280497e626bb7ba14ff7918984653ae245__s80000ms.wav,80000,20000,,jive
47bd3c280497e626bb7ba14ff7918984653ae245__100000ms,47bd3c280497e626bb7ba14ff7918984653ae245,JIVE - Only you,D:\projekty\Hudba\music-editor\src\data\segments\jive\47bd3c280497e626bb7ba14ff7918984653ae245__s100000ms.wav,100000,20000,,jive
47bd3c280497e626bb7ba14ff7918984653ae245__120000ms,47bd3c280497e626bb7ba14ff7918984653ae245,JIVE - Only you,D:\projekty\Hudba\music-editor\src\data\segments\jive\47bd3c280497e626bb7ba14ff7918984653ae245__s120000ms.wav,120000,20000,,jive
47bd3c280497e626bb7ba14ff7918984653ae245__140000ms,47bd3c280497e626bb7ba14ff7918984653ae245,JIVE - Only you,D:\projekty\Hudba\music-editor\src\data\segments\jive\47bd3c280497e626bb7ba14ff7918984653ae245__s140000ms.wav,140000,20000,,jive
47bd3c280497e626bb7ba14ff7918984653ae245__160000ms,47bd3c280497e626bb7ba14ff7918984653ae245,JIVE - Only you,D:\projekty\Hudba\music-editor\src\data\segments\jive\47bd3c280497e626bb7ba14ff7918984653ae245__s160000ms.wav,160000,15882,,jive
fba627b4fca6c63c2abb24c72b808ddfe3f3ce92__0ms,fba627b4fca6c63c2abb24c72b808ddfe3f3ce92,JIVE - Oóó Lori,D:\projekty\Hudba\music-editor\src\data\segments\jive\fba627b4fca6c63c2abb24c72b808ddfe3f3ce92__s0ms.wav,0,20000,,jive
fba627b4fca6c63c2abb24c72b808ddfe3f3ce92__20000ms,fba627b4fca6c63c2abb24c72b808ddfe3f3ce92,JIVE - Oóó Lori,D:\projekty\Hudba\music-editor\src\data\segments\jive\fba627b4fca6c63c2abb24c72b808ddfe3f3ce92__s20000ms.wav,20000,20000,,jive
fba627b4fca6c63c2abb24c72b808ddfe3f3ce92__40000ms,fba627b4fca6c63c2abb24c72b808ddfe3f3ce92,JIVE - Oóó Lori,D:\projekty\Hudba\music-editor\src\data\segments\jive\fba627b4fca6c63c2abb24c72b808ddfe3f3ce92__s40000ms.wav,40000,20000,,jive
fba627b4fca6c63c2abb24c72b808ddfe3f3ce92__60000ms,fba627b4fca6c63c2abb24c72b808ddfe3f3ce92,JIVE - Oóó Lori,D:\projekty\Hudba\music-editor\src\data\segments\jive\fba627b4fca6c63c2abb24c72b808ddfe3f3ce92__s60000ms.wav,60000,20000,,jive
fba627b4fca6c63c2abb24c72b808ddfe3f3ce92__80000ms,fba627b4fca6c63c2abb24c72b808ddfe3f3ce92,JIVE - Oóó Lori,D:\projekty\Hudba\music-editor\src\data\segments\jive\fba627b4fca6c63c2abb24c72b808ddfe3f3ce92__s80000ms.wav,80000,20000,,jive
fba627b4fca6c63c2abb24c72b808ddfe3f3ce92__100000ms,fba627b4fca6c63c2abb24c72b808ddfe3f3ce92,JIVE - Oóó Lori,D:\projekty\Hudba\music-editor\src\data\segments\jive\fba627b4fca6c63c2abb24c72b808ddfe3f3ce92__s100000ms.wav,100000,20000,,jive
fba627b4fca6c63c2abb24c72b808ddfe3f3ce92__120000ms,fba627b4fca6c63c2abb24c72b808ddfe3f3ce92,JIVE - Oóó Lori,D:\projekty\Hudba\music-editor\src\data\segments\jive\fba627b4fca6c63c2abb24c72b808ddfe3f3ce92__s120000ms.wav,120000,20000,,jive
fba627b4fca6c63c2abb24c72b808ddfe3f3ce92__140000ms,fba627b4fca6c63c2abb24c72b808ddfe3f3ce92,JIVE - Oóó Lori,D:\projekty\Hudba\music-editor\src\data\segments\jive\fba627b4fca6c63c2abb24c72b808ddfe3f3ce92__s140000ms.wav,140000,20000,,jive
ef0f79d407d8c8e60603b268679ef8359f8f8c35__0ms,ef0f79d407d8c8e60603b268679ef8359f8f8c35,JIVE - Reach for the stars,D:\projekty\Hudba\music-editor\src\data\segments\jive\ef0f79d407d8c8e60603b268679ef8359f8f8c35__s0ms.wav,0,20000,,jive
ef0f79d407d8c8e60603b268679ef8359f8f8c35__20000ms,ef0f79d407d8c8e60603b268679ef8359f8f8c35,JIVE - Reach for the stars,D:\projekty\Hudba\music-editor\src\data\segments\jive\ef0f79d407d8c8e60603b268679ef8359f8f8c35__s20000ms.wav,20000,20000,,jive
ef0f79d407d8c8e60603b268679ef8359f8f8c35__40000ms,ef0f79d407d8c8e60603b268679ef8359f8f8c35,JIVE - Reach for the stars,D:\projekty\Hudba\music-editor\src\data\segments\jive\ef0f79d407d8c8e60603b268679ef8359f8f8c35__s40000ms.wav,40000,20000,,jive
ef0f79d407d8c8e60603b268679ef8359f8f8c35__60000ms,ef0f79d407d8c8e60603b268679ef8359f8f8c35,JIVE - Reach for the stars,D:\projekty\Hudba\music-editor\src\data\segments\jive\ef0f79d407d8c8e60603b268679ef8359f8f8c35__s60000ms.wav,60000,20000,,jive
ef0f79d407d8c8e60603b268679ef8359f8f8c35__80000ms,ef0f79d407d8c8e60603b268679ef8359f8f8c35,JIVE - Reach for the stars,D:\projekty\Hudba\music-editor\src\data\segments\jive\ef0f79d407d8c8e60603b268679ef8359f8f8c35__s80000ms.wav,80000,20000,,jive
ef0f79d407d8c8e60603b268679ef8359f8f8c35__100000ms,ef0f79d407d8c8e60603b268679ef8359f8f8c35,JIVE - Reach for the stars,D:\projekty\Hudba\music-editor\src\data\segments\jive\ef0f79d407d8c8e60603b268679ef8359f8f8c35__s100000ms.wav,100000,20000,,jive
ef0f79d407d8c8e60603b268679ef8359f8f8c35__120000ms,ef0f79d407d8c8e60603b268679ef8359f8f8c35,JIVE - Reach for the stars,D:\projekty\Hudba\music-editor\src\data\segments\jive\ef0f79d407d8c8e60603b268679ef8359f8f8c35__s120000ms.wav,120000,20000,,jive
ef0f79d407d8c8e60603b268679ef8359f8f8c35__140000ms,ef0f79d407d8c8e60603b268679ef8359f8f8c35,JIVE - Reach for the stars,D:\projekty\Hudba\music-editor\src\data\segments\jive\ef0f79d407d8c8e60603b268679ef8359f8f8c35__s140000ms.wav,140000,20000,,jive
ef0f79d407d8c8e60603b268679ef8359f8f8c35__160000ms,ef0f79d407d8c8e60603b268679ef8359f8f8c35,JIVE - Reach for the stars,D:\projekty\Hudba\music-editor\src\data\segments\jive\ef0f79d407d8c8e60603b268679ef8359f8f8c35__s160000ms.wav,160000,20000,,jive
e696fda3de9e30f99980f61538cf55ac6f32f0d6__0ms,e696fda3de9e30f99980f61538cf55ac6f32f0d6,JIVE - Shi so Ryan,D:\projekty\Hudba\music-editor\src\data\segments\jive\e696fda3de9e30f99980f61538cf55ac6f32f0d6__s0ms.wav,0,20000,,jive
e696fda3de9e30f99980f61538cf55ac6f32f0d6__20000ms,e696fda3de9e30f99980f61538cf55ac6f32f0d6,JIVE - Shi so Ryan,D:\projekty\Hudba\music-editor\src\data\segments\jive\e696fda3de9e30f99980f61538cf55ac6f32f0d6__s20000ms.wav,20000,20000,,jive
e696fda3de9e30f99980f61538cf55ac6f32f0d6__40000ms,e696fda3de9e30f99980f61538cf55ac6f32f0d6,JIVE - Shi so Ryan,D:\projekty\Hudba\music-editor\src\data\segments\jive\e696fda3de9e30f99980f61538cf55ac6f32f0d6__s40000ms.wav,40000,20000,,jive
e696fda3de9e30f99980f61538cf55ac6f32f0d6__60000ms,e696fda3de9e30f99980f61538cf55ac6f32f0d6,JIVE - Shi so Ryan,D:\projekty\Hudba\music-editor\src\data\segments\jive\e696fda3de9e30f99980f61538cf55ac6f32f0d6__s60000ms.wav,60000,20000,,jive
e696fda3de9e30f99980f61538cf55ac6f32f0d6__80000ms,e696fda3de9e30f99980f61538cf55ac6f32f0d6,JIVE - Shi so Ryan,D:\projekty\Hudba\music-editor\src\data\segments\jive\e696fda3de9e30f99980f61538cf55ac6f32f0d6__s80000ms.wav,80000,20000,,jive
e696fda3de9e30f99980f61538cf55ac6f32f0d6__100000ms,e696fda3de9e30f99980f61538cf55ac6f32f0d6,JIVE - Shi so Ryan,D:\projekty\Hudba\music-editor\src\data\segments\jive\e696fda3de9e30f99980f61538cf55ac6f32f0d6__s100000ms.wav,100000,20000,,jive
e696fda3de9e30f99980f61538cf55ac6f32f0d6__120000ms,e696fda3de9e30f99980f61538cf55ac6f32f0d6,JIVE - Shi so Ryan,D:\projekty\Hudba\music-editor\src\data\segments\jive\e696fda3de9e30f99980f61538cf55ac6f32f0d6__s120000ms.wav,120000,20000,,jive
e696fda3de9e30f99980f61538cf55ac6f32f0d6__140000ms,e696fda3de9e30f99980f61538cf55ac6f32f0d6,JIVE - Shi so Ryan,D:\projekty\Hudba\music-editor\src\data\segments\jive\e696fda3de9e30f99980f61538cf55ac6f32f0d6__s140000ms.wav,140000,20000,,jive
e696fda3de9e30f99980f61538cf55ac6f32f0d6__160000ms,e696fda3de9e30f99980f61538cf55ac6f32f0d6,JIVE - Shi so Ryan,D:\projekty\Hudba\music-editor\src\data\segments\jive\e696fda3de9e30f99980f61538cf55ac6f32f0d6__s160000ms.wav,160000,20000,,jive
e696fda3de9e30f99980f61538cf55ac6f32f0d6__180000ms,e696fda3de9e30f99980f61538cf55ac6f32f0d6,JIVE - Shi so Ryan,D:\projekty\Hudba\music-editor\src\data\segments\jive\e696fda3de9e30f99980f61538cf55ac6f32f0d6__s180000ms.wav,180000,20000,,jive
e696fda3de9e30f99980f61538cf55ac6f32f0d6__200000ms,e696fda3de9e30f99980f61538cf55ac6f32f0d6,JIVE - Shi so Ryan,D:\projekty\Hudba\music-editor\src\data\segments\jive\e696fda3de9e30f99980f61538cf55ac6f32f0d6__s200000ms.wav,200000,20000,,jive
e696fda3de9e30f99980f61538cf55ac6f32f0d6__220000ms,e696fda3de9e30f99980f61538cf55ac6f32f0d6,JIVE - Shi so Ryan,D:\projekty\Hudba\music-editor\src\data\segments\jive\e696fda3de9e30f99980f61538cf55ac6f32f0d6__s220000ms.wav,220000,20000,,jive
8e6e4e1fb745a5ac15a742ad26df628b70046ae5__0ms,8e6e4e1fb745a5ac15a742ad26df628b70046ae5,"JIVE - These Boots Are Made For Walkin, Velvet 99",D:\projekty\Hudba\music-editor\src\data\segments\jive\8e6e4e1fb745a5ac15a742ad26df628b70046ae5__s0ms.wav,0,20000,,jive
8e6e4e1fb745a5ac15a742ad26df628b70046ae5__20000ms,8e6e4e1fb745a5ac15a742ad26df628b70046ae5,"JIVE - These Boots Are Made For Walkin, Velvet 99",D:\projekty\Hudba\music-editor\src\data\segments\jive\8e6e4e1fb745a5ac15a742ad26df628b70046ae5__s20000ms.wav,20000,20000,,jive
8e6e4e1fb745a5ac15a742ad26df628b70046ae5__40000ms,8e6e4e1fb745a5ac15a742ad26df628b70046ae5,"JIVE - These Boots Are Made For Walkin, Velvet 99",D:\projekty\Hudba\music-editor\src\data\segments\jive\8e6e4e1fb745a5ac15a742ad26df628b70046ae5__s40000ms.wav,40000,20000,,jive
8e6e4e1fb745a5ac15a742ad26df628b70046ae5__60000ms,8e6e4e1fb745a5ac15a742ad26df628b70046ae5,"JIVE - These Boots Are Made For Walkin, Velvet 99",D:\projekty\Hudba\music-editor\src\data\segments\jive\8e6e4e1fb745a5ac15a742ad26df628b70046ae5__s60000ms.wav,60000,20000,,jive
8e6e4e1fb745a5ac15a742ad26df628b70046ae5__80000ms,8e6e4e1fb745a5ac15a742ad26df628b70046ae5,"JIVE - These Boots Are Made For Walkin, Velvet 99",D:\projekty\Hudba\music-editor\src\data\segments\jive\8e6e4e1fb745a5ac15a742ad26df628b70046ae5__s80000ms.wav,80000,20000,,jive
8e6e4e1fb745a5ac15a742ad26df628b70046ae5__100000ms,8e6e4e1fb745a5ac15a742ad26df628b70046ae5,"JIVE - These Boots Are Made For Walkin, Velvet 99",D:\projekty\Hudba\music-editor\src\data\segments\jive\8e6e4e1fb745a5ac15a742ad26df628b70046ae5__s100000ms.wav,100000,20000,,jive
8e6e4e1fb745a5ac15a742ad26df628b70046ae5__120000ms,8e6e4e1fb745a5ac15a742ad26df628b70046ae5,"JIVE - These Boots Are Made For Walkin, Velvet 99",D:\projekty\Hudba\music-editor\src\data\segments\jive\8e6e4e1fb745a5ac15a742ad26df628b70046ae5__s120000ms.wav,120000,20000,,jive
8e6e4e1fb745a5ac15a742ad26df628b70046ae5__140000ms,8e6e4e1fb745a5ac15a742ad26df628b70046ae5,"JIVE - These Boots Are Made For Walkin, Velvet 99",D:\projekty\Hudba\music-editor\src\data\segments\jive\8e6e4e1fb745a5ac15a742ad26df628b70046ae5__s140000ms.wav,140000,20000,,jive
8e6e4e1fb745a5ac15a742ad26df628b70046ae5__160000ms,8e6e4e1fb745a5ac15a742ad26df628b70046ae5,"JIVE - These Boots Are Made For Walkin, Velvet 99",D:\projekty\Hudba\music-editor\src\data\segments\jive\8e6e4e1fb745a5ac15a742ad26df628b70046ae5__s160000ms.wav,160000,20000,,jive
8e6e4e1fb745a5ac15a742ad26df628b70046ae5__180000ms,8e6e4e1fb745a5ac15a742ad26df628b70046ae5,"JIVE - These Boots Are Made For Walkin, Velvet 99",D:\projekty\Hudba\music-editor\src\data\segments\jive\8e6e4e1fb745a5ac15a742ad26df628b70046ae5__s180000ms.wav,180000,20000,,jive
8e6e4e1fb745a5ac15a742ad26df628b70046ae5__200000ms,8e6e4e1fb745a5ac15a742ad26df628b70046ae5,"JIVE - These Boots Are Made For Walkin, Velvet 99",D:\projekty\Hudba\music-editor\src\data\segments\jive\8e6e4e1fb745a5ac15a742ad26df628b70046ae5__s200000ms.wav,200000,10573,,jive
7ddf3f0b9dff318aaa5a2f4cc7293c220e7e56c0__0ms,7ddf3f0b9dff318aaa5a2f4cc7293c220e7e56c0,JIVE - Úy baby úy baby,D:\projekty\Hudba\music-editor\src\data\segments\jive\7ddf3f0b9dff318aaa5a2f4cc7293c220e7e56c0__s0ms.wav,0,20000,,jive
7ddf3f0b9dff318aaa5a2f4cc7293c220e7e56c0__20000ms,7ddf3f0b9dff318aaa5a2f4cc7293c220e7e56c0,JIVE - Úy baby úy baby,D:\projekty\Hudba\music-editor\src\data\segments\jive\7ddf3f0b9dff318aaa5a2f4cc7293c220e7e56c0__s20000ms.wav,20000,20000,,jive
7ddf3f0b9dff318aaa5a2f4cc7293c220e7e56c0__40000ms,7ddf3f0b9dff318aaa5a2f4cc7293c220e7e56c0,JIVE - Úy baby úy baby,D:\projekty\Hudba\music-editor\src\data\segments\jive\7ddf3f0b9dff318aaa5a2f4cc7293c220e7e56c0__s40000ms.wav,40000,20000,,jive
7ddf3f0b9dff318aaa5a2f4cc7293c220e7e56c0__60000ms,7ddf3f0b9dff318aaa5a2f4cc7293c220e7e56c0,JIVE - Úy baby úy baby,D:\projekty\Hudba\music-editor\src\data\segments\jive\7ddf3f0b9dff318aaa5a2f4cc7293c220e7e56c0__s60000ms.wav,60000,20000,,jive
7ddf3f0b9dff318aaa5a2f4cc7293c220e7e56c0__80000ms,7ddf3f0b9dff318aaa5a2f4cc7293c220e7e56c0,JIVE - Úy baby úy baby,D:\projekty\Hudba\music-editor\src\data\segments\jive\7ddf3f0b9dff318aaa5a2f4cc7293c220e7e56c0__s80000ms.wav,80000,20000,,jive
7ddf3f0b9dff318aaa5a2f4cc7293c220e7e56c0__100000ms,7ddf3f0b9dff318aaa5a2f4cc7293c220e7e56c0,JIVE - Úy baby úy baby,D:\projekty\Hudba\music-editor\src\data\segments\jive\7ddf3f0b9dff318aaa5a2f4cc7293c220e7e56c0__s100000ms.wav,100000,20000,,jive
b9fede6b871a7208824f8dd4d35d42257fa4ef01__0ms,b9fede6b871a7208824f8dd4d35d42257fa4ef01,JIVE All I Want for Christmas Is You [Jive  41 BPM] (feat Ross Mitchell,D:\projekty\Hudba\music-editor\src\data\segments\jive\b9fede6b871a7208824f8dd4d35d42257fa4ef01__s0ms.wav,0,20000,,jive
b9fede6b871a7208824f8dd4d35d42257fa4ef01__20000ms,b9fede6b871a7208824f8dd4d35d42257fa4ef01,JIVE All I Want for Christmas Is You [Jive  41 BPM] (feat Ross Mitchell,D:\projekty\Hudba\music-editor\src\data\segments\jive\b9fede6b871a7208824f8dd4d35d42257fa4ef01__s20000ms.wav,20000,20000,,jive
b9fede6b871a7208824f8dd4d35d42257fa4ef01__40000ms,b9fede6b871a7208824f8dd4d35d42257fa4ef01,JIVE All I Want for Christmas Is You [Jive  41 BPM] (feat Ross Mitchell,D:\projekty\Hudba\music-editor\src\data\segments\jive\b9fede6b871a7208824f8dd4d35d42257fa4ef01__s40000ms.wav,40000,20000,,jive
b9fede6b871a7208824f8dd4d35d42257fa4ef01__60000ms,b9fede6b871a7208824f8dd4d35d42257fa4ef01,JIVE All I Want for Christmas Is You [Jive  41 BPM] (feat Ross Mitchell,D:\projekty\Hudba\music-editor\src\data\segments\jive\b9fede6b871a7208824f8dd4d35d42257fa4ef01__s60000ms.wav,60000,20000,,jive
b9fede6b871a7208824f8dd4d35d42257fa4ef01__80000ms,b9fede6b871a7208824f8dd4d35d42257fa4ef01,JIVE All I Want for Christmas Is You [Jive  41 BPM] (feat Ross Mitchell,D:\projekty\Hudba\music-editor\src\data\segments\jive\b9fede6b871a7208824f8dd4d35d42257fa4ef01__s80000ms.wav,80000,20000,,jive
b9fede6b871a7208824f8dd4d35d42257fa4ef01__100000ms,b9fede6b871a7208824f8dd4d35d42257fa4ef01,JIVE All I Want for Christmas Is You [Jive  41 BPM] (feat Ross Mitchell,D:\projekty\Hudba\music-editor\src\data\segments\jive\b9fede6b871a7208824f8dd4d35d42257fa4ef01__s100000ms.wav,100000,20000,,jive
b9fede6b871a7208824f8dd4d35d42257fa4ef01__120000ms,b9fede6b871a7208824f8dd4d35d42257fa4ef01,JIVE All I Want for Christmas Is You [Jive  41 BPM] (feat Ross Mitchell,D:\projekty\Hudba\music-editor\src\data\segments\jive\b9fede6b871a7208824f8dd4d35d42257fa4ef01__s120000ms.wav,120000,20000,,jive
b9fede6b871a7208824f8dd4d35d42257fa4ef01__140000ms,b9fede6b871a7208824f8dd4d35d42257fa4ef01,JIVE All I Want for Christmas Is You [Jive  41 BPM] (feat Ross Mitchell,D:\projekty\Hudba\music-editor\src\data\segments\jive\b9fede6b871a7208824f8dd4d35d42257fa4ef01__s140000ms.wav,140000,20000,,jive
ff24263cd3c13af906497f1c8828e459ad419c33__0ms,ff24263cd3c13af906497f1c8828e459ad419c33,JIVE All Shook Up (Jive  42 Bpm,D:\projekty\Hudba\music-editor\src\data\segments\jive\ff24263cd3c13af906497f1c8828e459ad419c33__s0ms.wav,0,20000,,jive
ff24263cd3c13af906497f1c8828e459ad419c33__20000ms,ff24263cd3c13af906497f1c8828e459ad419c33,JIVE All Shook Up (Jive  42 Bpm,D:\projekty\Hudba\music-editor\src\data\segments\jive\ff24263cd3c13af906497f1c8828e459ad419c33__s20000ms.wav,20000,20000,,jive
ff24263cd3c13af906497f1c8828e459ad419c33__40000ms,ff24263cd3c13af906497f1c8828e459ad419c33,JIVE All Shook Up (Jive  42 Bpm,D:\projekty\Hudba\music-editor\src\data\segments\jive\ff24263cd3c13af906497f1c8828e459ad419c33__s40000ms.wav,40000,20000,,jive
ff24263cd3c13af906497f1c8828e459ad419c33__60000ms,ff24263cd3c13af906497f1c8828e459ad419c33,JIVE All Shook Up (Jive  42 Bpm,D:\projekty\Hudba\music-editor\src\data\segments\jive\ff24263cd3c13af906497f1c8828e459ad419c33__s60000ms.wav,60000,20000,,jive
ff24263cd3c13af906497f1c8828e459ad419c33__80000ms,ff24263cd3c13af906497f1c8828e459ad419c33,JIVE All Shook Up (Jive  42 Bpm,D:\projekty\Hudba\music-editor\src\data\segments\jive\ff24263cd3c13af906497f1c8828e459ad419c33__s80000ms.wav,80000,20000,,jive
ff24263cd3c13af906497f1c8828e459ad419c33__100000ms,ff24263cd3c13af906497f1c8828e459ad419c33,JIVE All Shook Up (Jive  42 Bpm,D:\projekty\Hudba\music-editor\src\data\segments\jive\ff24263cd3c13af906497f1c8828e459ad419c33__s100000ms.wav,100000,20000,,jive
ff24263cd3c13af906497f1c8828e459ad419c33__120000ms,ff24263cd3c13af906497f1c8828e459ad419c33,JIVE All Shook Up (Jive  42 Bpm,D:\projekty\Hudba\music-editor\src\data\segments\jive\ff24263cd3c13af906497f1c8828e459ad419c33__s120000ms.wav,120000,20000,,jive
ff24263cd3c13af906497f1c8828e459ad419c33__140000ms,ff24263cd3c13af906497f1c8828e459ad419c33,JIVE All Shook Up (Jive  42 Bpm,D:\projekty\Hudba\music-editor\src\data\segments\jive\ff24263cd3c13af906497f1c8828e459ad419c33__s140000ms.wav,140000,20000,,jive
681afac515fcdf5213925ab972c6c0211ac8e59f__0ms,681afac515fcdf5213925ab972c6c0211ac8e59f,JIVE Buona Sera (Jive  44 Bpm,D:\projekty\Hudba\music-editor\src\data\segments\jive\681afac515fcdf5213925ab972c6c0211ac8e59f__s0ms.wav,0,20000,,jive
681afac515fcdf5213925ab972c6c0211ac8e59f__20000ms,681afac515fcdf5213925ab972c6c0211ac8e59f,JIVE Buona Sera (Jive  44 Bpm,D:\projekty\Hudba\music-editor\src\data\segments\jive\681afac515fcdf5213925ab972c6c0211ac8e59f__s20000ms.wav,20000,20000,,jive
681afac515fcdf5213925ab972c6c0211ac8e59f__40000ms,681afac515fcdf5213925ab972c6c0211ac8e59f,JIVE Buona Sera (Jive  44 Bpm,D:\projekty\Hudba\music-editor\src\data\segments\jive\681afac515fcdf5213925ab972c6c0211ac8e59f__s40000ms.wav,40000,20000,,jive
681afac515fcdf5213925ab972c6c0211ac8e59f__60000ms,681afac515fcdf5213925ab972c6c0211ac8e59f,JIVE Buona Sera (Jive  44 Bpm,D:\projekty\Hudba\music-editor\src\data\segments\jive\681afac515fcdf5213925ab972c6c0211ac8e59f__s60000ms.wav,60000,20000,,jive
681afac515fcdf5213925ab972c6c0211ac8e59f__80000ms,681afac515fcdf5213925ab972c6c0211ac8e59f,JIVE Buona Sera (Jive  44 Bpm,D:\projekty\Hudba\music-editor\src\data\segments\jive\681afac515fcdf5213925ab972c6c0211ac8e59f__s80000ms.wav,80000,20000,,jive
681afac515fcdf5213925ab972c6c0211ac8e59f__100000ms,681afac515fcdf5213925ab972c6c0211ac8e59f,JIVE Buona Sera (Jive  44 Bpm,D:\projekty\Hudba\music-editor\src\data\segments\jive\681afac515fcdf5213925ab972c6c0211ac8e59f__s100000ms.wav,100000,20000,,jive
681afac515fcdf5213925ab972c6c0211ac8e59f__120000ms,681afac515fcdf5213925ab972c6c0211ac8e59f,JIVE Buona Sera (Jive  44 Bpm,D:\projekty\Hudba\music-editor\src\data\segments\jive\681afac515fcdf5213925ab972c6c0211ac8e59f__s120000ms.wav,120000,20000,,jive
681afac515fcdf5213925ab972c6c0211ac8e59f__140000ms,681afac515fcdf5213925ab972c6c0211ac8e59f,JIVE Buona Sera (Jive  44 Bpm,D:\projekty\Hudba\music-editor\src\data\segments\jive\681afac515fcdf5213925ab972c6c0211ac8e59f__s140000ms.wav,140000,20000,,jive
681afac515fcdf5213925ab972c6c0211ac8e59f__160000ms,681afac515fcdf5213925ab972c6c0211ac8e59f,JIVE Buona Sera (Jive  44 Bpm,D:\projekty\Hudba\music-editor\src\data\segments\jive\681afac515fcdf5213925ab972c6c0211ac8e59f__s160000ms.wav,160000,20000,,jive
681afac515fcdf5213925ab972c6c0211ac8e59f__180000ms,681afac515fcdf5213925ab972c6c0211ac8e59f,JIVE Buona Sera (Jive  44 Bpm,D:\projekty\Hudba\music-editor\src\data\segments\jive\681afac515fcdf5213925ab972c6c0211ac8e59f__s180000ms.wav,180000,13802,,jive
022464a279653b3d4af59323774bea2b52ed6dc0__0ms,022464a279653b3d4af59323774bea2b52ed6dc0,Jive Buzz buzz buz,D:\projekty\Hudba\music-editor\src\data\segments\jive\022464a279653b3d4af59323774bea2b52ed6dc0__s0ms.wav,0,20000,,jive
022464a279653b3d4af59323774bea2b52ed6dc0__20000ms,022464a279653b3d4af59323774bea2b52ed6dc0,Jive Buzz buzz buz,D:\projekty\Hudba\music-editor\src\data\segments\jive\022464a279653b3d4af59323774bea2b52ed6dc0__s20000ms.wav,20000,20000,,jive
022464a279653b3d4af59323774bea2b52ed6dc0__40000ms,022464a279653b3d4af59323774bea2b52ed6dc0,Jive Buzz buzz buz,D:\projekty\Hudba\music-editor\src\data\segments\jive\022464a279653b3d4af59323774bea2b52ed6dc0__s40000ms.wav,40000,20000,,jive
022464a279653b3d4af59323774bea2b52ed6dc0__60000ms,022464a279653b3d4af59323774bea2b52ed6dc0,Jive Buzz buzz buz,D:\projekty\Hudba\music-editor\src\data\segments\jive\022464a279653b3d4af59323774bea2b52ed6dc0__s60000ms.wav,60000,20000,,jive
022464a279653b3d4af59323774bea2b52ed6dc0__80000ms,022464a279653b3d4af59323774bea2b52ed6dc0,Jive Buzz buzz buz,D:\projekty\Hudba\music-editor\src\data\segments\jive\022464a279653b3d4af59323774bea2b52ed6dc0__s80000ms.wav,80000,20000,,jive
022464a279653b3d4af59323774bea2b52ed6dc0__100000ms,022464a279653b3d4af59323774bea2b52ed6dc0,Jive Buzz buzz buz,D:\projekty\Hudba\music-editor\src\data\segments\jive\022464a279653b3d4af59323774bea2b52ed6dc0__s100000ms.wav,100000,20000,,jive
022464a279653b3d4af59323774bea2b52ed6dc0__120000ms,022464a279653b3d4af59323774bea2b52ed6dc0,Jive Buzz buzz buz,D:\projekty\Hudba\music-editor\src\data\segments\jive\022464a279653b3d4af59323774bea2b52ed6dc0__s120000ms.wav,120000,20000,,jive
022464a279653b3d4af59323774bea2b52ed6dc0__140000ms,022464a279653b3d4af59323774bea2b52ed6dc0,Jive Buzz buzz buz,D:\projekty\Hudba\music-editor\src\data\segments\jive\022464a279653b3d4af59323774bea2b52ed6dc0__s140000ms.wav,140000,15455,,jive
a0a6e2c92efa1198cdee430535861ea0c4368382__0ms,a0a6e2c92efa1198cdee430535861ea0c4368382,JIVE Cagey Strings Johnny B  Goode (Jive 43 BPM,D:\projekty\Hudba\music-editor\src\data\segments\jive\a0a6e2c92efa1198cdee430535861ea0c4368382__s0ms.wav,0,20000,,jive
a0a6e2c92efa1198cdee430535861ea0c4368382__20000ms,a0a6e2c92efa1198cdee430535861ea0c4368382,JIVE Cagey Strings Johnny B  Goode (Jive 43 BPM,D:\projekty\Hudba\music-editor\src\data\segments\jive\a0a6e2c92efa1198cdee430535861ea0c4368382__s20000ms.wav,20000,20000,,jive
a0a6e2c92efa1198cdee430535861ea0c4368382__40000ms,a0a6e2c92efa1198cdee430535861ea0c4368382,JIVE Cagey Strings Johnny B  Goode (Jive 43 BPM,D:\projekty\Hudba\music-editor\src\data\segments\jive\a0a6e2c92efa1198cdee430535861ea0c4368382__s40000ms.wav,40000,20000,,jive
a0a6e2c92efa1198cdee430535861ea0c4368382__60000ms,a0a6e2c92efa1198cdee430535861ea0c4368382,JIVE Cagey Strings Johnny B  Goode (Jive 43 BPM,D:\projekty\Hudba\music-editor\src\data\segments\jive\a0a6e2c92efa1198cdee430535861ea0c4368382__s60000ms.wav,60000,20000,,jive
a0a6e2c92efa1198cdee430535861ea0c4368382__80000ms,a0a6e2c92efa1198cdee430535861ea0c4368382,JIVE Cagey Strings Johnny B  Goode (Jive 43 BPM,D:\projekty\Hudba\music-editor\src\data\segments\jive\a0a6e2c92efa1198cdee430535861ea0c4368382__s80000ms.wav,80000,20000,,jive
a0a6e2c92efa1198cdee430535861ea0c4368382__100000ms,a0a6e2c92efa1198cdee430535861ea0c4368382,JIVE Cagey Strings Johnny B  Goode (Jive 43 BPM,D:\projekty\Hudba\music-editor\src\data\segments\jive\a0a6e2c92efa1198cdee430535861ea0c4368382__s100000ms.wav,100000,20000,,jive
6ec9335e5e958c0c232973ce35e2ca594312e7c9__0ms,6ec9335e5e958c0c232973ce35e2ca594312e7c9,JIVE Chihuahua (Jive  43 Bpm,D:\projekty\Hudba\music-editor\src\data\segments\jive\6ec9335e5e958c0c232973ce35e2ca594312e7c9__s0ms.wav,0,20000,,jive
6ec9335e5e958c0c232973ce35e2ca594312e7c9__20000ms,6ec9335e5e958c0c232973ce35e2ca594312e7c9,JIVE Chihuahua (Jive  43 Bpm,D:\projekty\Hudba\music-editor\src\data\segments\jive\6ec9335e5e958c0c232973ce35e2ca594312e7c9__s20000ms.wav,20000,20000,,jive
6ec9335e5e958c0c232973ce35e2ca594312e7c9__40000ms,6ec9335e5e958c0c232973ce35e2ca594312e7c9,JIVE Chihuahua (Jive  43 Bpm,D:\projekty\Hudba\music-editor\src\data\segments\jive\6ec9335e5e958c0c232973ce35e2ca594312e7c9__s40000ms.wav,40000,20000,,jive
6ec9335e5e958c0c232973ce35e2ca594312e7c9__60000ms,6ec9335e5e958c0c232973ce35e2ca594312e7c9,JIVE Chihuahua (Jive  43 Bpm,D:\projekty\Hudba\music-editor\src\data\segments\jive\6ec9335e5e958c0c232973ce35e2ca594312e7c9__s60000ms.wav,60000,20000,,jive
6ec9335e5e958c0c232973ce35e2ca594312e7c9__80000ms,6ec9335e5e958c0c232973ce35e2ca594312e7c9,JIVE Chihuahua (Jive  43 Bpm,D:\projekty\Hudba\music-editor\src\data\segments\jive\6ec9335e5e958c0c232973ce35e2ca594312e7c9__s80000ms.wav,80000,20000,,jive
6ec9335e5e958c0c232973ce35e2ca594312e7c9__100000ms,6ec9335e5e958c0c232973ce35e2ca594312e7c9,JIVE Chihuahua (Jive  43 Bpm,D:\projekty\Hudba\music-editor\src\data\segments\jive\6ec9335e5e958c0c232973ce35e2ca594312e7c9__s100000ms.wav,100000,20000,,jive
6ec9335e5e958c0c232973ce35e2ca594312e7c9__120000ms,6ec9335e5e958c0c232973ce35e2ca594312e7c9,JIVE Chihuahua (Jive  43 Bpm,D:\projekty\Hudba\music-editor\src\data\segments\jive\6ec9335e5e958c0c232973ce35e2ca594312e7c9__s120000ms.wav,120000,20000,,jive
6ec9335e5e958c0c232973ce35e2ca594312e7c9__140000ms,6ec9335e5e958c0c232973ce35e2ca594312e7c9,JIVE Chihuahua (Jive  43 Bpm,D:\projekty\Hudba\music-editor\src\data\segments\jive\6ec9335e5e958c0c232973ce35e2ca594312e7c9__s140000ms.wav,140000,20000,,jive
6ec9335e5e958c0c232973ce35e2ca594312e7c9__160000ms,6ec9335e5e958c0c232973ce35e2ca594312e7c9,JIVE Chihuahua (Jive  43 Bpm,D:\projekty\Hudba\music-editor\src\data\segments\jive\6ec9335e5e958c0c232973ce35e2ca594312e7c9__s160000ms.wav,160000,20000,,jive
6ec9335e5e958c0c232973ce35e2ca594312e7c9__180000ms,6ec9335e5e958c0c232973ce35e2ca594312e7c9,JIVE Chihuahua (Jive  43 Bpm,D:\projekty\Hudba\music-editor\src\data\segments\jive\6ec9335e5e958c0c232973ce35e2ca594312e7c9__s180000ms.wav,180000,10485,,jive
f753de77806bcac0b08bec8bbb6b6f3cc2b1c986__0ms,f753de77806bcac0b08bec8bbb6b6f3cc2b1c986,JIVE christmas   as it used to be   mario hartman,D:\projekty\Hudba\music-editor\src\data\segments\jive\f753de77806bcac0b08bec8bbb6b6f3cc2b1c986__s0ms.wav,0,20000,,jive
f753de77806bcac0b08bec8bbb6b6f3cc2b1c986__20000ms,f753de77806bcac0b08bec8bbb6b6f3cc2b1c986,JIVE christmas   as it used to be   mario hartman,D:\projekty\Hudba\music-editor\src\data\segments\jive\f753de77806bcac0b08bec8bbb6b6f3cc2b1c986__s20000ms.wav,20000,20000,,jive
f753de77806bcac0b08bec8bbb6b6f3cc2b1c986__40000ms,f753de77806bcac0b08bec8bbb6b6f3cc2b1c986,JIVE christmas   as it used to be   mario hartman,D:\projekty\Hudba\music-editor\src\data\segments\jive\f753de77806bcac0b08bec8bbb6b6f3cc2b1c986__s40000ms.wav,40000,20000,,jive
f753de77806bcac0b08bec8bbb6b6f3cc2b1c986__60000ms,f753de77806bcac0b08bec8bbb6b6f3cc2b1c986,JIVE christmas   as it used to be   mario hartman,D:\projekty\Hudba\music-editor\src\data\segments\jive\f753de77806bcac0b08bec8bbb6b6f3cc2b1c986__s60000ms.wav,60000,20000,,jive
f753de77806bcac0b08bec8bbb6b6f3cc2b1c986__80000ms,f753de77806bcac0b08bec8bbb6b6f3cc2b1c986,JIVE christmas   as it used to be   mario hartman,D:\projekty\Hudba\music-editor\src\data\segments\jive\f753de77806bcac0b08bec8bbb6b6f3cc2b1c986__s80000ms.wav,80000,20000,,jive
f753de77806bcac0b08bec8bbb6b6f3cc2b1c986__100000ms,f753de77806bcac0b08bec8bbb6b6f3cc2b1c986,JIVE christmas   as it used to be   mario hartman,D:\projekty\Hudba\music-editor\src\data\segments\jive\f753de77806bcac0b08bec8bbb6b6f3cc2b1c986__s100000ms.wav,100000,20000,,jive
f753de77806bcac0b08bec8bbb6b6f3cc2b1c986__120000ms,f753de77806bcac0b08bec8bbb6b6f3cc2b1c986,JIVE christmas   as it used to be   mario hartman,D:\projekty\Hudba\music-editor\src\data\segments\jive\f753de77806bcac0b08bec8bbb6b6f3cc2b1c986__s120000ms.wav,120000,20000,,jive
f753de77806bcac0b08bec8bbb6b6f3cc2b1c986__140000ms,f753de77806bcac0b08bec8bbb6b6f3cc2b1c986,JIVE christmas   as it used to be   mario hartman,D:\projekty\Hudba\music-editor\src\data\segments\jive\f753de77806bcac0b08bec8bbb6b6f3cc2b1c986__s140000ms.wav,140000,20000,,jive
f753de77806bcac0b08bec8bbb6b6f3cc2b1c986__160000ms,f753de77806bcac0b08bec8bbb6b6f3cc2b1c986,JIVE christmas   as it used to be   mario hartman,D:\projekty\Hudba\music-editor\src\data\segments\jive\f753de77806bcac0b08bec8bbb6b6f3cc2b1c986__s160000ms.wav,160000,20000,,jive
56d837e8d105739416bcf7c0ed2d48281381aff0__0ms,56d837e8d105739416bcf7c0ed2d48281381aff0,JIVE Footloose (Jive  41 Bpm,D:\projekty\Hudba\music-editor\src\data\segments\jive\56d837e8d105739416bcf7c0ed2d48281381aff0__s0ms.wav,0,20000,,jive
56d837e8d105739416bcf7c0ed2d48281381aff0__20000ms,56d837e8d105739416bcf7c0ed2d48281381aff0,JIVE Footloose (Jive  41 Bpm,D:\projekty\Hudba\music-editor\src\data\segments\jive\56d837e8d105739416bcf7c0ed2d48281381aff0__s20000ms.wav,20000,20000,,jive
56d837e8d105739416bcf7c0ed2d48281381aff0__40000ms,56d837e8d105739416bcf7c0ed2d48281381aff0,JIVE Footloose (Jive  41 Bpm,D:\projekty\Hudba\music-editor\src\data\segments\jive\56d837e8d105739416bcf7c0ed2d48281381aff0__s40000ms.wav,40000,20000,,jive
56d837e8d105739416bcf7c0ed2d48281381aff0__60000ms,56d837e8d105739416bcf7c0ed2d48281381aff0,JIVE Footloose (Jive  41 Bpm,D:\projekty\Hudba\music-editor\src\data\segments\jive\56d837e8d105739416bcf7c0ed2d48281381aff0__s60000ms.wav,60000,20000,,jive
56d837e8d105739416bcf7c0ed2d48281381aff0__80000ms,56d837e8d105739416bcf7c0ed2d48281381aff0,JIVE Footloose (Jive  41 Bpm,D:\projekty\Hudba\music-editor\src\data\segments\jive\56d837e8d105739416bcf7c0ed2d48281381aff0__s80000ms.wav,80000,20000,,jive
56d837e8d105739416bcf7c0ed2d48281381aff0__100000ms,56d837e8d105739416bcf7c0ed2d48281381aff0,JIVE Footloose (Jive  41 Bpm,D:\projekty\Hudba\music-editor\src\data\segments\jive\56d837e8d105739416bcf7c0ed2d48281381aff0__s100000ms.wav,100000,20000,,jive
56d837e8d105739416bcf7c0ed2d48281381aff0__120000ms,56d837e8d105739416bcf7c0ed2d48281381aff0,JIVE Footloose (Jive  41 Bpm,D:\projekty\Hudba\music-editor\src\data\segments\jive\56d837e8d105739416bcf7c0ed2d48281381aff0__s120000ms.wav,120000,20000,,jive
56d837e8d105739416bcf7c0ed2d48281381aff0__140000ms,56d837e8d105739416bcf7c0ed2d48281381aff0,JIVE Footloose (Jive  41 Bpm,D:\projekty\Hudba\music-editor\src\data\segments\jive\56d837e8d105739416bcf7c0ed2d48281381aff0__s140000ms.wav,140000,20000,,jive
56d837e8d105739416bcf7c0ed2d48281381aff0__160000ms,56d837e8d105739416bcf7c0ed2d48281381aff0,JIVE Footloose (Jive  41 Bpm,D:\projekty\Hudba\music-editor\src\data\segments\jive\56d837e8d105739416bcf7c0ed2d48281381aff0__s160000ms.wav,160000,20000,,jive
56d837e8d105739416bcf7c0ed2d48281381aff0__180000ms,56d837e8d105739416bcf7c0ed2d48281381aff0,JIVE Footloose (Jive  41 Bpm,D:\projekty\Hudba\music-editor\src\data\segments\jive\56d837e8d105739416bcf7c0ed2d48281381aff0__s180000ms.wav,180000,20000,,jive
56d837e8d105739416bcf7c0ed2d48281381aff0__200000ms,56d837e8d105739416bcf7c0ed2d48281381aff0,JIVE Footloose (Jive  41 Bpm,D:\projekty\Hudba\music-editor\src\data\segments\jive\56d837e8d105739416bcf7c0ed2d48281381aff0__s200000ms.wav,200000,9241,,jive
f30b7378aa652099efae8691741f798be6030a03__0ms,f30b7378aa652099efae8691741f798be6030a03,JIVE Heatwave (Jive  40 Bpm,D:\projekty\Hudba\music-editor\src\data\segments\jive\f30b7378aa652099efae8691741f798be6030a03__s0ms.wav,0,20000,,jive
f30b7378aa652099efae8691741f798be6030a03__20000ms,f30b7378aa652099efae8691741f798be6030a03,JIVE Heatwave (Jive  40 Bpm,D:\projekty\Hudba\music-editor\src\data\segments\jive\f30b7378aa652099efae8691741f798be6030a03__s20000ms.wav,20000,20000,,jive
f30b7378aa652099efae8691741f798be6030a03__40000ms,f30b7378aa652099efae8691741f798be6030a03,JIVE Heatwave (Jive  40 Bpm,D:\projekty\Hudba\music-editor\src\data\segments\jive\f30b7378aa652099efae8691741f798be6030a03__s40000ms.wav,40000,20000,,jive
f30b7378aa652099efae8691741f798be6030a03__60000ms,f30b7378aa652099efae8691741f798be6030a03,JIVE Heatwave (Jive  40 Bpm,D:\projekty\Hudba\music-editor\src\data\segments\jive\f30b7378aa652099efae8691741f798be6030a03__s60000ms.wav,60000,20000,,jive
f30b7378aa652099efae8691741f798be6030a03__80000ms,f30b7378aa652099efae8691741f798be6030a03,JIVE Heatwave (Jive  40 Bpm,D:\projekty\Hudba\music-editor\src\data\segments\jive\f30b7378aa652099efae8691741f798be6030a03__s80000ms.wav,80000,20000,,jive
f30b7378aa652099efae8691741f798be6030a03__100000ms,f30b7378aa652099efae8691741f798be6030a03,JIVE Heatwave (Jive  40 Bpm,D:\projekty\Hudba\music-editor\src\data\segments\jive\f30b7378aa652099efae8691741f798be6030a03__s100000ms.wav,100000,20000,,jive
f30b7378aa652099efae8691741f798be6030a03__120000ms,f30b7378aa652099efae8691741f798be6030a03,JIVE Heatwave (Jive  40 Bpm,D:\projekty\Hudba\music-editor\src\data\segments\jive\f30b7378aa652099efae8691741f798be6030a03__s120000ms.wav,120000,9202,,jive
09d4781cc360ed63e216b33389c98e44d30bf1fd__0ms,09d4781cc360ed63e216b33389c98e44d30bf1fd,JIVE I Wish It Could Be Christmas Every Day (Jive  40BPM,D:\projekty\Hudba\music-editor\src\data\segments\jive\09d4781cc360ed63e216b33389c98e44d30bf1fd__s0ms.wav,0,20000,,jive
09d4781cc360ed63e216b33389c98e44d30bf1fd__20000ms,09d4781cc360ed63e216b33389c98e44d30bf1fd,JIVE I Wish It Could Be Christmas Every Day (Jive  40BPM,D:\projekty\Hudba\music-editor\src\data\segments\jive\09d4781cc360ed63e216b33389c98e44d30bf1fd__s20000ms.wav,20000,20000,,jive
09d4781cc360ed63e216b33389c98e44d30bf1fd__40000ms,09d4781cc360ed63e216b33389c98e44d30bf1fd,JIVE I Wish It Could Be Christmas Every Day (Jive  40BPM,D:\projekty\Hudba\music-editor\src\data\segments\jive\09d4781cc360ed63e216b33389c98e44d30bf1fd__s40000ms.wav,40000,20000,,jive
09d4781cc360ed63e216b33389c98e44d30bf1fd__60000ms,09d4781cc360ed63e216b33389c98e44d30bf1fd,JIVE I Wish It Could Be Christmas Every Day (Jive  40BPM,D:\projekty\Hudba\music-editor\src\data\segments\jive\09d4781cc360ed63e216b33389c98e44d30bf1fd__s60000ms.wav,60000,20000,,jive
09d4781cc360ed63e216b33389c98e44d30bf1fd__80000ms,09d4781cc360ed63e216b33389c98e44d30bf1fd,JIVE I Wish It Could Be Christmas Every Day (Jive  40BPM,D:\projekty\Hudba\music-editor\src\data\segments\jive\09d4781cc360ed63e216b33389c98e44d30bf1fd__s80000ms.wav,80000,20000,,jive
09d4781cc360ed63e216b33389c98e44d30bf1fd__100000ms,09d4781cc360ed63e216b33389c98e44d30bf1fd,JIVE I Wish It Could Be Christmas Every Day (Jive  40BPM,D:\projekty\Hudba\music-editor\src\data\segments\jive\09d4781cc360ed63e216b33389c98e44d30bf1fd__s100000ms.wav,100000,20000,,jive
04e2c458a9ebe7fa8ae57828ec49467513414a10__0ms,04e2c458a9ebe7fa8ae57828ec49467513414a10,JIVE Ilona Csáková   Pink (Unplugged,D:\projekty\Hudba\music-editor\src\data\segments\jive\04e2c458a9ebe7fa8ae57828ec49467513414a10__s0ms.wav,0,20000,,jive
04e2c458a9ebe7fa8ae57828ec49467513414a10__20000ms,04e2c458a9ebe7fa8ae57828ec49467513414a10,JIVE Ilona Csáková   Pink (Unplugged,D:\projekty\Hudba\music-editor\src\data\segments\jive\04e2c458a9ebe7fa8ae57828ec49467513414a10__s20000ms.wav,20000,20000,,jive
04e2c458a9ebe7fa8ae57828ec49467513414a10__40000ms,04e2c458a9ebe7fa8ae57828ec49467513414a10,JIVE Ilona Csáková   Pink (Unplugged,D:\projekty\Hudba\music-editor\src\data\segments\jive\04e2c458a9ebe7fa8ae57828ec49467513414a10__s40000ms.wav,40000,20000,,jive
04e2c458a9ebe7fa8ae57828ec49467513414a10__60000ms,04e2c458a9ebe7fa8ae57828ec49467513414a10,JIVE Ilona Csáková   Pink (Unplugged,D:\projekty\Hudba\music-editor\src\data\segments\jive\04e2c458a9ebe7fa8ae57828ec49467513414a10__s60000ms.wav,60000,20000,,jive
04e2c458a9ebe7fa8ae57828ec49467513414a10__80000ms,04e2c458a9ebe7fa8ae57828ec49467513414a10,JIVE Ilona Csáková   Pink (Unplugged,D:\projekty\Hudba\music-editor\src\data\segments\jive\04e2c458a9ebe7fa8ae57828ec49467513414a10__s80000ms.wav,80000,20000,,jive
04e2c458a9ebe7fa8ae57828ec49467513414a10__100000ms,04e2c458a9ebe7fa8ae57828ec49467513414a10,JIVE Ilona Csáková   Pink (Unplugged,D:\projekty\Hudba\music-editor\src\data\segments\jive\04e2c458a9ebe7fa8ae57828ec49467513414a10__s100000ms.wav,100000,20000,,jive
04e2c458a9ebe7fa8ae57828ec49467513414a10__120000ms,04e2c458a9ebe7fa8ae57828ec49467513414a10,JIVE Ilona Csáková   Pink (Unplugged,D:\projekty\Hudba\music-editor\src\data\segments\jive\04e2c458a9ebe7fa8ae57828ec49467513414a10__s120000ms.wav,120000,20000,,jive
04e2c458a9ebe7fa8ae57828ec49467513414a10__140000ms,04e2c458a9ebe7fa8ae57828ec49467513414a10,JIVE Ilona Csáková   Pink (Unplugged,D:\projekty\Hudba\music-editor\src\data\segments\jive\04e2c458a9ebe7fa8ae57828ec49467513414a10__s140000ms.wav,140000,11353,,jive
9a4c736f6d310611b576902081a5ed9d135d6294__0ms,9a4c736f6d310611b576902081a5ed9d135d6294,JIVE JEM,D:\projekty\Hudba\music-editor\src\data\segments\jive\9a4c736f6d310611b576902081a5ed9d135d6294__s0ms.wav,0,20000,,jive
9a4c736f6d310611b576902081a5ed9d135d6294__20000ms,9a4c736f6d310611b576902081a5ed9d135d6294,JIVE JEM,D:\projekty\Hudba\music-editor\src\data\segments\jive\9a4c736f6d310611b576902081a5ed9d135d6294__s20000ms.wav,20000,20000,,jive
9a4c736f6d310611b576902081a5ed9d135d6294__40000ms,9a4c736f6d310611b576902081a5ed9d135d6294,JIVE JEM,D:\projekty\Hudba\music-editor\src\data\segments\jive\9a4c736f6d310611b576902081a5ed9d135d6294__s40000ms.wav,40000,20000,,jive
9a4c736f6d310611b576902081a5ed9d135d6294__60000ms,9a4c736f6d310611b576902081a5ed9d135d6294,JIVE JEM,D:\projekty\Hudba\music-editor\src\data\segments\jive\9a4c736f6d310611b576902081a5ed9d135d6294__s60000ms.wav,60000,20000,,jive
9a4c736f6d310611b576902081a5ed9d135d6294__80000ms,9a4c736f6d310611b576902081a5ed9d135d6294,JIVE JEM,D:\projekty\Hudba\music-editor\src\data\segments\jive\9a4c736f6d310611b576902081a5ed9d135d6294__s80000ms.wav,80000,20000,,jive
9a4c736f6d310611b576902081a5ed9d135d6294__100000ms,9a4c736f6d310611b576902081a5ed9d135d6294,JIVE JEM,D:\projekty\Hudba\music-editor\src\data\segments\jive\9a4c736f6d310611b576902081a5ed9d135d6294__s100000ms.wav,100000,16428,,jive
942be7cdd629b54998b2777f75470403b4025614__0ms,942be7cdd629b54998b2777f75470403b4025614,JIVE Knock On Wood (Jive  36 Bpm,D:\projekty\Hudba\music-editor\src\data\segments\jive\942be7cdd629b54998b2777f75470403b4025614__s0ms.wav,0,20000,,jive
942be7cdd629b54998b2777f75470403b4025614__20000ms,942be7cdd629b54998b2777f75470403b4025614,JIVE Knock On Wood (Jive  36 Bpm,D:\projekty\Hudba\music-editor\src\data\segments\jive\942be7cdd629b54998b2777f75470403b4025614__s20000ms.wav,20000,20000,,jive
942be7cdd629b54998b2777f75470403b4025614__40000ms,942be7cdd629b54998b2777f75470403b4025614,JIVE Knock On Wood (Jive  36 Bpm,D:\projekty\Hudba\music-editor\src\data\segments\jive\942be7cdd629b54998b2777f75470403b4025614__s40000ms.wav,40000,20000,,jive
942be7cdd629b54998b2777f75470403b4025614__60000ms,942be7cdd629b54998b2777f75470403b4025614,JIVE Knock On Wood (Jive  36 Bpm,D:\projekty\Hudba\music-editor\src\data\segments\jive\942be7cdd629b54998b2777f75470403b4025614__s60000ms.wav,60000,20000,,jive
942be7cdd629b54998b2777f75470403b4025614__80000ms,942be7cdd629b54998b2777f75470403b4025614,JIVE Knock On Wood (Jive  36 Bpm,D:\projekty\Hudba\music-editor\src\data\segments\jive\942be7cdd629b54998b2777f75470403b4025614__s80000ms.wav,80000,20000,,jive
942be7cdd629b54998b2777f75470403b4025614__100000ms,942be7cdd629b54998b2777f75470403b4025614,JIVE Knock On Wood (Jive  36 Bpm,D:\projekty\Hudba\music-editor\src\data\segments\jive\942be7cdd629b54998b2777f75470403b4025614__s100000ms.wav,100000,20000,,jive
942be7cdd629b54998b2777f75470403b4025614__120000ms,942be7cdd629b54998b2777f75470403b4025614,JIVE Knock On Wood (Jive  36 Bpm,D:\projekty\Hudba\music-editor\src\data\segments\jive\942be7cdd629b54998b2777f75470403b4025614__s120000ms.wav,120000,20000,,jive
942be7cdd629b54998b2777f75470403b4025614__140000ms,942be7cdd629b54998b2777f75470403b4025614,JIVE Knock On Wood (Jive  36 Bpm,D:\projekty\Hudba\music-editor\src\data\segments\jive\942be7cdd629b54998b2777f75470403b4025614__s140000ms.wav,140000,20000,,jive
942be7cdd629b54998b2777f75470403b4025614__160000ms,942be7cdd629b54998b2777f75470403b4025614,JIVE Knock On Wood (Jive  36 Bpm,D:\projekty\Hudba\music-editor\src\data\segments\jive\942be7cdd629b54998b2777f75470403b4025614__s160000ms.wav,160000,20000,,jive
942be7cdd629b54998b2777f75470403b4025614__180000ms,942be7cdd629b54998b2777f75470403b4025614,JIVE Knock On Wood (Jive  36 Bpm,D:\projekty\Hudba\music-editor\src\data\segments\jive\942be7cdd629b54998b2777f75470403b4025614__s180000ms.wav,180000,20000,,jive
217717783acbbb8352eee2d43c5d33725d3309dc__0ms,217717783acbbb8352eee2d43c5d33725d3309dc,JIVE Last Christmas JIVE SHARK,D:\projekty\Hudba\music-editor\src\data\segments\jive\217717783acbbb8352eee2d43c5d33725d3309dc__s0ms.wav,0,20000,,jive
217717783acbbb8352eee2d43c5d33725d3309dc__20000ms,217717783acbbb8352eee2d43c5d33725d3309dc,JIVE Last Christmas JIVE SHARK,D:\projekty\Hudba\music-editor\src\data\segments\jive\217717783acbbb8352eee2d43c5d33725d3309dc__s20000ms.wav,20000,20000,,jive
217717783acbbb8352eee2d43c5d33725d3309dc__40000ms,217717783acbbb8352eee2d43c5d33725d3309dc,JIVE Last Christmas JIVE SHARK,D:\projekty\Hudba\music-editor\src\data\segments\jive\217717783acbbb8352eee2d43c5d33725d3309dc__s40000ms.wav,40000,20000,,jive
217717783acbbb8352eee2d43c5d33725d3309dc__60000ms,217717783acbbb8352eee2d43c5d33725d3309dc,JIVE Last Christmas JIVE SHARK,D:\projekty\Hudba\music-editor\src\data\segments\jive\217717783acbbb8352eee2d43c5d33725d3309dc__s60000ms.wav,60000,20000,,jive
217717783acbbb8352eee2d43c5d33725d3309dc__80000ms,217717783acbbb8352eee2d43c5d33725d3309dc,JIVE Last Christmas JIVE SHARK,D:\projekty\Hudba\music-editor\src\data\segments\jive\217717783acbbb8352eee2d43c5d33725d3309dc__s80000ms.wav,80000,20000,,jive
217717783acbbb8352eee2d43c5d33725d3309dc__100000ms,217717783acbbb8352eee2d43c5d33725d3309dc,JIVE Last Christmas JIVE SHARK,D:\projekty\Hudba\music-editor\src\data\segments\jive\217717783acbbb8352eee2d43c5d33725d3309dc__s100000ms.wav,100000,20000,,jive
217717783acbbb8352eee2d43c5d33725d3309dc__120000ms,217717783acbbb8352eee2d43c5d33725d3309dc,JIVE Last Christmas JIVE SHARK,D:\projekty\Hudba\music-editor\src\data\segments\jive\217717783acbbb8352eee2d43c5d33725d3309dc__s120000ms.wav,120000,19102,,jive
3b6116daa2a27aef3663d04594918549383f8325__0ms,3b6116daa2a27aef3663d04594918549383f8325,JIVE Meghan Trainor vánoční  Rocki,D:\projekty\Hudba\music-editor\src\data\segments\jive\3b6116daa2a27aef3663d04594918549383f8325__s0ms.wav,0,20000,,jive
3b6116daa2a27aef3663d04594918549383f8325__20000ms,3b6116daa2a27aef3663d04594918549383f8325,JIVE Meghan Trainor vánoční  Rocki,D:\projekty\Hudba\music-editor\src\data\segments\jive\3b6116daa2a27aef3663d04594918549383f8325__s20000ms.wav,20000,20000,,jive
3b6116daa2a27aef3663d04594918549383f8325__40000ms,3b6116daa2a27aef3663d04594918549383f8325,JIVE Meghan Trainor vánoční  Rocki,D:\projekty\Hudba\music-editor\src\data\segments\jive\3b6116daa2a27aef3663d04594918549383f8325__s40000ms.wav,40000,20000,,jive
3b6116daa2a27aef3663d04594918549383f8325__60000ms,3b6116daa2a27aef3663d04594918549383f8325,JIVE Meghan Trainor vánoční  Rocki,D:\projekty\Hudba\music-editor\src\data\segments\jive\3b6116daa2a27aef3663d04594918549383f8325__s60000ms.wav,60000,20000,,jive
3b6116daa2a27aef3663d04594918549383f8325__80000ms,3b6116daa2a27aef3663d04594918549383f8325,JIVE Meghan Trainor vánoční  Rocki,D:\projekty\Hudba\music-editor\src\data\segments\jive\3b6116daa2a27aef3663d04594918549383f8325__s80000ms.wav,80000,20000,,jive
3b6116daa2a27aef3663d04594918549383f8325__100000ms,3b6116daa2a27aef3663d04594918549383f8325,JIVE Meghan Trainor vánoční  Rocki,D:\projekty\Hudba\music-editor\src\data\segments\jive\3b6116daa2a27aef3663d04594918549383f8325__s100000ms.wav,100000,20000,,jive
3b6116daa2a27aef3663d04594918549383f8325__120000ms,3b6116daa2a27aef3663d04594918549383f8325,JIVE Meghan Trainor vánoční  Rocki,D:\projekty\Hudba\music-editor\src\data\segments\jive\3b6116daa2a27aef3663d04594918549383f8325__s120000ms.wav,120000,20000,,jive
3b6116daa2a27aef3663d04594918549383f8325__140000ms,3b6116daa2a27aef3663d04594918549383f8325,JIVE Meghan Trainor vánoční  Rocki,D:\projekty\Hudba\music-editor\src\data\segments\jive\3b6116daa2a27aef3663d04594918549383f8325__s140000ms.wav,140000,9812,,jive
8fa47a521cecfa3f025c05eae68714a4371100a3__0ms,8fa47a521cecfa3f025c05eae68714a4371100a3,JIVE Michael Bublé vánoční  Rock,D:\projekty\Hudba\music-editor\src\data\segments\jive\8fa47a521cecfa3f025c05eae68714a4371100a3__s0ms.wav,0,20000,,jive
8fa47a521cecfa3f025c05eae68714a4371100a3__20000ms,8fa47a521cecfa3f025c05eae68714a4371100a3,JIVE Michael Bublé vánoční  Rock,D:\projekty\Hudba\music-editor\src\data\segments\jive\8fa47a521cecfa3f025c05eae68714a4371100a3__s20000ms.wav,20000,20000,,jive
8fa47a521cecfa3f025c05eae68714a4371100a3__40000ms,8fa47a521cecfa3f025c05eae68714a4371100a3,JIVE Michael Bublé vánoční  Rock,D:\projekty\Hudba\music-editor\src\data\segments\jive\8fa47a521cecfa3f025c05eae68714a4371100a3__s40000ms.wav,40000,20000,,jive
8fa47a521cecfa3f025c05eae68714a4371100a3__60000ms,8fa47a521cecfa3f025c05eae68714a4371100a3,JIVE Michael Bublé vánoční  Rock,D:\projekty\Hudba\music-editor\src\data\segments\jive\8fa47a521cecfa3f025c05eae68714a4371100a3__s60000ms.wav,60000,20000,,jive
8fa47a521cecfa3f025c05eae68714a4371100a3__80000ms,8fa47a521cecfa3f025c05eae68714a4371100a3,JIVE Michael Bublé vánoční  Rock,D:\projekty\Hudba\music-editor\src\data\segments\jive\8fa47a521cecfa3f025c05eae68714a4371100a3__s80000ms.wav,80000,20000,,jive
8fa47a521cecfa3f025c05eae68714a4371100a3__100000ms,8fa47a521cecfa3f025c05eae68714a4371100a3,JIVE Michael Bublé vánoční  Rock,D:\projekty\Hudba\music-editor\src\data\segments\jive\8fa47a521cecfa3f025c05eae68714a4371100a3__s100000ms.wav,100000,20000,,jive
8fa47a521cecfa3f025c05eae68714a4371100a3__120000ms,8fa47a521cecfa3f025c05eae68714a4371100a3,JIVE Michael Bublé vánoční  Rock,D:\projekty\Hudba\music-editor\src\data\segments\jive\8fa47a521cecfa3f025c05eae68714a4371100a3__s120000ms.wav,120000,20000,,jive
8fa47a521cecfa3f025c05eae68714a4371100a3__140000ms,8fa47a521cecfa3f025c05eae68714a4371100a3,JIVE Michael Bublé vánoční  Rock,D:\projekty\Hudba\music-editor\src\data\segments\jive\8fa47a521cecfa3f025c05eae68714a4371100a3__s140000ms.wav,140000,20000,,jive
8fa47a521cecfa3f025c05eae68714a4371100a3__160000ms,8fa47a521cecfa3f025c05eae68714a4371100a3,JIVE Michael Bublé vánoční  Rock,D:\projekty\Hudba\music-editor\src\data\segments\jive\8fa47a521cecfa3f025c05eae68714a4371100a3__s160000ms.wav,160000,17424,,jive
1f714d317d6ffc55070da9332709860daf712368__0ms,1f714d317d6ffc55070da9332709860daf712368,Jive music Azucar Moreno   Tequila,D:\projekty\Hudba\music-editor\src\data\segments\jive\1f714d317d6ffc55070da9332709860daf712368__s0ms.wav,0,20000,,jive
1f714d317d6ffc55070da9332709860daf712368__20000ms,1f714d317d6ffc55070da9332709860daf712368,Jive music Azucar Moreno   Tequila,D:\projekty\Hudba\music-editor\src\data\segments\jive\1f714d317d6ffc55070da9332709860daf712368__s20000ms.wav,20000,20000,,jive
1f714d317d6ffc55070da9332709860daf712368__40000ms,1f714d317d6ffc55070da9332709860daf712368,Jive music Azucar Moreno   Tequila,D:\projekty\Hudba\music-editor\src\data\segments\jive\1f714d317d6ffc55070da9332709860daf712368__s40000ms.wav,40000,20000,,jive
1f714d317d6ffc55070da9332709860daf712368__60000ms,1f714d317d6ffc55070da9332709860daf712368,Jive music Azucar Moreno   Tequila,D:\projekty\Hudba\music-editor\src\data\segments\jive\1f714d317d6ffc55070da9332709860daf712368__s60000ms.wav,60000,20000,,jive
1f714d317d6ffc55070da9332709860daf712368__80000ms,1f714d317d6ffc55070da9332709860daf712368,Jive music Azucar Moreno   Tequila,D:\projekty\Hudba\music-editor\src\data\segments\jive\1f714d317d6ffc55070da9332709860daf712368__s80000ms.wav,80000,20000,,jive
1f714d317d6ffc55070da9332709860daf712368__100000ms,1f714d317d6ffc55070da9332709860daf712368,Jive music Azucar Moreno   Tequila,D:\projekty\Hudba\music-editor\src\data\segments\jive\1f714d317d6ffc55070da9332709860daf712368__s100000ms.wav,100000,20000,,jive
1f714d317d6ffc55070da9332709860daf712368__120000ms,1f714d317d6ffc55070da9332709860daf712368,Jive music Azucar Moreno   Tequila,D:\projekty\Hudba\music-editor\src\data\segments\jive\1f714d317d6ffc55070da9332709860daf712368__s120000ms.wav,120000,20000,,jive
1f714d317d6ffc55070da9332709860daf712368__140000ms,1f714d317d6ffc55070da9332709860daf712368,Jive music Azucar Moreno   Tequila,D:\projekty\Hudba\music-editor\src\data\segments\jive\1f714d317d6ffc55070da9332709860daf712368__s140000ms.wav,140000,20000,,jive
1f714d317d6ffc55070da9332709860daf712368__160000ms,1f714d317d6ffc55070da9332709860daf712368,Jive music Azucar Moreno   Tequila,D:\projekty\Hudba\music-editor\src\data\segments\jive\1f714d317d6ffc55070da9332709860daf712368__s160000ms.wav,160000,20000,,jive
1f714d317d6ffc55070da9332709860daf712368__180000ms,1f714d317d6ffc55070da9332709860daf712368,Jive music Azucar Moreno   Tequila,D:\projekty\Hudba\music-editor\src\data\segments\jive\1f714d317d6ffc55070da9332709860daf712368__s180000ms.wav,180000,13045,,jive
3b72b2f240e39972b7046226d52074467d4d85ab__0ms,3b72b2f240e39972b7046226d52074467d4d85ab,Jive Music Dance House – In The Mood,D:\projekty\Hudba\music-editor\src\data\segments\jive\3b72b2f240e39972b7046226d52074467d4d85ab__s0ms.wav,0,20000,,jive
3b72b2f240e39972b7046226d52074467d4d85ab__20000ms,3b72b2f240e39972b7046226d52074467d4d85ab,Jive Music Dance House – In The Mood,D:\projekty\Hudba\music-editor\src\data\segments\jive\3b72b2f240e39972b7046226d52074467d4d85ab__s20000ms.wav,20000,20000,,jive
3b72b2f240e39972b7046226d52074467d4d85ab__40000ms,3b72b2f240e39972b7046226d52074467d4d85ab,Jive Music Dance House – In The Mood,D:\projekty\Hudba\music-editor\src\data\segments\jive\3b72b2f240e39972b7046226d52074467d4d85ab__s40000ms.wav,40000,20000,,jive
3b72b2f240e39972b7046226d52074467d4d85ab__60000ms,3b72b2f240e39972b7046226d52074467d4d85ab,Jive Music Dance House – In The Mood,D:\projekty\Hudba\music-editor\src\data\segments\jive\3b72b2f240e39972b7046226d52074467d4d85ab__s60000ms.wav,60000,20000,,jive
3b72b2f240e39972b7046226d52074467d4d85ab__80000ms,3b72b2f240e39972b7046226d52074467d4d85ab,Jive Music Dance House – In The Mood,D:\projekty\Hudba\music-editor\src\data\segments\jive\3b72b2f240e39972b7046226d52074467d4d85ab__s80000ms.wav,80000,9887,,jive
e8502195f7851855acb613931dbc08594bf6e45f__0ms,e8502195f7851855acb613931dbc08594bf6e45f,Jive music Darling – Letkiss,D:\projekty\Hudba\music-editor\src\data\segments\jive\e8502195f7851855acb613931dbc08594bf6e45f__s0ms.wav,0,20000,,jive
e8502195f7851855acb613931dbc08594bf6e45f__20000ms,e8502195f7851855acb613931dbc08594bf6e45f,Jive music Darling – Letkiss,D:\projekty\Hudba\music-editor\src\data\segments\jive\e8502195f7851855acb613931dbc08594bf6e45f__s20000ms.wav,20000,20000,,jive
e8502195f7851855acb613931dbc08594bf6e45f__40000ms,e8502195f7851855acb613931dbc08594bf6e45f,Jive music Darling – Letkiss,D:\projekty\Hudba\music-editor\src\data\segments\jive\e8502195f7851855acb613931dbc08594bf6e45f__s40000ms.wav,40000,20000,,jive
e8502195f7851855acb613931dbc08594bf6e45f__60000ms,e8502195f7851855acb613931dbc08594bf6e45f,Jive music Darling – Letkiss,D:\projekty\Hudba\music-editor\src\data\segments\jive\e8502195f7851855acb613931dbc08594bf6e45f__s60000ms.wav,60000,20000,,jive
e8502195f7851855acb613931dbc08594bf6e45f__80000ms,e8502195f7851855acb613931dbc08594bf6e45f,Jive music Darling – Letkiss,D:\projekty\Hudba\music-editor\src\data\segments\jive\e8502195f7851855acb613931dbc08594bf6e45f__s80000ms.wav,80000,20000,,jive
e8502195f7851855acb613931dbc08594bf6e45f__100000ms,e8502195f7851855acb613931dbc08594bf6e45f,Jive music Darling – Letkiss,D:\projekty\Hudba\music-editor\src\data\segments\jive\e8502195f7851855acb613931dbc08594bf6e45f__s100000ms.wav,100000,20000,,jive
e8502195f7851855acb613931dbc08594bf6e45f__120000ms,e8502195f7851855acb613931dbc08594bf6e45f,Jive music Darling – Letkiss,D:\projekty\Hudba\music-editor\src\data\segments\jive\e8502195f7851855acb613931dbc08594bf6e45f__s120000ms.wav,120000,20000,,jive
e8502195f7851855acb613931dbc08594bf6e45f__140000ms,e8502195f7851855acb613931dbc08594bf6e45f,Jive music Darling – Letkiss,D:\projekty\Hudba\music-editor\src\data\segments\jive\e8502195f7851855acb613931dbc08594bf6e45f__s140000ms.wav,140000,20000,,jive
e8502195f7851855acb613931dbc08594bf6e45f__160000ms,e8502195f7851855acb613931dbc08594bf6e45f,Jive music Darling – Letkiss,D:\projekty\Hudba\music-editor\src\data\segments\jive\e8502195f7851855acb613931dbc08594bf6e45f__s160000ms.wav,160000,20000,,jive
e8502195f7851855acb613931dbc08594bf6e45f__180000ms,e8502195f7851855acb613931dbc08594bf6e45f,Jive music Darling – Letkiss,D:\projekty\Hudba\music-editor\src\data\segments\jive\e8502195f7851855acb613931dbc08594bf6e45f__s180000ms.wav,180000,12104,,jive
e21706b0bb53786ad6b8307496966a7475e89d28__0ms,e21706b0bb53786ad6b8307496966a7475e89d28,Jive music Dj Maksy Vs VA – Ma Cherie,D:\projekty\Hudba\music-editor\src\data\segments\jive\e21706b0bb53786ad6b8307496966a7475e89d28__s0ms.wav,0,20000,,jive
e21706b0bb53786ad6b8307496966a7475e89d28__20000ms,e21706b0bb53786ad6b8307496966a7475e89d28,Jive music Dj Maksy Vs VA – Ma Cherie,D:\projekty\Hudba\music-editor\src\data\segments\jive\e21706b0bb53786ad6b8307496966a7475e89d28__s20000ms.wav,20000,20000,,jive
e21706b0bb53786ad6b8307496966a7475e89d28__40000ms,e21706b0bb53786ad6b8307496966a7475e89d28,Jive music Dj Maksy Vs VA – Ma Cherie,D:\projekty\Hudba\music-editor\src\data\segments\jive\e21706b0bb53786ad6b8307496966a7475e89d28__s40000ms.wav,40000,20000,,jive
e21706b0bb53786ad6b8307496966a7475e89d28__60000ms,e21706b0bb53786ad6b8307496966a7475e89d28,Jive music Dj Maksy Vs VA – Ma Cherie,D:\projekty\Hudba\music-editor\src\data\segments\jive\e21706b0bb53786ad6b8307496966a7475e89d28__s60000ms.wav,60000,20000,,jive
e21706b0bb53786ad6b8307496966a7475e89d28__80000ms,e21706b0bb53786ad6b8307496966a7475e89d28,Jive music Dj Maksy Vs VA – Ma Cherie,D:\projekty\Hudba\music-editor\src\data\segments\jive\e21706b0bb53786ad6b8307496966a7475e89d28__s80000ms.wav,80000,20000,,jive
e21706b0bb53786ad6b8307496966a7475e89d28__100000ms,e21706b0bb53786ad6b8307496966a7475e89d28,Jive music Dj Maksy Vs VA – Ma Cherie,D:\projekty\Hudba\music-editor\src\data\segments\jive\e21706b0bb53786ad6b8307496966a7475e89d28__s100000ms.wav,100000,20000,,jive
e21706b0bb53786ad6b8307496966a7475e89d28__120000ms,e21706b0bb53786ad6b8307496966a7475e89d28,Jive music Dj Maksy Vs VA – Ma Cherie,D:\projekty\Hudba\music-editor\src\data\segments\jive\e21706b0bb53786ad6b8307496966a7475e89d28__s120000ms.wav,120000,20000,,jive
e21706b0bb53786ad6b8307496966a7475e89d28__140000ms,e21706b0bb53786ad6b8307496966a7475e89d28,Jive music Dj Maksy Vs VA – Ma Cherie,D:\projekty\Hudba\music-editor\src\data\segments\jive\e21706b0bb53786ad6b8307496966a7475e89d28__s140000ms.wav,140000,20000,,jive
ce244881cf3254027bb76d3f673d50b3d3bc4398__0ms,ce244881cf3254027bb76d3f673d50b3d3bc4398,Jive music Southern Line – Baby Come Back To Me,D:\projekty\Hudba\music-editor\src\data\segments\jive\ce244881cf3254027bb76d3f673d50b3d3bc4398__s0ms.wav,0,20000,,jive
ce244881cf3254027bb76d3f673d50b3d3bc4398__20000ms,ce244881cf3254027bb76d3f673d50b3d3bc4398,Jive music Southern Line – Baby Come Back To Me,D:\projekty\Hudba\music-editor\src\data\segments\jive\ce244881cf3254027bb76d3f673d50b3d3bc4398__s20000ms.wav,20000,20000,,jive
ce244881cf3254027bb76d3f673d50b3d3bc4398__40000ms,ce244881cf3254027bb76d3f673d50b3d3bc4398,Jive music Southern Line – Baby Come Back To Me,D:\projekty\Hudba\music-editor\src\data\segments\jive\ce244881cf3254027bb76d3f673d50b3d3bc4398__s40000ms.wav,40000,20000,,jive
ce244881cf3254027bb76d3f673d50b3d3bc4398__60000ms,ce244881cf3254027bb76d3f673d50b3d3bc4398,Jive music Southern Line – Baby Come Back To Me,D:\projekty\Hudba\music-editor\src\data\segments\jive\ce244881cf3254027bb76d3f673d50b3d3bc4398__s60000ms.wav,60000,20000,,jive
ce244881cf3254027bb76d3f673d50b3d3bc4398__80000ms,ce244881cf3254027bb76d3f673d50b3d3bc4398,Jive music Southern Line – Baby Come Back To Me,D:\projekty\Hudba\music-editor\src\data\segments\jive\ce244881cf3254027bb76d3f673d50b3d3bc4398__s80000ms.wav,80000,20000,,jive
ce244881cf3254027bb76d3f673d50b3d3bc4398__100000ms,ce244881cf3254027bb76d3f673d50b3d3bc4398,Jive music Southern Line – Baby Come Back To Me,D:\projekty\Hudba\music-editor\src\data\segments\jive\ce244881cf3254027bb76d3f673d50b3d3bc4398__s100000ms.wav,100000,20000,,jive
ce244881cf3254027bb76d3f673d50b3d3bc4398__120000ms,ce244881cf3254027bb76d3f673d50b3d3bc4398,Jive music Southern Line – Baby Come Back To Me,D:\projekty\Hudba\music-editor\src\data\segments\jive\ce244881cf3254027bb76d3f673d50b3d3bc4398__s120000ms.wav,120000,20000,,jive
ce244881cf3254027bb76d3f673d50b3d3bc4398__140000ms,ce244881cf3254027bb76d3f673d50b3d3bc4398,Jive music Southern Line – Baby Come Back To Me,D:\projekty\Hudba\music-editor\src\data\segments\jive\ce244881cf3254027bb76d3f673d50b3d3bc4398__s140000ms.wav,140000,20000,,jive
d75ff70450891efb7c6c087c174f5b1e02775e45__0ms,d75ff70450891efb7c6c087c174f5b1e02775e45,JIVE Måneskin   GOSSIP ft Tom Morello (LyricsTesto,D:\projekty\Hudba\music-editor\src\data\segments\jive\d75ff70450891efb7c6c087c174f5b1e02775e45__s0ms.wav,0,20000,,jive
d75ff70450891efb7c6c087c174f5b1e02775e45__20000ms,d75ff70450891efb7c6c087c174f5b1e02775e45,JIVE Måneskin   GOSSIP ft Tom Morello (LyricsTesto,D:\projekty\Hudba\music-editor\src\data\segments\jive\d75ff70450891efb7c6c087c174f5b1e02775e45__s20000ms.wav,20000,20000,,jive
d75ff70450891efb7c6c087c174f5b1e02775e45__40000ms,d75ff70450891efb7c6c087c174f5b1e02775e45,JIVE Måneskin   GOSSIP ft Tom Morello (LyricsTesto,D:\projekty\Hudba\music-editor\src\data\segments\jive\d75ff70450891efb7c6c087c174f5b1e02775e45__s40000ms.wav,40000,20000,,jive
d75ff70450891efb7c6c087c174f5b1e02775e45__60000ms,d75ff70450891efb7c6c087c174f5b1e02775e45,JIVE Måneskin   GOSSIP ft Tom Morello (LyricsTesto,D:\projekty\Hudba\music-editor\src\data\segments\jive\d75ff70450891efb7c6c087c174f5b1e02775e45__s60000ms.wav,60000,20000,,jive
d75ff70450891efb7c6c087c174f5b1e02775e45__80000ms,d75ff70450891efb7c6c087c174f5b1e02775e45,JIVE Måneskin   GOSSIP ft Tom Morello (LyricsTesto,D:\projekty\Hudba\music-editor\src\data\segments\jive\d75ff70450891efb7c6c087c174f5b1e02775e45__s80000ms.wav,80000,20000,,jive
d75ff70450891efb7c6c087c174f5b1e02775e45__100000ms,d75ff70450891efb7c6c087c174f5b1e02775e45,JIVE Måneskin   GOSSIP ft Tom Morello (LyricsTesto,D:\projekty\Hudba\music-editor\src\data\segments\jive\d75ff70450891efb7c6c087c174f5b1e02775e45__s100000ms.wav,100000,20000,,jive
d75ff70450891efb7c6c087c174f5b1e02775e45__120000ms,d75ff70450891efb7c6c087c174f5b1e02775e45,JIVE Måneskin   GOSSIP ft Tom Morello (LyricsTesto,D:\projekty\Hudba\music-editor\src\data\segments\jive\d75ff70450891efb7c6c087c174f5b1e02775e45__s120000ms.wav,120000,20000,,jive
bc1bf8b4747411832b75b352a64ecab68b8e82ce__0ms,bc1bf8b4747411832b75b352a64ecab68b8e82ce,JIVE Olly Murs upravená  Dance With Me Tonight (Official Video),D:\projekty\Hudba\music-editor\src\data\segments\jive\bc1bf8b4747411832b75b352a64ecab68b8e82ce__s0ms.wav,0,20000,,jive
bc1bf8b4747411832b75b352a64ecab68b8e82ce__20000ms,bc1bf8b4747411832b75b352a64ecab68b8e82ce,JIVE Olly Murs upravená  Dance With Me Tonight (Official Video),D:\projekty\Hudba\music-editor\src\data\segments\jive\bc1bf8b4747411832b75b352a64ecab68b8e82ce__s20000ms.wav,20000,20000,,jive
bc1bf8b4747411832b75b352a64ecab68b8e82ce__40000ms,bc1bf8b4747411832b75b352a64ecab68b8e82ce,JIVE Olly Murs upravená  Dance With Me Tonight (Official Video),D:\projekty\Hudba\music-editor\src\data\segments\jive\bc1bf8b4747411832b75b352a64ecab68b8e82ce__s40000ms.wav,40000,20000,,jive
bc1bf8b4747411832b75b352a64ecab68b8e82ce__60000ms,bc1bf8b4747411832b75b352a64ecab68b8e82ce,JIVE Olly Murs upravená  Dance With Me Tonight (Official Video),D:\projekty\Hudba\music-editor\src\data\segments\jive\bc1bf8b4747411832b75b352a64ecab68b8e82ce__s60000ms.wav,60000,20000,,jive
bc1bf8b4747411832b75b352a64ecab68b8e82ce__80000ms,bc1bf8b4747411832b75b352a64ecab68b8e82ce,JIVE Olly Murs upravená  Dance With Me Tonight (Official Video),D:\projekty\Hudba\music-editor\src\data\segments\jive\bc1bf8b4747411832b75b352a64ecab68b8e82ce__s80000ms.wav,80000,20000,,jive
bc1bf8b4747411832b75b352a64ecab68b8e82ce__100000ms,bc1bf8b4747411832b75b352a64ecab68b8e82ce,JIVE Olly Murs upravená  Dance With Me Tonight (Official Video),D:\projekty\Hudba\music-editor\src\data\segments\jive\bc1bf8b4747411832b75b352a64ecab68b8e82ce__s100000ms.wav,100000,20000,,jive
bc1bf8b4747411832b75b352a64ecab68b8e82ce__120000ms,bc1bf8b4747411832b75b352a64ecab68b8e82ce,JIVE Olly Murs upravená  Dance With Me Tonight (Official Video),D:\projekty\Hudba\music-editor\src\data\segments\jive\bc1bf8b4747411832b75b352a64ecab68b8e82ce__s120000ms.wav,120000,20000,,jive
bc1bf8b4747411832b75b352a64ecab68b8e82ce__140000ms,bc1bf8b4747411832b75b352a64ecab68b8e82ce,JIVE Olly Murs upravená  Dance With Me Tonight (Official Video),D:\projekty\Hudba\music-editor\src\data\segments\jive\bc1bf8b4747411832b75b352a64ecab68b8e82ce__s140000ms.wav,140000,20000,,jive
bc1bf8b4747411832b75b352a64ecab68b8e82ce__160000ms,bc1bf8b4747411832b75b352a64ecab68b8e82ce,JIVE Olly Murs upravená  Dance With Me Tonight (Official Video),D:\projekty\Hudba\music-editor\src\data\segments\jive\bc1bf8b4747411832b75b352a64ecab68b8e82ce__s160000ms.wav,160000,20000,,jive
c5a14672bd7bac8e94f3b85357f96dd444f964a0__0ms,c5a14672bd7bac8e94f3b85357f96dd444f964a0,JIVE On Ira (Jive 43BPM,D:\projekty\Hudba\music-editor\src\data\segments\jive\c5a14672bd7bac8e94f3b85357f96dd444f964a0__s0ms.wav,0,20000,,jive
c5a14672bd7bac8e94f3b85357f96dd444f964a0__20000ms,c5a14672bd7bac8e94f3b85357f96dd444f964a0,JIVE On Ira (Jive 43BPM,D:\projekty\Hudba\music-editor\src\data\segments\jive\c5a14672bd7bac8e94f3b85357f96dd444f964a0__s20000ms.wav,20000,20000,,jive
c5a14672bd7bac8e94f3b85357f96dd444f964a0__40000ms,c5a14672bd7bac8e94f3b85357f96dd444f964a0,JIVE On Ira (Jive 43BPM,D:\projekty\Hudba\music-editor\src\data\segments\jive\c5a14672bd7bac8e94f3b85357f96dd444f964a0__s40000ms.wav,40000,20000,,jive
c5a14672bd7bac8e94f3b85357f96dd444f964a0__60000ms,c5a14672bd7bac8e94f3b85357f96dd444f964a0,JIVE On Ira (Jive 43BPM,D:\projekty\Hudba\music-editor\src\data\segments\jive\c5a14672bd7bac8e94f3b85357f96dd444f964a0__s60000ms.wav,60000,20000,,jive
c5a14672bd7bac8e94f3b85357f96dd444f964a0__80000ms,c5a14672bd7bac8e94f3b85357f96dd444f964a0,JIVE On Ira (Jive 43BPM,D:\projekty\Hudba\music-editor\src\data\segments\jive\c5a14672bd7bac8e94f3b85357f96dd444f964a0__s80000ms.wav,80000,20000,,jive
c5a14672bd7bac8e94f3b85357f96dd444f964a0__100000ms,c5a14672bd7bac8e94f3b85357f96dd444f964a0,JIVE On Ira (Jive 43BPM,D:\projekty\Hudba\music-editor\src\data\segments\jive\c5a14672bd7bac8e94f3b85357f96dd444f964a0__s100000ms.wav,100000,20000,,jive
c5a14672bd7bac8e94f3b85357f96dd444f964a0__120000ms,c5a14672bd7bac8e94f3b85357f96dd444f964a0,JIVE On Ira (Jive 43BPM,D:\projekty\Hudba\music-editor\src\data\segments\jive\c5a14672bd7bac8e94f3b85357f96dd444f964a0__s120000ms.wav,120000,20000,,jive
c5a14672bd7bac8e94f3b85357f96dd444f964a0__140000ms,c5a14672bd7bac8e94f3b85357f96dd444f964a0,JIVE On Ira (Jive 43BPM,D:\projekty\Hudba\music-editor\src\data\segments\jive\c5a14672bd7bac8e94f3b85357f96dd444f964a0__s140000ms.wav,140000,13522,,jive
60baa1f1ddeb1324d2bb3fceee1103d6b0fb3156__0ms,60baa1f1ddeb1324d2bb3fceee1103d6b0fb3156,JIVE Only The Good Die Young (Jive  40 Bpm,D:\projekty\Hudba\music-editor\src\data\segments\jive\60baa1f1ddeb1324d2bb3fceee1103d6b0fb3156__s0ms.wav,0,20000,,jive
60baa1f1ddeb1324d2bb3fceee1103d6b0fb3156__20000ms,60baa1f1ddeb1324d2bb3fceee1103d6b0fb3156,JIVE Only The Good Die Young (Jive  40 Bpm,D:\projekty\Hudba\music-editor\src\data\segments\jive\60baa1f1ddeb1324d2bb3fceee1103d6b0fb3156__s20000ms.wav,20000,20000,,jive
60baa1f1ddeb1324d2bb3fceee1103d6b0fb3156__40000ms,60baa1f1ddeb1324d2bb3fceee1103d6b0fb3156,JIVE Only The Good Die Young (Jive  40 Bpm,D:\projekty\Hudba\music-editor\src\data\segments\jive\60baa1f1ddeb1324d2bb3fceee1103d6b0fb3156__s40000ms.wav,40000,20000,,jive
60baa1f1ddeb1324d2bb3fceee1103d6b0fb3156__60000ms,60baa1f1ddeb1324d2bb3fceee1103d6b0fb3156,JIVE Only The Good Die Young (Jive  40 Bpm,D:\projekty\Hudba\music-editor\src\data\segments\jive\60baa1f1ddeb1324d2bb3fceee1103d6b0fb3156__s60000ms.wav,60000,20000,,jive
60baa1f1ddeb1324d2bb3fceee1103d6b0fb3156__80000ms,60baa1f1ddeb1324d2bb3fceee1103d6b0fb3156,JIVE Only The Good Die Young (Jive  40 Bpm,D:\projekty\Hudba\music-editor\src\data\segments\jive\60baa1f1ddeb1324d2bb3fceee1103d6b0fb3156__s80000ms.wav,80000,20000,,jive
60baa1f1ddeb1324d2bb3fceee1103d6b0fb3156__100000ms,60baa1f1ddeb1324d2bb3fceee1103d6b0fb3156,JIVE Only The Good Die Young (Jive  40 Bpm,D:\projekty\Hudba\music-editor\src\data\segments\jive\60baa1f1ddeb1324d2bb3fceee1103d6b0fb3156__s100000ms.wav,100000,20000,,jive
60baa1f1ddeb1324d2bb3fceee1103d6b0fb3156__120000ms,60baa1f1ddeb1324d2bb3fceee1103d6b0fb3156,JIVE Only The Good Die Young (Jive  40 Bpm,D:\projekty\Hudba\music-editor\src\data\segments\jive\60baa1f1ddeb1324d2bb3fceee1103d6b0fb3156__s120000ms.wav,120000,20000,,jive
60baa1f1ddeb1324d2bb3fceee1103d6b0fb3156__140000ms,60baa1f1ddeb1324d2bb3fceee1103d6b0fb3156,JIVE Only The Good Die Young (Jive  40 Bpm,D:\projekty\Hudba\music-editor\src\data\segments\jive\60baa1f1ddeb1324d2bb3fceee1103d6b0fb3156__s140000ms.wav,140000,20000,,jive
60baa1f1ddeb1324d2bb3fceee1103d6b0fb3156__160000ms,60baa1f1ddeb1324d2bb3fceee1103d6b0fb3156,JIVE Only The Good Die Young (Jive  40 Bpm,D:\projekty\Hudba\music-editor\src\data\segments\jive\60baa1f1ddeb1324d2bb3fceee1103d6b0fb3156__s160000ms.wav,160000,20000,,jive
60baa1f1ddeb1324d2bb3fceee1103d6b0fb3156__180000ms,60baa1f1ddeb1324d2bb3fceee1103d6b0fb3156,JIVE Only The Good Die Young (Jive  40 Bpm,D:\projekty\Hudba\music-editor\src\data\segments\jive\60baa1f1ddeb1324d2bb3fceee1103d6b0fb3156__s180000ms.wav,180000,20000,,jive
868dba797432208d77b0228f71fe30291732211c__0ms,868dba797432208d77b0228f71fe30291732211c,JIVE R Mitchell   Mexico   Jive musi,D:\projekty\Hudba\music-editor\src\data\segments\jive\868dba797432208d77b0228f71fe30291732211c__s0ms.wav,0,20000,,jive
868dba797432208d77b0228f71fe30291732211c__20000ms,868dba797432208d77b0228f71fe30291732211c,JIVE R Mitchell   Mexico   Jive musi,D:\projekty\Hudba\music-editor\src\data\segments\jive\868dba797432208d77b0228f71fe30291732211c__s20000ms.wav,20000,20000,,jive
868dba797432208d77b0228f71fe30291732211c__40000ms,868dba797432208d77b0228f71fe30291732211c,JIVE R Mitchell   Mexico   Jive musi,D:\projekty\Hudba\music-editor\src\data\segments\jive\868dba797432208d77b0228f71fe30291732211c__s40000ms.wav,40000,20000,,jive
868dba797432208d77b0228f71fe30291732211c__60000ms,868dba797432208d77b0228f71fe30291732211c,JIVE R Mitchell   Mexico   Jive musi,D:\projekty\Hudba\music-editor\src\data\segments\jive\868dba797432208d77b0228f71fe30291732211c__s60000ms.wav,60000,20000,,jive
868dba797432208d77b0228f71fe30291732211c__80000ms,868dba797432208d77b0228f71fe30291732211c,JIVE R Mitchell   Mexico   Jive musi,D:\projekty\Hudba\music-editor\src\data\segments\jive\868dba797432208d77b0228f71fe30291732211c__s80000ms.wav,80000,18482,,jive
28edfca4f68cec042b3a78ef25aba6af03187481__0ms,28edfca4f68cec042b3a78ef25aba6af03187481,JIVE Reet Petite (Jive  42 BPM,D:\projekty\Hudba\music-editor\src\data\segments\jive\28edfca4f68cec042b3a78ef25aba6af03187481__s0ms.wav,0,20000,,jive
28edfca4f68cec042b3a78ef25aba6af03187481__20000ms,28edfca4f68cec042b3a78ef25aba6af03187481,JIVE Reet Petite (Jive  42 BPM,D:\projekty\Hudba\music-editor\src\data\segments\jive\28edfca4f68cec042b3a78ef25aba6af03187481__s20000ms.wav,20000,20000,,jive
28edfca4f68cec042b3a78ef25aba6af03187481__40000ms,28edfca4f68cec042b3a78ef25aba6af03187481,JIVE Reet Petite (Jive  42 BPM,D:\projekty\Hudba\music-editor\src\data\segments\jive\28edfca4f68cec042b3a78ef25aba6af03187481__s40000ms.wav,40000,20000,,jive
28edfca4f68cec042b3a78ef25aba6af03187481__60000ms,28edfca4f68cec042b3a78ef25aba6af03187481,JIVE Reet Petite (Jive  42 BPM,D:\projekty\Hudba\music-editor\src\data\segments\jive\28edfca4f68cec042b3a78ef25aba6af03187481__s60000ms.wav,60000,20000,,jive
28edfca4f68cec042b3a78ef25aba6af03187481__80000ms,28edfca4f68cec042b3a78ef25aba6af03187481,JIVE Reet Petite (Jive  42 BPM,D:\projekty\Hudba\music-editor\src\data\segments\jive\28edfca4f68cec042b3a78ef25aba6af03187481__s80000ms.wav,80000,20000,,jive
28edfca4f68cec042b3a78ef25aba6af03187481__100000ms,28edfca4f68cec042b3a78ef25aba6af03187481,JIVE Reet Petite (Jive  42 BPM,D:\projekty\Hudba\music-editor\src\data\segments\jive\28edfca4f68cec042b3a78ef25aba6af03187481__s100000ms.wav,100000,20000,,jive
28edfca4f68cec042b3a78ef25aba6af03187481__120000ms,28edfca4f68cec042b3a78ef25aba6af03187481,JIVE Reet Petite (Jive  42 BPM,D:\projekty\Hudba\music-editor\src\data\segments\jive\28edfca4f68cec042b3a78ef25aba6af03187481__s120000ms.wav,120000,20000,,jive
28edfca4f68cec042b3a78ef25aba6af03187481__140000ms,28edfca4f68cec042b3a78ef25aba6af03187481,JIVE Reet Petite (Jive  42 BPM,D:\projekty\Hudba\music-editor\src\data\segments\jive\28edfca4f68cec042b3a78ef25aba6af03187481__s140000ms.wav,140000,20000,,jive
5b87f4241beba6b1b8fc35c417357c6e285b8683__0ms,5b87f4241beba6b1b8fc35c417357c6e285b8683,JIVE Rocki jive,D:\projekty\Hudba\music-editor\src\data\segments\jive\5b87f4241beba6b1b8fc35c417357c6e285b8683__s0ms.wav,0,20000,,jive
5b87f4241beba6b1b8fc35c417357c6e285b8683__20000ms,5b87f4241beba6b1b8fc35c417357c6e285b8683,JIVE Rocki jive,D:\projekty\Hudba\music-editor\src\data\segments\jive\5b87f4241beba6b1b8fc35c417357c6e285b8683__s20000ms.wav,20000,20000,,jive
5b87f4241beba6b1b8fc35c417357c6e285b8683__40000ms,5b87f4241beba6b1b8fc35c417357c6e285b8683,JIVE Rocki jive,D:\projekty\Hudba\music-editor\src\data\segments\jive\5b87f4241beba6b1b8fc35c417357c6e285b8683__s40000ms.wav,40000,20000,,jive
5b87f4241beba6b1b8fc35c417357c6e285b8683__60000ms,5b87f4241beba6b1b8fc35c417357c6e285b8683,JIVE Rocki jive,D:\projekty\Hudba\music-editor\src\data\segments\jive\5b87f4241beba6b1b8fc35c417357c6e285b8683__s60000ms.wav,60000,20000,,jive
5b87f4241beba6b1b8fc35c417357c6e285b8683__80000ms,5b87f4241beba6b1b8fc35c417357c6e285b8683,JIVE Rocki jive,D:\projekty\Hudba\music-editor\src\data\segments\jive\5b87f4241beba6b1b8fc35c417357c6e285b8683__s80000ms.wav,80000,20000,,jive
5b87f4241beba6b1b8fc35c417357c6e285b8683__100000ms,5b87f4241beba6b1b8fc35c417357c6e285b8683,JIVE Rocki jive,D:\projekty\Hudba\music-editor\src\data\segments\jive\5b87f4241beba6b1b8fc35c417357c6e285b8683__s100000ms.wav,100000,20000,,jive
5d843e35f56d8ed1e0f86dcc76aa73a6f1395757__0ms,5d843e35f56d8ed1e0f86dcc76aa73a6f1395757,JIVE SDS Rock Around The Clock Swing Cats (Jive 43 BPM,D:\projekty\Hudba\music-editor\src\data\segments\jive\5d843e35f56d8ed1e0f86dcc76aa73a6f1395757__s0ms.wav,0,20000,,jive
5d843e35f56d8ed1e0f86dcc76aa73a6f1395757__20000ms,5d843e35f56d8ed1e0f86dcc76aa73a6f1395757,JIVE SDS Rock Around The Clock Swing Cats (Jive 43 BPM,D:\projekty\Hudba\music-editor\src\data\segments\jive\5d843e35f56d8ed1e0f86dcc76aa73a6f1395757__s20000ms.wav,20000,20000,,jive
5d843e35f56d8ed1e0f86dcc76aa73a6f1395757__40000ms,5d843e35f56d8ed1e0f86dcc76aa73a6f1395757,JIVE SDS Rock Around The Clock Swing Cats (Jive 43 BPM,D:\projekty\Hudba\music-editor\src\data\segments\jive\5d843e35f56d8ed1e0f86dcc76aa73a6f1395757__s40000ms.wav,40000,20000,,jive
5d843e35f56d8ed1e0f86dcc76aa73a6f1395757__60000ms,5d843e35f56d8ed1e0f86dcc76aa73a6f1395757,JIVE SDS Rock Around The Clock Swing Cats (Jive 43 BPM,D:\projekty\Hudba\music-editor\src\data\segments\jive\5d843e35f56d8ed1e0f86dcc76aa73a6f1395757__s60000ms.wav,60000,20000,,jive
5d843e35f56d8ed1e0f86dcc76aa73a6f1395757__80000ms,5d843e35f56d8ed1e0f86dcc76aa73a6f1395757,JIVE SDS Rock Around The Clock Swing Cats (Jive 43 BPM,D:\projekty\Hudba\music-editor\src\data\segments\jive\5d843e35f56d8ed1e0f86dcc76aa73a6f1395757__s80000ms.wav,80000,20000,,jive
5d843e35f56d8ed1e0f86dcc76aa73a6f1395757__100000ms,5d843e35f56d8ed1e0f86dcc76aa73a6f1395757,JIVE SDS Rock Around The Clock Swing Cats (Jive 43 BPM,D:\projekty\Hudba\music-editor\src\data\segments\jive\5d843e35f56d8ed1e0f86dcc76aa73a6f1395757__s100000ms.wav,100000,20000,,jive
a0cd0e463a50549a2cf3b723189493ea1069fe1a__0ms,a0cd0e463a50549a2cf3b723189493ea1069fe1a,JIVE Slippi,D:\projekty\Hudba\music-editor\src\data\segments\jive\a0cd0e463a50549a2cf3b723189493ea1069fe1a__s0ms.wav,0,20000,,jive
a0cd0e463a50549a2cf3b723189493ea1069fe1a__20000ms,a0cd0e463a50549a2cf3b723189493ea1069fe1a,JIVE Slippi,D:\projekty\Hudba\music-editor\src\data\segments\jive\a0cd0e463a50549a2cf3b723189493ea1069fe1a__s20000ms.wav,20000,20000,,jive
a0cd0e463a50549a2cf3b723189493ea1069fe1a__40000ms,a0cd0e463a50549a2cf3b723189493ea1069fe1a,JIVE Slippi,D:\projekty\Hudba\music-editor\src\data\segments\jive\a0cd0e463a50549a2cf3b723189493ea1069fe1a__s40000ms.wav,40000,20000,,jive
a0cd0e463a50549a2cf3b723189493ea1069fe1a__60000ms,a0cd0e463a50549a2cf3b723189493ea1069fe1a,JIVE Slippi,D:\projekty\Hudba\music-editor\src\data\segments\jive\a0cd0e463a50549a2cf3b723189493ea1069fe1a__s60000ms.wav,60000,20000,,jive
a0cd0e463a50549a2cf3b723189493ea1069fe1a__80000ms,a0cd0e463a50549a2cf3b723189493ea1069fe1a,JIVE Slippi,D:\projekty\Hudba\music-editor\src\data\segments\jive\a0cd0e463a50549a2cf3b723189493ea1069fe1a__s80000ms.wav,80000,20000,,jive
a0cd0e463a50549a2cf3b723189493ea1069fe1a__100000ms,a0cd0e463a50549a2cf3b723189493ea1069fe1a,JIVE Slippi,D:\projekty\Hudba\music-editor\src\data\segments\jive\a0cd0e463a50549a2cf3b723189493ea1069fe1a__s100000ms.wav,100000,20000,,jive
a0cd0e463a50549a2cf3b723189493ea1069fe1a__120000ms,a0cd0e463a50549a2cf3b723189493ea1069fe1a,JIVE Slippi,D:\projekty\Hudba\music-editor\src\data\segments\jive\a0cd0e463a50549a2cf3b723189493ea1069fe1a__s120000ms.wav,120000,20000,,jive
c8680c08d104627937d0741df1410e4f263cf857__0ms,c8680c08d104627937d0741df1410e4f263cf857,Jive The Dizzybells - Papa Joe´s,D:\projekty\Hudba\music-editor\src\data\segments\jive\c8680c08d104627937d0741df1410e4f263cf857__s0ms.wav,0,20000,,jive
c8680c08d104627937d0741df1410e4f263cf857__20000ms,c8680c08d104627937d0741df1410e4f263cf857,Jive The Dizzybells - Papa Joe´s,D:\projekty\Hudba\music-editor\src\data\segments\jive\c8680c08d104627937d0741df1410e4f263cf857__s20000ms.wav,20000,20000,,jive
c8680c08d104627937d0741df1410e4f263cf857__40000ms,c8680c08d104627937d0741df1410e4f263cf857,Jive The Dizzybells - Papa Joe´s,D:\projekty\Hudba\music-editor\src\data\segments\jive\c8680c08d104627937d0741df1410e4f263cf857__s40000ms.wav,40000,20000,,jive
c8680c08d104627937d0741df1410e4f263cf857__60000ms,c8680c08d104627937d0741df1410e4f263cf857,Jive The Dizzybells - Papa Joe´s,D:\projekty\Hudba\music-editor\src\data\segments\jive\c8680c08d104627937d0741df1410e4f263cf857__s60000ms.wav,60000,20000,,jive
c8680c08d104627937d0741df1410e4f263cf857__80000ms,c8680c08d104627937d0741df1410e4f263cf857,Jive The Dizzybells - Papa Joe´s,D:\projekty\Hudba\music-editor\src\data\segments\jive\c8680c08d104627937d0741df1410e4f263cf857__s80000ms.wav,80000,20000,,jive
c8680c08d104627937d0741df1410e4f263cf857__100000ms,c8680c08d104627937d0741df1410e4f263cf857,Jive The Dizzybells - Papa Joe´s,D:\projekty\Hudba\music-editor\src\data\segments\jive\c8680c08d104627937d0741df1410e4f263cf857__s100000ms.wav,100000,20000,,jive
c8680c08d104627937d0741df1410e4f263cf857__120000ms,c8680c08d104627937d0741df1410e4f263cf857,Jive The Dizzybells - Papa Joe´s,D:\projekty\Hudba\music-editor\src\data\segments\jive\c8680c08d104627937d0741df1410e4f263cf857__s120000ms.wav,120000,20000,,jive
c8680c08d104627937d0741df1410e4f263cf857__140000ms,c8680c08d104627937d0741df1410e4f263cf857,Jive The Dizzybells - Papa Joe´s,D:\projekty\Hudba\music-editor\src\data\segments\jive\c8680c08d104627937d0741df1410e4f263cf857__s140000ms.wav,140000,20000,,jive
c8680c08d104627937d0741df1410e4f263cf857__160000ms,c8680c08d104627937d0741df1410e4f263cf857,Jive The Dizzybells - Papa Joe´s,D:\projekty\Hudba\music-editor\src\data\segments\jive\c8680c08d104627937d0741df1410e4f263cf857__s160000ms.wav,160000,20000,,jive
c8680c08d104627937d0741df1410e4f263cf857__180000ms,c8680c08d104627937d0741df1410e4f263cf857,Jive The Dizzybells - Papa Joe´s,D:\projekty\Hudba\music-editor\src\data\segments\jive\c8680c08d104627937d0741df1410e4f263cf857__s180000ms.wav,180000,9205,,jive
670bd6813cd629b05024c74c142f15e642644791__0ms,670bd6813cd629b05024c74c142f15e642644791,JIVE Wake Me up Before You Go Go (Jive,D:\projekty\Hudba\music-editor\src\data\segments\jive\670bd6813cd629b05024c74c142f15e642644791__s0ms.wav,0,20000,,jive
670bd6813cd629b05024c74c142f15e642644791__20000ms,670bd6813cd629b05024c74c142f15e642644791,JIVE Wake Me up Before You Go Go (Jive,D:\projekty\Hudba\music-editor\src\data\segments\jive\670bd6813cd629b05024c74c142f15e642644791__s20000ms.wav,20000,20000,,jive
670bd6813cd629b05024c74c142f15e642644791__40000ms,670bd6813cd629b05024c74c142f15e642644791,JIVE Wake Me up Before You Go Go (Jive,D:\projekty\Hudba\music-editor\src\data\segments\jive\670bd6813cd629b05024c74c142f15e642644791__s40000ms.wav,40000,20000,,jive
670bd6813cd629b05024c74c142f15e642644791__60000ms,670bd6813cd629b05024c74c142f15e642644791,JIVE Wake Me up Before You Go Go (Jive,D:\projekty\Hudba\music-editor\src\data\segments\jive\670bd6813cd629b05024c74c142f15e642644791__s60000ms.wav,60000,20000,,jive
670bd6813cd629b05024c74c142f15e642644791__80000ms,670bd6813cd629b05024c74c142f15e642644791,JIVE Wake Me up Before You Go Go (Jive,D:\projekty\Hudba\music-editor\src\data\segments\jive\670bd6813cd629b05024c74c142f15e642644791__s80000ms.wav,80000,20000,,jive
670bd6813cd629b05024c74c142f15e642644791__100000ms,670bd6813cd629b05024c74c142f15e642644791,JIVE Wake Me up Before You Go Go (Jive,D:\projekty\Hudba\music-editor\src\data\segments\jive\670bd6813cd629b05024c74c142f15e642644791__s100000ms.wav,100000,20000,,jive
670bd6813cd629b05024c74c142f15e642644791__120000ms,670bd6813cd629b05024c74c142f15e642644791,JIVE Wake Me up Before You Go Go (Jive,D:\projekty\Hudba\music-editor\src\data\segments\jive\670bd6813cd629b05024c74c142f15e642644791__s120000ms.wav,120000,20000,,jive
670bd6813cd629b05024c74c142f15e642644791__140000ms,670bd6813cd629b05024c74c142f15e642644791,JIVE Wake Me up Before You Go Go (Jive,D:\projekty\Hudba\music-editor\src\data\segments\jive\670bd6813cd629b05024c74c142f15e642644791__s140000ms.wav,140000,20000,,jive
670bd6813cd629b05024c74c142f15e642644791__160000ms,670bd6813cd629b05024c74c142f15e642644791,JIVE Wake Me up Before You Go Go (Jive,D:\projekty\Hudba\music-editor\src\data\segments\jive\670bd6813cd629b05024c74c142f15e642644791__s160000ms.wav,160000,20000,,jive
670bd6813cd629b05024c74c142f15e642644791__180000ms,670bd6813cd629b05024c74c142f15e642644791,JIVE Wake Me up Before You Go Go (Jive,D:\projekty\Hudba\music-editor\src\data\segments\jive\670bd6813cd629b05024c74c142f15e642644791__s180000ms.wav,180000,20000,,jive
8caf4fbef2951b02d381348bdd0297082c892b57__0ms,8caf4fbef2951b02d381348bdd0297082c892b57,JIVE Waterloo (Jive,D:\projekty\Hudba\music-editor\src\data\segments\jive\8caf4fbef2951b02d381348bdd0297082c892b57__s0ms.wav,0,20000,,jive
8caf4fbef2951b02d381348bdd0297082c892b57__20000ms,8caf4fbef2951b02d381348bdd0297082c892b57,JIVE Waterloo (Jive,D:\projekty\Hudba\music-editor\src\data\segments\jive\8caf4fbef2951b02d381348bdd0297082c892b57__s20000ms.wav,20000,20000,,jive
8caf4fbef2951b02d381348bdd0297082c892b57__40000ms,8caf4fbef2951b02d381348bdd0297082c892b57,JIVE Waterloo (Jive,D:\projekty\Hudba\music-editor\src\data\segments\jive\8caf4fbef2951b02d381348bdd0297082c892b57__s40000ms.wav,40000,20000,,jive
8caf4fbef2951b02d381348bdd0297082c892b57__60000ms,8caf4fbef2951b02d381348bdd0297082c892b57,JIVE Waterloo (Jive,D:\projekty\Hudba\music-editor\src\data\segments\jive\8caf4fbef2951b02d381348bdd0297082c892b57__s60000ms.wav,60000,20000,,jive
8caf4fbef2951b02d381348bdd0297082c892b57__80000ms,8caf4fbef2951b02d381348bdd0297082c892b57,JIVE Waterloo (Jive,D:\projekty\Hudba\music-editor\src\data\segments\jive\8caf4fbef2951b02d381348bdd0297082c892b57__s80000ms.wav,80000,20000,,jive
8caf4fbef2951b02d381348bdd0297082c892b57__100000ms,8caf4fbef2951b02d381348bdd0297082c892b57,JIVE Waterloo (Jive,D:\projekty\Hudba\music-editor\src\data\segments\jive\8caf4fbef2951b02d381348bdd0297082c892b57__s100000ms.wav,100000,20000,,jive
8caf4fbef2951b02d381348bdd0297082c892b57__120000ms,8caf4fbef2951b02d381348bdd0297082c892b57,JIVE Waterloo (Jive,D:\projekty\Hudba\music-editor\src\data\segments\jive\8caf4fbef2951b02d381348bdd0297082c892b57__s120000ms.wav,120000,20000,,jive
8caf4fbef2951b02d381348bdd0297082c892b57__140000ms,8caf4fbef2951b02d381348bdd0297082c892b57,JIVE Waterloo (Jive,D:\projekty\Hudba\music-editor\src\data\segments\jive\8caf4fbef2951b02d381348bdd0297082c892b57__s140000ms.wav,140000,15011,,jive
b804c8f2b8b54b03b4c147e7b28f4c49fa2a4aef__0ms,b804c8f2b8b54b03b4c147e7b28f4c49fa2a4aef,JIVE What Christmas Means To Me (Jive  44 Bpm,D:\projekty\Hudba\music-editor\src\data\segments\jive\b804c8f2b8b54b03b4c147e7b28f4c49fa2a4aef__s0ms.wav,0,20000,,jive
b804c8f2b8b54b03b4c147e7b28f4c49fa2a4aef__20000ms,b804c8f2b8b54b03b4c147e7b28f4c49fa2a4aef,JIVE What Christmas Means To Me (Jive  44 Bpm,D:\projekty\Hudba\music-editor\src\data\segments\jive\b804c8f2b8b54b03b4c147e7b28f4c49fa2a4aef__s20000ms.wav,20000,20000,,jive
b804c8f2b8b54b03b4c147e7b28f4c49fa2a4aef__40000ms,b804c8f2b8b54b03b4c147e7b28f4c49fa2a4aef,JIVE What Christmas Means To Me (Jive  44 Bpm,D:\projekty\Hudba\music-editor\src\data\segments\jive\b804c8f2b8b54b03b4c147e7b28f4c49fa2a4aef__s40000ms.wav,40000,20000,,jive
b804c8f2b8b54b03b4c147e7b28f4c49fa2a4aef__60000ms,b804c8f2b8b54b03b4c147e7b28f4c49fa2a4aef,JIVE What Christmas Means To Me (Jive  44 Bpm,D:\projekty\Hudba\music-editor\src\data\segments\jive\b804c8f2b8b54b03b4c147e7b28f4c49fa2a4aef__s60000ms.wav,60000,20000,,jive
b804c8f2b8b54b03b4c147e7b28f4c49fa2a4aef__80000ms,b804c8f2b8b54b03b4c147e7b28f4c49fa2a4aef,JIVE What Christmas Means To Me (Jive  44 Bpm,D:\projekty\Hudba\music-editor\src\data\segments\jive\b804c8f2b8b54b03b4c147e7b28f4c49fa2a4aef__s80000ms.wav,80000,20000,,jive
b804c8f2b8b54b03b4c147e7b28f4c49fa2a4aef__100000ms,b804c8f2b8b54b03b4c147e7b28f4c49fa2a4aef,JIVE What Christmas Means To Me (Jive  44 Bpm,D:\projekty\Hudba\music-editor\src\data\segments\jive\b804c8f2b8b54b03b4c147e7b28f4c49fa2a4aef__s100000ms.wav,100000,20000,,jive
b804c8f2b8b54b03b4c147e7b28f4c49fa2a4aef__120000ms,b804c8f2b8b54b03b4c147e7b28f4c49fa2a4aef,JIVE What Christmas Means To Me (Jive  44 Bpm,D:\projekty\Hudba\music-editor\src\data\segments\jive\b804c8f2b8b54b03b4c147e7b28f4c49fa2a4aef__s120000ms.wav,120000,20000,,jive
b804c8f2b8b54b03b4c147e7b28f4c49fa2a4aef__140000ms,b804c8f2b8b54b03b4c147e7b28f4c49fa2a4aef,JIVE What Christmas Means To Me (Jive  44 Bpm,D:\projekty\Hudba\music-editor\src\data\segments\jive\b804c8f2b8b54b03b4c147e7b28f4c49fa2a4aef__s140000ms.wav,140000,18276,,jive
811e0574aac0b805815fe867436b9f17589bd18b__0ms,811e0574aac0b805815fe867436b9f17589bd18b,JIVE What I Like About You (Jive  40 Bpm,D:\projekty\Hudba\music-editor\src\data\segments\jive\811e0574aac0b805815fe867436b9f17589bd18b__s0ms.wav,0,20000,,jive
811e0574aac0b805815fe867436b9f17589bd18b__20000ms,811e0574aac0b805815fe867436b9f17589bd18b,JIVE What I Like About You (Jive  40 Bpm,D:\projekty\Hudba\music-editor\src\data\segments\jive\811e0574aac0b805815fe867436b9f17589bd18b__s20000ms.wav,20000,20000,,jive
811e0574aac0b805815fe867436b9f17589bd18b__40000ms,811e0574aac0b805815fe867436b9f17589bd18b,JIVE What I Like About You (Jive  40 Bpm,D:\projekty\Hudba\music-editor\src\data\segments\jive\811e0574aac0b805815fe867436b9f17589bd18b__s40000ms.wav,40000,20000,,jive
811e0574aac0b805815fe867436b9f17589bd18b__60000ms,811e0574aac0b805815fe867436b9f17589bd18b,JIVE What I Like About You (Jive  40 Bpm,D:\projekty\Hudba\music-editor\src\data\segments\jive\811e0574aac0b805815fe867436b9f17589bd18b__s60000ms.wav,60000,20000,,jive
811e0574aac0b805815fe867436b9f17589bd18b__80000ms,811e0574aac0b805815fe867436b9f17589bd18b,JIVE What I Like About You (Jive  40 Bpm,D:\projekty\Hudba\music-editor\src\data\segments\jive\811e0574aac0b805815fe867436b9f17589bd18b__s80000ms.wav,80000,20000,,jive
811e0574aac0b805815fe867436b9f17589bd18b__100000ms,811e0574aac0b805815fe867436b9f17589bd18b,JIVE What I Like About You (Jive  40 Bpm,D:\projekty\Hudba\music-editor\src\data\segments\jive\811e0574aac0b805815fe867436b9f17589bd18b__s100000ms.wav,100000,20000,,jive
811e0574aac0b805815fe867436b9f17589bd18b__120000ms,811e0574aac0b805815fe867436b9f17589bd18b,JIVE What I Like About You (Jive  40 Bpm,D:\projekty\Hudba\music-editor\src\data\segments\jive\811e0574aac0b805815fe867436b9f17589bd18b__s120000ms.wav,120000,20000,,jive
811e0574aac0b805815fe867436b9f17589bd18b__140000ms,811e0574aac0b805815fe867436b9f17589bd18b,JIVE What I Like About You (Jive  40 Bpm,D:\projekty\Hudba\music-editor\src\data\segments\jive\811e0574aac0b805815fe867436b9f17589bd18b__s140000ms.wav,140000,20000,,jive
811e0574aac0b805815fe867436b9f17589bd18b__160000ms,811e0574aac0b805815fe867436b9f17589bd18b,JIVE What I Like About You (Jive  40 Bpm,D:\projekty\Hudba\music-editor\src\data\segments\jive\811e0574aac0b805815fe867436b9f17589bd18b__s160000ms.wav,160000,16405,,jive
e5dd6ba12944738cd01008beec3de6246a5d6bbc__0ms,e5dd6ba12944738cd01008beec3de6246a5d6bbc,JIVE White Christmas Jiv,D:\projekty\Hudba\music-editor\src\data\segments\jive\e5dd6ba12944738cd01008beec3de6246a5d6bbc__s0ms.wav,0,20000,,jive
e5dd6ba12944738cd01008beec3de6246a5d6bbc__20000ms,e5dd6ba12944738cd01008beec3de6246a5d6bbc,JIVE White Christmas Jiv,D:\projekty\Hudba\music-editor\src\data\segments\jive\e5dd6ba12944738cd01008beec3de6246a5d6bbc__s20000ms.wav,20000,20000,,jive
e5dd6ba12944738cd01008beec3de6246a5d6bbc__40000ms,e5dd6ba12944738cd01008beec3de6246a5d6bbc,JIVE White Christmas Jiv,D:\projekty\Hudba\music-editor\src\data\segments\jive\e5dd6ba12944738cd01008beec3de6246a5d6bbc__s40000ms.wav,40000,20000,,jive
e5dd6ba12944738cd01008beec3de6246a5d6bbc__60000ms,e5dd6ba12944738cd01008beec3de6246a5d6bbc,JIVE White Christmas Jiv,D:\projekty\Hudba\music-editor\src\data\segments\jive\e5dd6ba12944738cd01008beec3de6246a5d6bbc__s60000ms.wav,60000,20000,,jive
e5dd6ba12944738cd01008beec3de6246a5d6bbc__80000ms,e5dd6ba12944738cd01008beec3de6246a5d6bbc,JIVE White Christmas Jiv,D:\projekty\Hudba\music-editor\src\data\segments\jive\e5dd6ba12944738cd01008beec3de6246a5d6bbc__s80000ms.wav,80000,20000,,jive
e5dd6ba12944738cd01008beec3de6246a5d6bbc__100000ms,e5dd6ba12944738cd01008beec3de6246a5d6bbc,JIVE White Christmas Jiv,D:\projekty\Hudba\music-editor\src\data\segments\jive\e5dd6ba12944738cd01008beec3de6246a5d6bbc__s100000ms.wav,100000,20000,,jive
e5dd6ba12944738cd01008beec3de6246a5d6bbc__120000ms,e5dd6ba12944738cd01008beec3de6246a5d6bbc,JIVE White Christmas Jiv,D:\projekty\Hudba\music-editor\src\data\segments\jive\e5dd6ba12944738cd01008beec3de6246a5d6bbc__s120000ms.wav,120000,20000,,jive
e5dd6ba12944738cd01008beec3de6246a5d6bbc__140000ms,e5dd6ba12944738cd01008beec3de6246a5d6bbc,JIVE White Christmas Jiv,D:\projekty\Hudba\music-editor\src\data\segments\jive\e5dd6ba12944738cd01008beec3de6246a5d6bbc__s140000ms.wav,140000,20000,,jive
e5dd6ba12944738cd01008beec3de6246a5d6bbc__160000ms,e5dd6ba12944738cd01008beec3de6246a5d6bbc,JIVE White Christmas Jiv,D:\projekty\Hudba\music-editor\src\data\segments\jive\e5dd6ba12944738cd01008beec3de6246a5d6bbc__s160000ms.wav,160000,13087,,jive
5787931c0b8345bec93326db125b650aafa676b8__0ms,5787931c0b8345bec93326db125b650aafa676b8,JiveMe Gustas Tu (Remix 14) (Jive  43 BPM,D:\projekty\Hudba\music-editor\src\data\segments\jive\5787931c0b8345bec93326db125b650aafa676b8__s0ms.wav,0,20000,,jive
5787931c0b8345bec93326db125b650aafa676b8__20000ms,5787931c0b8345bec93326db125b650aafa676b8,JiveMe Gustas Tu (Remix 14) (Jive  43 BPM,D:\projekty\Hudba\music-editor\src\data\segments\jive\5787931c0b8345bec93326db125b650aafa676b8__s20000ms.wav,20000,20000,,jive
5787931c0b8345bec93326db125b650aafa676b8__40000ms,5787931c0b8345bec93326db125b650aafa676b8,JiveMe Gustas Tu (Remix 14) (Jive  43 BPM,D:\projekty\Hudba\music-editor\src\data\segments\jive\5787931c0b8345bec93326db125b650aafa676b8__s40000ms.wav,40000,20000,,jive
5787931c0b8345bec93326db125b650aafa676b8__60000ms,5787931c0b8345bec93326db125b650aafa676b8,JiveMe Gustas Tu (Remix 14) (Jive  43 BPM,D:\projekty\Hudba\music-editor\src\data\segments\jive\5787931c0b8345bec93326db125b650aafa676b8__s60000ms.wav,60000,20000,,jive
5787931c0b8345bec93326db125b650aafa676b8__80000ms,5787931c0b8345bec93326db125b650aafa676b8,JiveMe Gustas Tu (Remix 14) (Jive  43 BPM,D:\projekty\Hudba\music-editor\src\data\segments\jive\5787931c0b8345bec93326db125b650aafa676b8__s80000ms.wav,80000,20000,,jive
5787931c0b8345bec93326db125b650aafa676b8__100000ms,5787931c0b8345bec93326db125b650aafa676b8,JiveMe Gustas Tu (Remix 14) (Jive  43 BPM,D:\projekty\Hudba\music-editor\src\data\segments\jive\5787931c0b8345bec93326db125b650aafa676b8__s100000ms.wav,100000,20000,,jive
5787931c0b8345bec93326db125b650aafa676b8__120000ms,5787931c0b8345bec93326db125b650aafa676b8,JiveMe Gustas Tu (Remix 14) (Jive  43 BPM,D:\projekty\Hudba\music-editor\src\data\segments\jive\5787931c0b8345bec93326db125b650aafa676b8__s120000ms.wav,120000,20000,,jive
5787931c0b8345bec93326db125b650aafa676b8__140000ms,5787931c0b8345bec93326db125b650aafa676b8,JiveMe Gustas Tu (Remix 14) (Jive  43 BPM,D:\projekty\Hudba\music-editor\src\data\segments\jive\5787931c0b8345bec93326db125b650aafa676b8__s140000ms.wav,140000,20000,,jive
5787931c0b8345bec93326db125b650aafa676b8__160000ms,5787931c0b8345bec93326db125b650aafa676b8,JiveMe Gustas Tu (Remix 14) (Jive  43 BPM,D:\projekty\Hudba\music-editor\src\data\segments\jive\5787931c0b8345bec93326db125b650aafa676b8__s160000ms.wav,160000,16718,,jive
0e3acb88548c709e69536d7b2084f2456687164f__0ms,0e3acb88548c709e69536d7b2084f2456687164f,Paso Doble   Spanish Gypsy Danc,D:\projekty\Hudba\music-editor\src\data\segments\paso doble\0e3acb88548c709e69536d7b2084f2456687164f__s0ms.wav,0,20000,,paso doble
0e3acb88548c709e69536d7b2084f2456687164f__20000ms,0e3acb88548c709e69536d7b2084f2456687164f,Paso Doble   Spanish Gypsy Danc,D:\projekty\Hudba\music-editor\src\data\segments\paso doble\0e3acb88548c709e69536d7b2084f2456687164f__s20000ms.wav,20000,20000,,paso doble
0e3acb88548c709e69536d7b2084f2456687164f__40000ms,0e3acb88548c709e69536d7b2084f2456687164f,Paso Doble   Spanish Gypsy Danc,D:\projekty\Hudba\music-editor\src\data\segments\paso doble\0e3acb88548c709e69536d7b2084f2456687164f__s40000ms.wav,40000,20000,,paso doble
0e3acb88548c709e69536d7b2084f2456687164f__60000ms,0e3acb88548c709e69536d7b2084f2456687164f,Paso Doble   Spanish Gypsy Danc,D:\projekty\Hudba\music-editor\src\data\segments\paso doble\0e3acb88548c709e69536d7b2084f2456687164f__s60000ms.wav,60000,20000,,paso doble
0e3acb88548c709e69536d7b2084f2456687164f__80000ms,0e3acb88548c709e69536d7b2084f2456687164f,Paso Doble   Spanish Gypsy Danc,D:\projekty\Hudba\music-editor\src\data\segments\paso doble\0e3acb88548c709e69536d7b2084f2456687164f__s80000ms.wav,80000,20000,,paso doble
0e3acb88548c709e69536d7b2084f2456687164f__100000ms,0e3acb88548c709e69536d7b2084f2456687164f,Paso Doble   Spanish Gypsy Danc,D:\projekty\Hudba\music-editor\src\data\segments\paso doble\0e3acb88548c709e69536d7b2084f2456687164f__s100000ms.wav,100000,20000,,paso doble
0e3acb88548c709e69536d7b2084f2456687164f__120000ms,0e3acb88548c709e69536d7b2084f2456687164f,Paso Doble   Spanish Gypsy Danc,D:\projekty\Hudba\music-editor\src\data\segments\paso doble\0e3acb88548c709e69536d7b2084f2456687164f__s120000ms.wav,120000,20000,,paso doble
0e3acb88548c709e69536d7b2084f2456687164f__140000ms,0e3acb88548c709e69536d7b2084f2456687164f,Paso Doble   Spanish Gypsy Danc,D:\projekty\Hudba\music-editor\src\data\segments\paso doble\0e3acb88548c709e69536d7b2084f2456687164f__s140000ms.wav,140000,11745,,paso doble
2b18f2f145734877c0fd58862be2f1e875e29f9b__0ms,2b18f2f145734877c0fd58862be2f1e875e29f9b,paso doble imperial-march-from-star-wars,D:\projekty\Hudba\music-editor\src\data\segments\paso doble\2b18f2f145734877c0fd58862be2f1e875e29f9b__s0ms.wav,0,20000,,paso doble
2b18f2f145734877c0fd58862be2f1e875e29f9b__20000ms,2b18f2f145734877c0fd58862be2f1e875e29f9b,paso doble imperial-march-from-star-wars,D:\projekty\Hudba\music-editor\src\data\segments\paso doble\2b18f2f145734877c0fd58862be2f1e875e29f9b__s20000ms.wav,20000,20000,,paso doble
2b18f2f145734877c0fd58862be2f1e875e29f9b__40000ms,2b18f2f145734877c0fd58862be2f1e875e29f9b,paso doble imperial-march-from-star-wars,D:\projekty\Hudba\music-editor\src\data\segments\paso doble\2b18f2f145734877c0fd58862be2f1e875e29f9b__s40000ms.wav,40000,20000,,paso doble
2b18f2f145734877c0fd58862be2f1e875e29f9b__60000ms,2b18f2f145734877c0fd58862be2f1e875e29f9b,paso doble imperial-march-from-star-wars,D:\projekty\Hudba\music-editor\src\data\segments\paso doble\2b18f2f145734877c0fd58862be2f1e875e29f9b__s60000ms.wav,60000,20000,,paso doble
2b18f2f145734877c0fd58862be2f1e875e29f9b__80000ms,2b18f2f145734877c0fd58862be2f1e875e29f9b,paso doble imperial-march-from-star-wars,D:\projekty\Hudba\music-editor\src\data\segments\paso doble\2b18f2f145734877c0fd58862be2f1e875e29f9b__s80000ms.wav,80000,20000,,paso doble
a701e9aae33525ebac30e1bed0835d63f2d411d0__0ms,a701e9aae33525ebac30e1bed0835d63f2d411d0,PASO DOBLE music upravené JP Strater – Paso Doble,D:\projekty\Hudba\music-editor\src\data\segments\paso doble\a701e9aae33525ebac30e1bed0835d63f2d411d0__s0ms.wav,0,20000,,paso doble
a701e9aae33525ebac30e1bed0835d63f2d411d0__20000ms,a701e9aae33525ebac30e1bed0835d63f2d411d0,PASO DOBLE music upravené JP Strater – Paso Doble,D:\projekty\Hudba\music-editor\src\data\segments\paso doble\a701e9aae33525ebac30e1bed0835d63f2d411d0__s20000ms.wav,20000,20000,,paso doble
a701e9aae33525ebac30e1bed0835d63f2d411d0__40000ms,a701e9aae33525ebac30e1bed0835d63f2d411d0,PASO DOBLE music upravené JP Strater – Paso Doble,D:\projekty\Hudba\music-editor\src\data\segments\paso doble\a701e9aae33525ebac30e1bed0835d63f2d411d0__s40000ms.wav,40000,20000,,paso doble
a701e9aae33525ebac30e1bed0835d63f2d411d0__60000ms,a701e9aae33525ebac30e1bed0835d63f2d411d0,PASO DOBLE music upravené JP Strater – Paso Doble,D:\projekty\Hudba\music-editor\src\data\segments\paso doble\a701e9aae33525ebac30e1bed0835d63f2d411d0__s60000ms.wav,60000,20000,,paso doble
a701e9aae33525ebac30e1bed0835d63f2d411d0__80000ms,a701e9aae33525ebac30e1bed0835d63f2d411d0,PASO DOBLE music upravené JP Strater – Paso Doble,D:\projekty\Hudba\music-editor\src\data\segments\paso doble\a701e9aae33525ebac30e1bed0835d63f2d411d0__s80000ms.wav,80000,20000,,paso doble
a701e9aae33525ebac30e1bed0835d63f2d411d0__100000ms,a701e9aae33525ebac30e1bed0835d63f2d411d0,PASO DOBLE music upravené JP Strater – Paso Doble,D:\projekty\Hudba\music-editor\src\data\segments\paso doble\a701e9aae33525ebac30e1bed0835d63f2d411d0__s100000ms.wav,100000,20000,,paso doble
a701e9aae33525ebac30e1bed0835d63f2d411d0__120000ms,a701e9aae33525ebac30e1bed0835d63f2d411d0,PASO DOBLE music upravené JP Strater – Paso Doble,D:\projekty\Hudba\music-editor\src\data\segments\paso doble\a701e9aae33525ebac30e1bed0835d63f2d411d0__s120000ms.wav,120000,9802,,paso doble
900e29dc965e913c98f8cc30b23392a6a931fe88__0ms,900e29dc965e913c98f8cc30b23392a6a931fe88,PASO DOBLE S PŘEDEHROU,D:\projekty\Hudba\music-editor\src\data\segments\paso doble\900e29dc965e913c98f8cc30b23392a6a931fe88__s0ms.wav,0,20000,,paso doble
900e29dc965e913c98f8cc30b23392a6a931fe88__20000ms,900e29dc965e913c98f8cc30b23392a6a931fe88,PASO DOBLE S PŘEDEHROU,D:\projekty\Hudba\music-editor\src\data\segments\paso doble\900e29dc965e913c98f8cc30b23392a6a931fe88__s20000ms.wav,20000,20000,,paso doble
900e29dc965e913c98f8cc30b23392a6a931fe88__40000ms,900e29dc965e913c98f8cc30b23392a6a931fe88,PASO DOBLE S PŘEDEHROU,D:\projekty\Hudba\music-editor\src\data\segments\paso doble\900e29dc965e913c98f8cc30b23392a6a931fe88__s40000ms.wav,40000,20000,,paso doble
900e29dc965e913c98f8cc30b23392a6a931fe88__60000ms,900e29dc965e913c98f8cc30b23392a6a931fe88,PASO DOBLE S PŘEDEHROU,D:\projekty\Hudba\music-editor\src\data\segments\paso doble\900e29dc965e913c98f8cc30b23392a6a931fe88__s60000ms.wav,60000,20000,,paso doble
900e29dc965e913c98f8cc30b23392a6a931fe88__80000ms,900e29dc965e913c98f8cc30b23392a6a931fe88,PASO DOBLE S PŘEDEHROU,D:\projekty\Hudba\music-editor\src\data\segments\paso doble\900e29dc965e913c98f8cc30b23392a6a931fe88__s80000ms.wav,80000,20000,,paso doble
900e29dc965e913c98f8cc30b23392a6a931fe88__100000ms,900e29dc965e913c98f8cc30b23392a6a931fe88,PASO DOBLE S PŘEDEHROU,D:\projekty\Hudba\music-editor\src\data\segments\paso doble\900e29dc965e913c98f8cc30b23392a6a931fe88__s100000ms.wav,100000,20000,,paso doble
900e29dc965e913c98f8cc30b23392a6a931fe88__120000ms,900e29dc965e913c98f8cc30b23392a6a931fe88,PASO DOBLE S PŘEDEHROU,D:\projekty\Hudba\music-editor\src\data\segments\paso doble\900e29dc965e913c98f8cc30b23392a6a931fe88__s120000ms.wav,120000,11788,,paso doble
4d84c9e5e66a3960eb65da93186f362339a395e5__0ms,4d84c9e5e66a3960eb65da93186f362339a395e5,Quickstep   Blue Suede Shoes   Elvis Presle,D:\projekty\Hudba\music-editor\src\data\segments\quickstep\4d84c9e5e66a3960eb65da93186f362339a395e5__s0ms.wav,0,20000,,quickstep
4d84c9e5e66a3960eb65da93186f362339a395e5__20000ms,4d84c9e5e66a3960eb65da93186f362339a395e5,Quickstep   Blue Suede Shoes   Elvis Presle,D:\projekty\Hudba\music-editor\src\data\segments\quickstep\4d84c9e5e66a3960eb65da93186f362339a395e5__s20000ms.wav,20000,20000,,quickstep
4d84c9e5e66a3960eb65da93186f362339a395e5__40000ms,4d84c9e5e66a3960eb65da93186f362339a395e5,Quickstep   Blue Suede Shoes   Elvis Presle,D:\projekty\Hudba\music-editor\src\data\segments\quickstep\4d84c9e5e66a3960eb65da93186f362339a395e5__s40000ms.wav,40000,20000,,quickstep
4d84c9e5e66a3960eb65da93186f362339a395e5__60000ms,4d84c9e5e66a3960eb65da93186f362339a395e5,Quickstep   Blue Suede Shoes   Elvis Presle,D:\projekty\Hudba\music-editor\src\data\segments\quickstep\4d84c9e5e66a3960eb65da93186f362339a395e5__s60000ms.wav,60000,20000,,quickstep
4d84c9e5e66a3960eb65da93186f362339a395e5__80000ms,4d84c9e5e66a3960eb65da93186f362339a395e5,Quickstep   Blue Suede Shoes   Elvis Presle,D:\projekty\Hudba\music-editor\src\data\segments\quickstep\4d84c9e5e66a3960eb65da93186f362339a395e5__s80000ms.wav,80000,20000,,quickstep
4d84c9e5e66a3960eb65da93186f362339a395e5__100000ms,4d84c9e5e66a3960eb65da93186f362339a395e5,Quickstep   Blue Suede Shoes   Elvis Presle,D:\projekty\Hudba\music-editor\src\data\segments\quickstep\4d84c9e5e66a3960eb65da93186f362339a395e5__s100000ms.wav,100000,20000,,quickstep
4d84c9e5e66a3960eb65da93186f362339a395e5__120000ms,4d84c9e5e66a3960eb65da93186f362339a395e5,Quickstep   Blue Suede Shoes   Elvis Presle,D:\projekty\Hudba\music-editor\src\data\segments\quickstep\4d84c9e5e66a3960eb65da93186f362339a395e5__s120000ms.wav,120000,20000,,quickstep
4d84c9e5e66a3960eb65da93186f362339a395e5__140000ms,4d84c9e5e66a3960eb65da93186f362339a395e5,Quickstep   Blue Suede Shoes   Elvis Presle,D:\projekty\Hudba\music-editor\src\data\segments\quickstep\4d84c9e5e66a3960eb65da93186f362339a395e5__s140000ms.wav,140000,20000,,quickstep
4d84c9e5e66a3960eb65da93186f362339a395e5__160000ms,4d84c9e5e66a3960eb65da93186f362339a395e5,Quickstep   Blue Suede Shoes   Elvis Presle,D:\projekty\Hudba\music-editor\src\data\segments\quickstep\4d84c9e5e66a3960eb65da93186f362339a395e5__s160000ms.wav,160000,19801,,quickstep
ab67bdf4cc51ce049c3d5421aa6c7e6006fe82af__0ms,ab67bdf4cc51ce049c3d5421aa6c7e6006fe82af,QUICKSTEP   Brand New Rockers   Let,D:\projekty\Hudba\music-editor\src\data\segments\quickstep\ab67bdf4cc51ce049c3d5421aa6c7e6006fe82af__s0ms.wav,0,20000,,quickstep
ab67bdf4cc51ce049c3d5421aa6c7e6006fe82af__20000ms,ab67bdf4cc51ce049c3d5421aa6c7e6006fe82af,QUICKSTEP   Brand New Rockers   Let,D:\projekty\Hudba\music-editor\src\data\segments\quickstep\ab67bdf4cc51ce049c3d5421aa6c7e6006fe82af__s20000ms.wav,20000,20000,,quickstep
ab67bdf4cc51ce049c3d5421aa6c7e6006fe82af__40000ms,ab67bdf4cc51ce049c3d5421aa6c7e6006fe82af,QUICKSTEP   Brand New Rockers   Let,D:\projekty\Hudba\music-editor\src\data\segments\quickstep\ab67bdf4cc51ce049c3d5421aa6c7e6006fe82af__s40000ms.wav,40000,20000,,quickstep
ab67bdf4cc51ce049c3d5421aa6c7e6006fe82af__60000ms,ab67bdf4cc51ce049c3d5421aa6c7e6006fe82af,QUICKSTEP   Brand New Rockers   Let,D:\projekty\Hudba\music-editor\src\data\segments\quickstep\ab67bdf4cc51ce049c3d5421aa6c7e6006fe82af__s60000ms.wav,60000,20000,,quickstep
ab67bdf4cc51ce049c3d5421aa6c7e6006fe82af__80000ms,ab67bdf4cc51ce049c3d5421aa6c7e6006fe82af,QUICKSTEP   Brand New Rockers   Let,D:\projekty\Hudba\music-editor\src\data\segments\quickstep\ab67bdf4cc51ce049c3d5421aa6c7e6006fe82af__s80000ms.wav,80000,20000,,quickstep
ab67bdf4cc51ce049c3d5421aa6c7e6006fe82af__100000ms,ab67bdf4cc51ce049c3d5421aa6c7e6006fe82af,QUICKSTEP   Brand New Rockers   Let,D:\projekty\Hudba\music-editor\src\data\segments\quickstep\ab67bdf4cc51ce049c3d5421aa6c7e6006fe82af__s100000ms.wav,100000,13998,,quickstep
bc9abbaf38d9f61c46bb7fe8d935cf58846dc230__0ms,bc9abbaf38d9f61c46bb7fe8d935cf58846dc230,Quickstep   Call The Law   OutKas,D:\projekty\Hudba\music-editor\src\data\segments\quickstep\bc9abbaf38d9f61c46bb7fe8d935cf58846dc230__s0ms.wav,0,20000,,quickstep
bc9abbaf38d9f61c46bb7fe8d935cf58846dc230__20000ms,bc9abbaf38d9f61c46bb7fe8d935cf58846dc230,Quickstep   Call The Law   OutKas,D:\projekty\Hudba\music-editor\src\data\segments\quickstep\bc9abbaf38d9f61c46bb7fe8d935cf58846dc230__s20000ms.wav,20000,20000,,quickstep
bc9abbaf38d9f61c46bb7fe8d935cf58846dc230__40000ms,bc9abbaf38d9f61c46bb7fe8d935cf58846dc230,Quickstep   Call The Law   OutKas,D:\projekty\Hudba\music-editor\src\data\segments\quickstep\bc9abbaf38d9f61c46bb7fe8d935cf58846dc230__s40000ms.wav,40000,20000,,quickstep
bc9abbaf38d9f61c46bb7fe8d935cf58846dc230__60000ms,bc9abbaf38d9f61c46bb7fe8d935cf58846dc230,Quickstep   Call The Law   OutKas,D:\projekty\Hudba\music-editor\src\data\segments\quickstep\bc9abbaf38d9f61c46bb7fe8d935cf58846dc230__s60000ms.wav,60000,20000,,quickstep
bc9abbaf38d9f61c46bb7fe8d935cf58846dc230__80000ms,bc9abbaf38d9f61c46bb7fe8d935cf58846dc230,Quickstep   Call The Law   OutKas,D:\projekty\Hudba\music-editor\src\data\segments\quickstep\bc9abbaf38d9f61c46bb7fe8d935cf58846dc230__s80000ms.wav,80000,20000,,quickstep
bc9abbaf38d9f61c46bb7fe8d935cf58846dc230__100000ms,bc9abbaf38d9f61c46bb7fe8d935cf58846dc230,Quickstep   Call The Law   OutKas,D:\projekty\Hudba\music-editor\src\data\segments\quickstep\bc9abbaf38d9f61c46bb7fe8d935cf58846dc230__s100000ms.wav,100000,20000,,quickstep
bc9abbaf38d9f61c46bb7fe8d935cf58846dc230__120000ms,bc9abbaf38d9f61c46bb7fe8d935cf58846dc230,Quickstep   Call The Law   OutKas,D:\projekty\Hudba\music-editor\src\data\segments\quickstep\bc9abbaf38d9f61c46bb7fe8d935cf58846dc230__s120000ms.wav,120000,20000,,quickstep
bc9abbaf38d9f61c46bb7fe8d935cf58846dc230__140000ms,bc9abbaf38d9f61c46bb7fe8d935cf58846dc230,Quickstep   Call The Law   OutKas,D:\projekty\Hudba\music-editor\src\data\segments\quickstep\bc9abbaf38d9f61c46bb7fe8d935cf58846dc230__s140000ms.wav,140000,20000,,quickstep
bc9abbaf38d9f61c46bb7fe8d935cf58846dc230__160000ms,bc9abbaf38d9f61c46bb7fe8d935cf58846dc230,Quickstep   Call The Law   OutKas,D:\projekty\Hudba\music-editor\src\data\segments\quickstep\bc9abbaf38d9f61c46bb7fe8d935cf58846dc230__s160000ms.wav,160000,20000,,quickstep
bc9abbaf38d9f61c46bb7fe8d935cf58846dc230__180000ms,bc9abbaf38d9f61c46bb7fe8d935cf58846dc230,Quickstep   Call The Law   OutKas,D:\projekty\Hudba\music-editor\src\data\segments\quickstep\bc9abbaf38d9f61c46bb7fe8d935cf58846dc230__s180000ms.wav,180000,20000,,quickstep
bc9abbaf38d9f61c46bb7fe8d935cf58846dc230__200000ms,bc9abbaf38d9f61c46bb7fe8d935cf58846dc230,Quickstep   Call The Law   OutKas,D:\projekty\Hudba\music-editor\src\data\segments\quickstep\bc9abbaf38d9f61c46bb7fe8d935cf58846dc230__s200000ms.wav,200000,20000,,quickstep
bc9abbaf38d9f61c46bb7fe8d935cf58846dc230__220000ms,bc9abbaf38d9f61c46bb7fe8d935cf58846dc230,Quickstep   Call The Law   OutKas,D:\projekty\Hudba\music-editor\src\data\segments\quickstep\bc9abbaf38d9f61c46bb7fe8d935cf58846dc230__s220000ms.wav,220000,20000,,quickstep
bc9abbaf38d9f61c46bb7fe8d935cf58846dc230__240000ms,bc9abbaf38d9f61c46bb7fe8d935cf58846dc230,Quickstep   Call The Law   OutKas,D:\projekty\Hudba\music-editor\src\data\segments\quickstep\bc9abbaf38d9f61c46bb7fe8d935cf58846dc230__s240000ms.wav,240000,20000,,quickstep
bc9abbaf38d9f61c46bb7fe8d935cf58846dc230__260000ms,bc9abbaf38d9f61c46bb7fe8d935cf58846dc230,Quickstep   Call The Law   OutKas,D:\projekty\Hudba\music-editor\src\data\segments\quickstep\bc9abbaf38d9f61c46bb7fe8d935cf58846dc230__s260000ms.wav,260000,20000,,quickstep
bc9abbaf38d9f61c46bb7fe8d935cf58846dc230__280000ms,bc9abbaf38d9f61c46bb7fe8d935cf58846dc230,Quickstep   Call The Law   OutKas,D:\projekty\Hudba\music-editor\src\data\segments\quickstep\bc9abbaf38d9f61c46bb7fe8d935cf58846dc230__s280000ms.wav,280000,11344,,quickstep
452e9c33111790e303ae2a334cfbbef2abf42acc__0ms,452e9c33111790e303ae2a334cfbbef2abf42acc,Quickstep   Cry Baby   Lady Linn And Her Magnificent Seve,D:\projekty\Hudba\music-editor\src\data\segments\quickstep\452e9c33111790e303ae2a334cfbbef2abf42acc__s0ms.wav,0,20000,,quickstep
452e9c33111790e303ae2a334cfbbef2abf42acc__20000ms,452e9c33111790e303ae2a334cfbbef2abf42acc,Quickstep   Cry Baby   Lady Linn And Her Magnificent Seve,D:\projekty\Hudba\music-editor\src\data\segments\quickstep\452e9c33111790e303ae2a334cfbbef2abf42acc__s20000ms.wav,20000,20000,,quickstep
452e9c33111790e303ae2a334cfbbef2abf42acc__40000ms,452e9c33111790e303ae2a334cfbbef2abf42acc,Quickstep   Cry Baby   Lady Linn And Her Magnificent Seve,D:\projekty\Hudba\music-editor\src\data\segments\quickstep\452e9c33111790e303ae2a334cfbbef2abf42acc__s40000ms.wav,40000,20000,,quickstep
452e9c33111790e303ae2a334cfbbef2abf42acc__60000ms,452e9c33111790e303ae2a334cfbbef2abf42acc,Quickstep   Cry Baby   Lady Linn And Her Magnificent Seve,D:\projekty\Hudba\music-editor\src\data\segments\quickstep\452e9c33111790e303ae2a334cfbbef2abf42acc__s60000ms.wav,60000,20000,,quickstep
452e9c33111790e303ae2a334cfbbef2abf42acc__80000ms,452e9c33111790e303ae2a334cfbbef2abf42acc,Quickstep   Cry Baby   Lady Linn And Her Magnificent Seve,D:\projekty\Hudba\music-editor\src\data\segments\quickstep\452e9c33111790e303ae2a334cfbbef2abf42acc__s80000ms.wav,80000,20000,,quickstep
452e9c33111790e303ae2a334cfbbef2abf42acc__100000ms,452e9c33111790e303ae2a334cfbbef2abf42acc,Quickstep   Cry Baby   Lady Linn And Her Magnificent Seve,D:\projekty\Hudba\music-editor\src\data\segments\quickstep\452e9c33111790e303ae2a334cfbbef2abf42acc__s100000ms.wav,100000,20000,,quickstep
452e9c33111790e303ae2a334cfbbef2abf42acc__120000ms,452e9c33111790e303ae2a334cfbbef2abf42acc,Quickstep   Cry Baby   Lady Linn And Her Magnificent Seve,D:\projekty\Hudba\music-editor\src\data\segments\quickstep\452e9c33111790e303ae2a334cfbbef2abf42acc__s120000ms.wav,120000,20000,,quickstep
452e9c33111790e303ae2a334cfbbef2abf42acc__140000ms,452e9c33111790e303ae2a334cfbbef2abf42acc,Quickstep   Cry Baby   Lady Linn And Her Magnificent Seve,D:\projekty\Hudba\music-editor\src\data\segments\quickstep\452e9c33111790e303ae2a334cfbbef2abf42acc__s140000ms.wav,140000,20000,,quickstep
452e9c33111790e303ae2a334cfbbef2abf42acc__160000ms,452e9c33111790e303ae2a334cfbbef2abf42acc,Quickstep   Cry Baby   Lady Linn And Her Magnificent Seve,D:\projekty\Hudba\music-editor\src\data\segments\quickstep\452e9c33111790e303ae2a334cfbbef2abf42acc__s160000ms.wav,160000,20000,,quickstep
452e9c33111790e303ae2a334cfbbef2abf42acc__180000ms,452e9c33111790e303ae2a334cfbbef2abf42acc,Quickstep   Cry Baby   Lady Linn And Her Magnificent Seve,D:\projekty\Hudba\music-editor\src\data\segments\quickstep\452e9c33111790e303ae2a334cfbbef2abf42acc__s180000ms.wav,180000,20000,,quickstep
6532c14482158cc1c24454b49b27211c495e3f41__0ms,6532c14482158cc1c24454b49b27211c495e3f41,Quickstep   Danci,D:\projekty\Hudba\music-editor\src\data\segments\quickstep\6532c14482158cc1c24454b49b27211c495e3f41__s0ms.wav,0,20000,,quickstep
6532c14482158cc1c24454b49b27211c495e3f41__20000ms,6532c14482158cc1c24454b49b27211c495e3f41,Quickstep   Danci,D:\projekty\Hudba\music-editor\src\data\segments\quickstep\6532c14482158cc1c24454b49b27211c495e3f41__s20000ms.wav,20000,20000,,quickstep
6532c14482158cc1c24454b49b27211c495e3f41__40000ms,6532c14482158cc1c24454b49b27211c495e3f41,Quickstep   Danci,D:\projekty\Hudba\music-editor\src\data\segments\quickstep\6532c14482158cc1c24454b49b27211c495e3f41__s40000ms.wav,40000,20000,,quickstep
6532c14482158cc1c24454b49b27211c495e3f41__60000ms,6532c14482158cc1c24454b49b27211c495e3f41,Quickstep   Danci,D:\projekty\Hudba\music-editor\src\data\segments\quickstep\6532c14482158cc1c24454b49b27211c495e3f41__s60000ms.wav,60000,20000,,quickstep
6532c14482158cc1c24454b49b27211c495e3f41__80000ms,6532c14482158cc1c24454b49b27211c495e3f41,Quickstep   Danci,D:\projekty\Hudba\music-editor\src\data\segments\quickstep\6532c14482158cc1c24454b49b27211c495e3f41__s80000ms.wav,80000,20000,,quickstep
6532c14482158cc1c24454b49b27211c495e3f41__100000ms,6532c14482158cc1c24454b49b27211c495e3f41,Quickstep   Danci,D:\projekty\Hudba\music-editor\src\data\segments\quickstep\6532c14482158cc1c24454b49b27211c495e3f41__s100000ms.wav,100000,20000,,quickstep
6532c14482158cc1c24454b49b27211c495e3f41__120000ms,6532c14482158cc1c24454b49b27211c495e3f41,Quickstep   Danci,D:\projekty\Hudba\music-editor\src\data\segments\quickstep\6532c14482158cc1c24454b49b27211c495e3f41__s120000ms.wav,120000,20000,,quickstep
6532c14482158cc1c24454b49b27211c495e3f41__140000ms,6532c14482158cc1c24454b49b27211c495e3f41,Quickstep   Danci,D:\projekty\Hudba\music-editor\src\data\segments\quickstep\6532c14482158cc1c24454b49b27211c495e3f41__s140000ms.wav,140000,18433,,quickstep
084fb98518d2b1e616f872c777494479a41ace4f__0ms,084fb98518d2b1e616f872c777494479a41ace4f,QUICKSTEP   Dj Ice   Another Day Of Sun (La La Land OST Cover,D:\projekty\Hudba\music-editor\src\data\segments\quickstep\084fb98518d2b1e616f872c777494479a41ace4f__s0ms.wav,0,20000,,quickstep
084fb98518d2b1e616f872c777494479a41ace4f__20000ms,084fb98518d2b1e616f872c777494479a41ace4f,QUICKSTEP   Dj Ice   Another Day Of Sun (La La Land OST Cover,D:\projekty\Hudba\music-editor\src\data\segments\quickstep\084fb98518d2b1e616f872c777494479a41ace4f__s20000ms.wav,20000,20000,,quickstep
084fb98518d2b1e616f872c777494479a41ace4f__40000ms,084fb98518d2b1e616f872c777494479a41ace4f,QUICKSTEP   Dj Ice   Another Day Of Sun (La La Land OST Cover,D:\projekty\Hudba\music-editor\src\data\segments\quickstep\084fb98518d2b1e616f872c777494479a41ace4f__s40000ms.wav,40000,20000,,quickstep
084fb98518d2b1e616f872c777494479a41ace4f__60000ms,084fb98518d2b1e616f872c777494479a41ace4f,QUICKSTEP   Dj Ice   Another Day Of Sun (La La Land OST Cover,D:\projekty\Hudba\music-editor\src\data\segments\quickstep\084fb98518d2b1e616f872c777494479a41ace4f__s60000ms.wav,60000,20000,,quickstep
084fb98518d2b1e616f872c777494479a41ace4f__80000ms,084fb98518d2b1e616f872c777494479a41ace4f,QUICKSTEP   Dj Ice   Another Day Of Sun (La La Land OST Cover,D:\projekty\Hudba\music-editor\src\data\segments\quickstep\084fb98518d2b1e616f872c777494479a41ace4f__s80000ms.wav,80000,20000,,quickstep
c80f2cf8e5e9481b81bf9f317f1b60d62c3fc962__0ms,c80f2cf8e5e9481b81bf9f317f1b60d62c3fc962,QUICKSTEP   Hangover   Vintage Vegas (50 BPM) Hantos Djay rmx[1],D:\projekty\Hudba\music-editor\src\data\segments\quickstep\c80f2cf8e5e9481b81bf9f317f1b60d62c3fc962__s0ms.wav,0,20000,,quickstep
c80f2cf8e5e9481b81bf9f317f1b60d62c3fc962__20000ms,c80f2cf8e5e9481b81bf9f317f1b60d62c3fc962,QUICKSTEP   Hangover   Vintage Vegas (50 BPM) Hantos Djay rmx[1],D:\projekty\Hudba\music-editor\src\data\segments\quickstep\c80f2cf8e5e9481b81bf9f317f1b60d62c3fc962__s20000ms.wav,20000,20000,,quickstep
c80f2cf8e5e9481b81bf9f317f1b60d62c3fc962__40000ms,c80f2cf8e5e9481b81bf9f317f1b60d62c3fc962,QUICKSTEP   Hangover   Vintage Vegas (50 BPM) Hantos Djay rmx[1],D:\projekty\Hudba\music-editor\src\data\segments\quickstep\c80f2cf8e5e9481b81bf9f317f1b60d62c3fc962__s40000ms.wav,40000,20000,,quickstep
c80f2cf8e5e9481b81bf9f317f1b60d62c3fc962__60000ms,c80f2cf8e5e9481b81bf9f317f1b60d62c3fc962,QUICKSTEP   Hangover   Vintage Vegas (50 BPM) Hantos Djay rmx[1],D:\projekty\Hudba\music-editor\src\data\segments\quickstep\c80f2cf8e5e9481b81bf9f317f1b60d62c3fc962__s60000ms.wav,60000,20000,,quickstep
c80f2cf8e5e9481b81bf9f317f1b60d62c3fc962__80000ms,c80f2cf8e5e9481b81bf9f317f1b60d62c3fc962,QUICKSTEP   Hangover   Vintage Vegas (50 BPM) Hantos Djay rmx[1],D:\projekty\Hudba\music-editor\src\data\segments\quickstep\c80f2cf8e5e9481b81bf9f317f1b60d62c3fc962__s80000ms.wav,80000,20000,,quickstep
c80f2cf8e5e9481b81bf9f317f1b60d62c3fc962__100000ms,c80f2cf8e5e9481b81bf9f317f1b60d62c3fc962,QUICKSTEP   Hangover   Vintage Vegas (50 BPM) Hantos Djay rmx[1],D:\projekty\Hudba\music-editor\src\data\segments\quickstep\c80f2cf8e5e9481b81bf9f317f1b60d62c3fc962__s100000ms.wav,100000,8957,,quickstep
a4b81be6104afc7a79449dc58ab5856793707033__0ms,a4b81be6104afc7a79449dc58ab5856793707033,Quickstep   Sleigh Rid vánoční,D:\projekty\Hudba\music-editor\src\data\segments\quickstep\a4b81be6104afc7a79449dc58ab5856793707033__s0ms.wav,0,20000,,quickstep
a4b81be6104afc7a79449dc58ab5856793707033__20000ms,a4b81be6104afc7a79449dc58ab5856793707033,Quickstep   Sleigh Rid vánoční,D:\projekty\Hudba\music-editor\src\data\segments\quickstep\a4b81be6104afc7a79449dc58ab5856793707033__s20000ms.wav,20000,20000,,quickstep
a4b81be6104afc7a79449dc58ab5856793707033__40000ms,a4b81be6104afc7a79449dc58ab5856793707033,Quickstep   Sleigh Rid vánoční,D:\projekty\Hudba\music-editor\src\data\segments\quickstep\a4b81be6104afc7a79449dc58ab5856793707033__s40000ms.wav,40000,20000,,quickstep
a4b81be6104afc7a79449dc58ab5856793707033__60000ms,a4b81be6104afc7a79449dc58ab5856793707033,Quickstep   Sleigh Rid vánoční,D:\projekty\Hudba\music-editor\src\data\segments\quickstep\a4b81be6104afc7a79449dc58ab5856793707033__s60000ms.wav,60000,20000,,quickstep
a4b81be6104afc7a79449dc58ab5856793707033__80000ms,a4b81be6104afc7a79449dc58ab5856793707033,Quickstep   Sleigh Rid vánoční,D:\projekty\Hudba\music-editor\src\data\segments\quickstep\a4b81be6104afc7a79449dc58ab5856793707033__s80000ms.wav,80000,20000,,quickstep
a4b81be6104afc7a79449dc58ab5856793707033__100000ms,a4b81be6104afc7a79449dc58ab5856793707033,Quickstep   Sleigh Rid vánoční,D:\projekty\Hudba\music-editor\src\data\segments\quickstep\a4b81be6104afc7a79449dc58ab5856793707033__s100000ms.wav,100000,20000,,quickstep
a4b81be6104afc7a79449dc58ab5856793707033__120000ms,a4b81be6104afc7a79449dc58ab5856793707033,Quickstep   Sleigh Rid vánoční,D:\projekty\Hudba\music-editor\src\data\segments\quickstep\a4b81be6104afc7a79449dc58ab5856793707033__s120000ms.wav,120000,20000,,quickstep
a4b81be6104afc7a79449dc58ab5856793707033__140000ms,a4b81be6104afc7a79449dc58ab5856793707033,Quickstep   Sleigh Rid vánoční,D:\projekty\Hudba\music-editor\src\data\segments\quickstep\a4b81be6104afc7a79449dc58ab5856793707033__s140000ms.wav,140000,20000,,quickstep
a4b81be6104afc7a79449dc58ab5856793707033__160000ms,a4b81be6104afc7a79449dc58ab5856793707033,Quickstep   Sleigh Rid vánoční,D:\projekty\Hudba\music-editor\src\data\segments\quickstep\a4b81be6104afc7a79449dc58ab5856793707033__s160000ms.wav,160000,20000,,quickstep
a4b81be6104afc7a79449dc58ab5856793707033__180000ms,a4b81be6104afc7a79449dc58ab5856793707033,Quickstep   Sleigh Rid vánoční,D:\projekty\Hudba\music-editor\src\data\segments\quickstep\a4b81be6104afc7a79449dc58ab5856793707033__s180000ms.wav,180000,20000,,quickstep
7808f071a1dfa040df863a595b261b4b59938af4__0ms,7808f071a1dfa040df863a595b261b4b59938af4,QUICKSTEP  Come To Me,D:\projekty\Hudba\music-editor\src\data\segments\quickstep\7808f071a1dfa040df863a595b261b4b59938af4__s0ms.wav,0,20000,,quickstep
7808f071a1dfa040df863a595b261b4b59938af4__20000ms,7808f071a1dfa040df863a595b261b4b59938af4,QUICKSTEP  Come To Me,D:\projekty\Hudba\music-editor\src\data\segments\quickstep\7808f071a1dfa040df863a595b261b4b59938af4__s20000ms.wav,20000,20000,,quickstep
7808f071a1dfa040df863a595b261b4b59938af4__40000ms,7808f071a1dfa040df863a595b261b4b59938af4,QUICKSTEP  Come To Me,D:\projekty\Hudba\music-editor\src\data\segments\quickstep\7808f071a1dfa040df863a595b261b4b59938af4__s40000ms.wav,40000,20000,,quickstep
7808f071a1dfa040df863a595b261b4b59938af4__60000ms,7808f071a1dfa040df863a595b261b4b59938af4,QUICKSTEP  Come To Me,D:\projekty\Hudba\music-editor\src\data\segments\quickstep\7808f071a1dfa040df863a595b261b4b59938af4__s60000ms.wav,60000,20000,,quickstep
7808f071a1dfa040df863a595b261b4b59938af4__80000ms,7808f071a1dfa040df863a595b261b4b59938af4,QUICKSTEP  Come To Me,D:\projekty\Hudba\music-editor\src\data\segments\quickstep\7808f071a1dfa040df863a595b261b4b59938af4__s80000ms.wav,80000,20000,,quickstep
7808f071a1dfa040df863a595b261b4b59938af4__100000ms,7808f071a1dfa040df863a595b261b4b59938af4,QUICKSTEP  Come To Me,D:\projekty\Hudba\music-editor\src\data\segments\quickstep\7808f071a1dfa040df863a595b261b4b59938af4__s100000ms.wav,100000,20000,,quickstep
7808f071a1dfa040df863a595b261b4b59938af4__120000ms,7808f071a1dfa040df863a595b261b4b59938af4,QUICKSTEP  Come To Me,D:\projekty\Hudba\music-editor\src\data\segments\quickstep\7808f071a1dfa040df863a595b261b4b59938af4__s120000ms.wav,120000,20000,,quickstep
7808f071a1dfa040df863a595b261b4b59938af4__140000ms,7808f071a1dfa040df863a595b261b4b59938af4,QUICKSTEP  Come To Me,D:\projekty\Hudba\music-editor\src\data\segments\quickstep\7808f071a1dfa040df863a595b261b4b59938af4__s140000ms.wav,140000,9002,,quickstep
e8ec0400759937f14a92b5d460b1b7caaa77232e__0ms,e8ec0400759937f14a92b5d460b1b7caaa77232e,QUICKSTEP  Satisfaction,D:\projekty\Hudba\music-editor\src\data\segments\quickstep\e8ec0400759937f14a92b5d460b1b7caaa77232e__s0ms.wav,0,20000,,quickstep
e8ec0400759937f14a92b5d460b1b7caaa77232e__20000ms,e8ec0400759937f14a92b5d460b1b7caaa77232e,QUICKSTEP  Satisfaction,D:\projekty\Hudba\music-editor\src\data\segments\quickstep\e8ec0400759937f14a92b5d460b1b7caaa77232e__s20000ms.wav,20000,20000,,quickstep
e8ec0400759937f14a92b5d460b1b7caaa77232e__40000ms,e8ec0400759937f14a92b5d460b1b7caaa77232e,QUICKSTEP  Satisfaction,D:\projekty\Hudba\music-editor\src\data\segments\quickstep\e8ec0400759937f14a92b5d460b1b7caaa77232e__s40000ms.wav,40000,20000,,quickstep
e8ec0400759937f14a92b5d460b1b7caaa77232e__60000ms,e8ec0400759937f14a92b5d460b1b7caaa77232e,QUICKSTEP  Satisfaction,D:\projekty\Hudba\music-editor\src\data\segments\quickstep\e8ec0400759937f14a92b5d460b1b7caaa77232e__s60000ms.wav,60000,20000,,quickstep
e8ec0400759937f14a92b5d460b1b7caaa77232e__80000ms,e8ec0400759937f14a92b5d460b1b7caaa77232e,QUICKSTEP  Satisfaction,D:\projekty\Hudba\music-editor\src\data\segments\quickstep\e8ec0400759937f14a92b5d460b1b7caaa77232e__s80000ms.wav,80000,20000,,quickstep
e8ec0400759937f14a92b5d460b1b7caaa77232e__100000ms,e8ec0400759937f14a92b5d460b1b7caaa77232e,QUICKSTEP  Satisfaction,D:\projekty\Hudba\music-editor\src\data\segments\quickstep\e8ec0400759937f14a92b5d460b1b7caaa77232e__s100000ms.wav,100000,20000,,quickstep
e8ec0400759937f14a92b5d460b1b7caaa77232e__120000ms,e8ec0400759937f14a92b5d460b1b7caaa77232e,QUICKSTEP  Satisfaction,D:\projekty\Hudba\music-editor\src\data\segments\quickstep\e8ec0400759937f14a92b5d460b1b7caaa77232e__s120000ms.wav,120000,20000,,quickstep
1a937d99bc7905b8752b7bb14523b9eb80e6cfe7__0ms,1a937d99bc7905b8752b7bb14523b9eb80e6cfe7,QUICKSTEP Alley - Prairie Cats,D:\projekty\Hudba\music-editor\src\data\segments\quickstep\1a937d99bc7905b8752b7bb14523b9eb80e6cfe7__s0ms.wav,0,20000,,quickstep
1a937d99bc7905b8752b7bb14523b9eb80e6cfe7__20000ms,1a937d99bc7905b8752b7bb14523b9eb80e6cfe7,QUICKSTEP Alley - Prairie Cats,D:\projekty\Hudba\music-editor\src\data\segments\quickstep\1a937d99bc7905b8752b7bb14523b9eb80e6cfe7__s20000ms.wav,20000,20000,,quickstep
1a937d99bc7905b8752b7bb14523b9eb80e6cfe7__40000ms,1a937d99bc7905b8752b7bb14523b9eb80e6cfe7,QUICKSTEP Alley - Prairie Cats,D:\projekty\Hudba\music-editor\src\data\segments\quickstep\1a937d99bc7905b8752b7bb14523b9eb80e6cfe7__s40000ms.wav,40000,20000,,quickstep
1a937d99bc7905b8752b7bb14523b9eb80e6cfe7__60000ms,1a937d99bc7905b8752b7bb14523b9eb80e6cfe7,QUICKSTEP Alley - Prairie Cats,D:\projekty\Hudba\music-editor\src\data\segments\quickstep\1a937d99bc7905b8752b7bb14523b9eb80e6cfe7__s60000ms.wav,60000,20000,,quickstep
1a937d99bc7905b8752b7bb14523b9eb80e6cfe7__80000ms,1a937d99bc7905b8752b7bb14523b9eb80e6cfe7,QUICKSTEP Alley - Prairie Cats,D:\projekty\Hudba\music-editor\src\data\segments\quickstep\1a937d99bc7905b8752b7bb14523b9eb80e6cfe7__s80000ms.wav,80000,20000,,quickstep
1a937d99bc7905b8752b7bb14523b9eb80e6cfe7__100000ms,1a937d99bc7905b8752b7bb14523b9eb80e6cfe7,QUICKSTEP Alley - Prairie Cats,D:\projekty\Hudba\music-editor\src\data\segments\quickstep\1a937d99bc7905b8752b7bb14523b9eb80e6cfe7__s100000ms.wav,100000,20000,,quickstep
1a937d99bc7905b8752b7bb14523b9eb80e6cfe7__120000ms,1a937d99bc7905b8752b7bb14523b9eb80e6cfe7,QUICKSTEP Alley - Prairie Cats,D:\projekty\Hudba\music-editor\src\data\segments\quickstep\1a937d99bc7905b8752b7bb14523b9eb80e6cfe7__s120000ms.wav,120000,18292,,quickstep
2b077443c0eb908155ac48d67ace2be67402b2bb__0ms,2b077443c0eb908155ac48d67ace2be67402b2bb,QUICKSTEP Around The World - Miss Kookie,D:\projekty\Hudba\music-editor\src\data\segments\quickstep\2b077443c0eb908155ac48d67ace2be67402b2bb__s0ms.wav,0,20000,,quickstep
2b077443c0eb908155ac48d67ace2be67402b2bb__20000ms,2b077443c0eb908155ac48d67ace2be67402b2bb,QUICKSTEP Around The World - Miss Kookie,D:\projekty\Hudba\music-editor\src\data\segments\quickstep\2b077443c0eb908155ac48d67ace2be67402b2bb__s20000ms.wav,20000,20000,,quickstep
2b077443c0eb908155ac48d67ace2be67402b2bb__40000ms,2b077443c0eb908155ac48d67ace2be67402b2bb,QUICKSTEP Around The World - Miss Kookie,D:\projekty\Hudba\music-editor\src\data\segments\quickstep\2b077443c0eb908155ac48d67ace2be67402b2bb__s40000ms.wav,40000,20000,,quickstep
2b077443c0eb908155ac48d67ace2be67402b2bb__60000ms,2b077443c0eb908155ac48d67ace2be67402b2bb,QUICKSTEP Around The World - Miss Kookie,D:\projekty\Hudba\music-editor\src\data\segments\quickstep\2b077443c0eb908155ac48d67ace2be67402b2bb__s60000ms.wav,60000,20000,,quickstep
2b077443c0eb908155ac48d67ace2be67402b2bb__80000ms,2b077443c0eb908155ac48d67ace2be67402b2bb,QUICKSTEP Around The World - Miss Kookie,D:\projekty\Hudba\music-editor\src\data\segments\quickstep\2b077443c0eb908155ac48d67ace2be67402b2bb__s80000ms.wav,80000,20000,,quickstep
2b077443c0eb908155ac48d67ace2be67402b2bb__100000ms,2b077443c0eb908155ac48d67ace2be67402b2bb,QUICKSTEP Around The World - Miss Kookie,D:\projekty\Hudba\music-editor\src\data\segments\quickstep\2b077443c0eb908155ac48d67ace2be67402b2bb__s100000ms.wav,100000,20000,,quickstep
2b077443c0eb908155ac48d67ace2be67402b2bb__120000ms,2b077443c0eb908155ac48d67ace2be67402b2bb,QUICKSTEP Around The World - Miss Kookie,D:\projekty\Hudba\music-editor\src\data\segments\quickstep\2b077443c0eb908155ac48d67ace2be67402b2bb__s120000ms.wav,120000,20000,,quickstep
2b077443c0eb908155ac48d67ace2be67402b2bb__140000ms,2b077443c0eb908155ac48d67ace2be67402b2bb,QUICKSTEP Around The World - Miss Kookie,D:\projekty\Hudba\music-editor\src\data\segments\quickstep\2b077443c0eb908155ac48d67ace2be67402b2bb__s140000ms.wav,140000,20000,,quickstep
2b077443c0eb908155ac48d67ace2be67402b2bb__160000ms,2b077443c0eb908155ac48d67ace2be67402b2bb,QUICKSTEP Around The World - Miss Kookie,D:\projekty\Hudba\music-editor\src\data\segments\quickstep\2b077443c0eb908155ac48d67ace2be67402b2bb__s160000ms.wav,160000,20000,,quickstep
2b077443c0eb908155ac48d67ace2be67402b2bb__180000ms,2b077443c0eb908155ac48d67ace2be67402b2bb,QUICKSTEP Around The World - Miss Kookie,D:\projekty\Hudba\music-editor\src\data\segments\quickstep\2b077443c0eb908155ac48d67ace2be67402b2bb__s180000ms.wav,180000,20000,,quickstep
2b077443c0eb908155ac48d67ace2be67402b2bb__200000ms,2b077443c0eb908155ac48d67ace2be67402b2bb,QUICKSTEP Around The World - Miss Kookie,D:\projekty\Hudba\music-editor\src\data\segments\quickstep\2b077443c0eb908155ac48d67ace2be67402b2bb__s200000ms.wav,200000,18227,,quickstep
3bb99c75e73079384dea310a73f96c849603e59e__0ms,3bb99c75e73079384dea310a73f96c849603e59e,QUICKSTEP Brother Louie - Jazz Dance Orchestra,D:\projekty\Hudba\music-editor\src\data\segments\quickstep\3bb99c75e73079384dea310a73f96c849603e59e__s0ms.wav,0,20000,,quickstep
3bb99c75e73079384dea310a73f96c849603e59e__20000ms,3bb99c75e73079384dea310a73f96c849603e59e,QUICKSTEP Brother Louie - Jazz Dance Orchestra,D:\projekty\Hudba\music-editor\src\data\segments\quickstep\3bb99c75e73079384dea310a73f96c849603e59e__s20000ms.wav,20000,20000,,quickstep
3bb99c75e73079384dea310a73f96c849603e59e__40000ms,3bb99c75e73079384dea310a73f96c849603e59e,QUICKSTEP Brother Louie - Jazz Dance Orchestra,D:\projekty\Hudba\music-editor\src\data\segments\quickstep\3bb99c75e73079384dea310a73f96c849603e59e__s40000ms.wav,40000,20000,,quickstep
3bb99c75e73079384dea310a73f96c849603e59e__60000ms,3bb99c75e73079384dea310a73f96c849603e59e,QUICKSTEP Brother Louie - Jazz Dance Orchestra,D:\projekty\Hudba\music-editor\src\data\segments\quickstep\3bb99c75e73079384dea310a73f96c849603e59e__s60000ms.wav,60000,20000,,quickstep
3bb99c75e73079384dea310a73f96c849603e59e__80000ms,3bb99c75e73079384dea310a73f96c849603e59e,QUICKSTEP Brother Louie - Jazz Dance Orchestra,D:\projekty\Hudba\music-editor\src\data\segments\quickstep\3bb99c75e73079384dea310a73f96c849603e59e__s80000ms.wav,80000,20000,,quickstep
3bb99c75e73079384dea310a73f96c849603e59e__100000ms,3bb99c75e73079384dea310a73f96c849603e59e,QUICKSTEP Brother Louie - Jazz Dance Orchestra,D:\projekty\Hudba\music-editor\src\data\segments\quickstep\3bb99c75e73079384dea310a73f96c849603e59e__s100000ms.wav,100000,20000,,quickstep
3bb99c75e73079384dea310a73f96c849603e59e__120000ms,3bb99c75e73079384dea310a73f96c849603e59e,QUICKSTEP Brother Louie - Jazz Dance Orchestra,D:\projekty\Hudba\music-editor\src\data\segments\quickstep\3bb99c75e73079384dea310a73f96c849603e59e__s120000ms.wav,120000,20000,,quickstep
3bb99c75e73079384dea310a73f96c849603e59e__140000ms,3bb99c75e73079384dea310a73f96c849603e59e,QUICKSTEP Brother Louie - Jazz Dance Orchestra,D:\projekty\Hudba\music-editor\src\data\segments\quickstep\3bb99c75e73079384dea310a73f96c849603e59e__s140000ms.wav,140000,20000,,quickstep
3bb99c75e73079384dea310a73f96c849603e59e__160000ms,3bb99c75e73079384dea310a73f96c849603e59e,QUICKSTEP Brother Louie - Jazz Dance Orchestra,D:\projekty\Hudba\music-editor\src\data\segments\quickstep\3bb99c75e73079384dea310a73f96c849603e59e__s160000ms.wav,160000,20000,,quickstep
3bb99c75e73079384dea310a73f96c849603e59e__180000ms,3bb99c75e73079384dea310a73f96c849603e59e,QUICKSTEP Brother Louie - Jazz Dance Orchestra,D:\projekty\Hudba\music-editor\src\data\segments\quickstep\3bb99c75e73079384dea310a73f96c849603e59e__s180000ms.wav,180000,20000,,quickstep
3bb99c75e73079384dea310a73f96c849603e59e__200000ms,3bb99c75e73079384dea310a73f96c849603e59e,QUICKSTEP Brother Louie - Jazz Dance Orchestra,D:\projekty\Hudba\music-editor\src\data\segments\quickstep\3bb99c75e73079384dea310a73f96c849603e59e__s200000ms.wav,200000,15980,,quickstep
13c11e2fa38330154d2f959e16ba58039f70c06d__0ms,13c11e2fa38330154d2f959e16ba58039f70c06d,QUICKSTEP Careless Whisper (Quickstep 50BPM,D:\projekty\Hudba\music-editor\src\data\segments\quickstep\13c11e2fa38330154d2f959e16ba58039f70c06d__s0ms.wav,0,20000,,quickstep
13c11e2fa38330154d2f959e16ba58039f70c06d__20000ms,13c11e2fa38330154d2f959e16ba58039f70c06d,QUICKSTEP Careless Whisper (Quickstep 50BPM,D:\projekty\Hudba\music-editor\src\data\segments\quickstep\13c11e2fa38330154d2f959e16ba58039f70c06d__s20000ms.wav,20000,20000,,quickstep
13c11e2fa38330154d2f959e16ba58039f70c06d__40000ms,13c11e2fa38330154d2f959e16ba58039f70c06d,QUICKSTEP Careless Whisper (Quickstep 50BPM,D:\projekty\Hudba\music-editor\src\data\segments\quickstep\13c11e2fa38330154d2f959e16ba58039f70c06d__s40000ms.wav,40000,20000,,quickstep
13c11e2fa38330154d2f959e16ba58039f70c06d__60000ms,13c11e2fa38330154d2f959e16ba58039f70c06d,QUICKSTEP Careless Whisper (Quickstep 50BPM,D:\projekty\Hudba\music-editor\src\data\segments\quickstep\13c11e2fa38330154d2f959e16ba58039f70c06d__s60000ms.wav,60000,20000,,quickstep
13c11e2fa38330154d2f959e16ba58039f70c06d__80000ms,13c11e2fa38330154d2f959e16ba58039f70c06d,QUICKSTEP Careless Whisper (Quickstep 50BPM,D:\projekty\Hudba\music-editor\src\data\segments\quickstep\13c11e2fa38330154d2f959e16ba58039f70c06d__s80000ms.wav,80000,20000,,quickstep
13c11e2fa38330154d2f959e16ba58039f70c06d__100000ms,13c11e2fa38330154d2f959e16ba58039f70c06d,QUICKSTEP Careless Whisper (Quickstep 50BPM,D:\projekty\Hudba\music-editor\src\data\segments\quickstep\13c11e2fa38330154d2f959e16ba58039f70c06d__s100000ms.wav,100000,20000,,quickstep
13c11e2fa38330154d2f959e16ba58039f70c06d__120000ms,13c11e2fa38330154d2f959e16ba58039f70c06d,QUICKSTEP Careless Whisper (Quickstep 50BPM,D:\projekty\Hudba\music-editor\src\data\segments\quickstep\13c11e2fa38330154d2f959e16ba58039f70c06d__s120000ms.wav,120000,20000,,quickstep
13c11e2fa38330154d2f959e16ba58039f70c06d__140000ms,13c11e2fa38330154d2f959e16ba58039f70c06d,QUICKSTEP Careless Whisper (Quickstep 50BPM,D:\projekty\Hudba\music-editor\src\data\segments\quickstep\13c11e2fa38330154d2f959e16ba58039f70c06d__s140000ms.wav,140000,19060,,quickstep
d2aefe90689081f51c6f620be31a79609a3fc783__0ms,d2aefe90689081f51c6f620be31a79609a3fc783,QUICKSTEP Coco Jamboo [Quicktep 50BPM,D:\projekty\Hudba\music-editor\src\data\segments\quickstep\d2aefe90689081f51c6f620be31a79609a3fc783__s0ms.wav,0,20000,,quickstep
d2aefe90689081f51c6f620be31a79609a3fc783__20000ms,d2aefe90689081f51c6f620be31a79609a3fc783,QUICKSTEP Coco Jamboo [Quicktep 50BPM,D:\projekty\Hudba\music-editor\src\data\segments\quickstep\d2aefe90689081f51c6f620be31a79609a3fc783__s20000ms.wav,20000,20000,,quickstep
d2aefe90689081f51c6f620be31a79609a3fc783__40000ms,d2aefe90689081f51c6f620be31a79609a3fc783,QUICKSTEP Coco Jamboo [Quicktep 50BPM,D:\projekty\Hudba\music-editor\src\data\segments\quickstep\d2aefe90689081f51c6f620be31a79609a3fc783__s40000ms.wav,40000,20000,,quickstep
d2aefe90689081f51c6f620be31a79609a3fc783__60000ms,d2aefe90689081f51c6f620be31a79609a3fc783,QUICKSTEP Coco Jamboo [Quicktep 50BPM,D:\projekty\Hudba\music-editor\src\data\segments\quickstep\d2aefe90689081f51c6f620be31a79609a3fc783__s60000ms.wav,60000,20000,,quickstep
d2aefe90689081f51c6f620be31a79609a3fc783__80000ms,d2aefe90689081f51c6f620be31a79609a3fc783,QUICKSTEP Coco Jamboo [Quicktep 50BPM,D:\projekty\Hudba\music-editor\src\data\segments\quickstep\d2aefe90689081f51c6f620be31a79609a3fc783__s80000ms.wav,80000,20000,,quickstep
d2aefe90689081f51c6f620be31a79609a3fc783__100000ms,d2aefe90689081f51c6f620be31a79609a3fc783,QUICKSTEP Coco Jamboo [Quicktep 50BPM,D:\projekty\Hudba\music-editor\src\data\segments\quickstep\d2aefe90689081f51c6f620be31a79609a3fc783__s100000ms.wav,100000,20000,,quickstep
d2aefe90689081f51c6f620be31a79609a3fc783__120000ms,d2aefe90689081f51c6f620be31a79609a3fc783,QUICKSTEP Coco Jamboo [Quicktep 50BPM,D:\projekty\Hudba\music-editor\src\data\segments\quickstep\d2aefe90689081f51c6f620be31a79609a3fc783__s120000ms.wav,120000,20000,,quickstep
d2aefe90689081f51c6f620be31a79609a3fc783__140000ms,d2aefe90689081f51c6f620be31a79609a3fc783,QUICKSTEP Coco Jamboo [Quicktep 50BPM,D:\projekty\Hudba\music-editor\src\data\segments\quickstep\d2aefe90689081f51c6f620be31a79609a3fc783__s140000ms.wav,140000,20000,,quickstep
d2aefe90689081f51c6f620be31a79609a3fc783__160000ms,d2aefe90689081f51c6f620be31a79609a3fc783,QUICKSTEP Coco Jamboo [Quicktep 50BPM,D:\projekty\Hudba\music-editor\src\data\segments\quickstep\d2aefe90689081f51c6f620be31a79609a3fc783__s160000ms.wav,160000,20000,,quickstep
d2aefe90689081f51c6f620be31a79609a3fc783__180000ms,d2aefe90689081f51c6f620be31a79609a3fc783,QUICKSTEP Coco Jamboo [Quicktep 50BPM,D:\projekty\Hudba\music-editor\src\data\segments\quickstep\d2aefe90689081f51c6f620be31a79609a3fc783__s180000ms.wav,180000,9100,,quickstep
53923462af74495d3f73b822ae3d3079156933ee__0ms,53923462af74495d3f73b822ae3d3079156933ee,QUICKSTEP Crazy In Love (from,D:\projekty\Hudba\music-editor\src\data\segments\quickstep\53923462af74495d3f73b822ae3d3079156933ee__s0ms.wav,0,20000,,quickstep
53923462af74495d3f73b822ae3d3079156933ee__20000ms,53923462af74495d3f73b822ae3d3079156933ee,QUICKSTEP Crazy In Love (from,D:\projekty\Hudba\music-editor\src\data\segments\quickstep\53923462af74495d3f73b822ae3d3079156933ee__s20000ms.wav,20000,20000,,quickstep
53923462af74495d3f73b822ae3d3079156933ee__40000ms,53923462af74495d3f73b822ae3d3079156933ee,QUICKSTEP Crazy In Love (from,D:\projekty\Hudba\music-editor\src\data\segments\quickstep\53923462af74495d3f73b822ae3d3079156933ee__s40000ms.wav,40000,20000,,quickstep
53923462af74495d3f73b822ae3d3079156933ee__60000ms,53923462af74495d3f73b822ae3d3079156933ee,QUICKSTEP Crazy In Love (from,D:\projekty\Hudba\music-editor\src\data\segments\quickstep\53923462af74495d3f73b822ae3d3079156933ee__s60000ms.wav,60000,20000,,quickstep
53923462af74495d3f73b822ae3d3079156933ee__80000ms,53923462af74495d3f73b822ae3d3079156933ee,QUICKSTEP Crazy In Love (from,D:\projekty\Hudba\music-editor\src\data\segments\quickstep\53923462af74495d3f73b822ae3d3079156933ee__s80000ms.wav,80000,20000,,quickstep
53923462af74495d3f73b822ae3d3079156933ee__100000ms,53923462af74495d3f73b822ae3d3079156933ee,QUICKSTEP Crazy In Love (from,D:\projekty\Hudba\music-editor\src\data\segments\quickstep\53923462af74495d3f73b822ae3d3079156933ee__s100000ms.wav,100000,20000,,quickstep
53923462af74495d3f73b822ae3d3079156933ee__120000ms,53923462af74495d3f73b822ae3d3079156933ee,QUICKSTEP Crazy In Love (from,D:\projekty\Hudba\music-editor\src\data\segments\quickstep\53923462af74495d3f73b822ae3d3079156933ee__s120000ms.wav,120000,16856,,quickstep
b11d56266eb0fb4d74b349e3231c8e9cfaa8bfd9__0ms,b11d56266eb0fb4d74b349e3231c8e9cfaa8bfd9,QUICKSTEP Driving Home for Christmas (Quickstep,D:\projekty\Hudba\music-editor\src\data\segments\quickstep\b11d56266eb0fb4d74b349e3231c8e9cfaa8bfd9__s0ms.wav,0,20000,,quickstep
b11d56266eb0fb4d74b349e3231c8e9cfaa8bfd9__20000ms,b11d56266eb0fb4d74b349e3231c8e9cfaa8bfd9,QUICKSTEP Driving Home for Christmas (Quickstep,D:\projekty\Hudba\music-editor\src\data\segments\quickstep\b11d56266eb0fb4d74b349e3231c8e9cfaa8bfd9__s20000ms.wav,20000,20000,,quickstep
b11d56266eb0fb4d74b349e3231c8e9cfaa8bfd9__40000ms,b11d56266eb0fb4d74b349e3231c8e9cfaa8bfd9,QUICKSTEP Driving Home for Christmas (Quickstep,D:\projekty\Hudba\music-editor\src\data\segments\quickstep\b11d56266eb0fb4d74b349e3231c8e9cfaa8bfd9__s40000ms.wav,40000,20000,,quickstep
b11d56266eb0fb4d74b349e3231c8e9cfaa8bfd9__60000ms,b11d56266eb0fb4d74b349e3231c8e9cfaa8bfd9,QUICKSTEP Driving Home for Christmas (Quickstep,D:\projekty\Hudba\music-editor\src\data\segments\quickstep\b11d56266eb0fb4d74b349e3231c8e9cfaa8bfd9__s60000ms.wav,60000,20000,,quickstep
b11d56266eb0fb4d74b349e3231c8e9cfaa8bfd9__80000ms,b11d56266eb0fb4d74b349e3231c8e9cfaa8bfd9,QUICKSTEP Driving Home for Christmas (Quickstep,D:\projekty\Hudba\music-editor\src\data\segments\quickstep\b11d56266eb0fb4d74b349e3231c8e9cfaa8bfd9__s80000ms.wav,80000,20000,,quickstep
b11d56266eb0fb4d74b349e3231c8e9cfaa8bfd9__100000ms,b11d56266eb0fb4d74b349e3231c8e9cfaa8bfd9,QUICKSTEP Driving Home for Christmas (Quickstep,D:\projekty\Hudba\music-editor\src\data\segments\quickstep\b11d56266eb0fb4d74b349e3231c8e9cfaa8bfd9__s100000ms.wav,100000,20000,,quickstep
b11d56266eb0fb4d74b349e3231c8e9cfaa8bfd9__120000ms,b11d56266eb0fb4d74b349e3231c8e9cfaa8bfd9,QUICKSTEP Driving Home for Christmas (Quickstep,D:\projekty\Hudba\music-editor\src\data\segments\quickstep\b11d56266eb0fb4d74b349e3231c8e9cfaa8bfd9__s120000ms.wav,120000,20000,,quickstep
b11d56266eb0fb4d74b349e3231c8e9cfaa8bfd9__140000ms,b11d56266eb0fb4d74b349e3231c8e9cfaa8bfd9,QUICKSTEP Driving Home for Christmas (Quickstep,D:\projekty\Hudba\music-editor\src\data\segments\quickstep\b11d56266eb0fb4d74b349e3231c8e9cfaa8bfd9__s140000ms.wav,140000,20000,,quickstep
b11d56266eb0fb4d74b349e3231c8e9cfaa8bfd9__160000ms,b11d56266eb0fb4d74b349e3231c8e9cfaa8bfd9,QUICKSTEP Driving Home for Christmas (Quickstep,D:\projekty\Hudba\music-editor\src\data\segments\quickstep\b11d56266eb0fb4d74b349e3231c8e9cfaa8bfd9__s160000ms.wav,160000,20000,,quickstep
b11d56266eb0fb4d74b349e3231c8e9cfaa8bfd9__180000ms,b11d56266eb0fb4d74b349e3231c8e9cfaa8bfd9,QUICKSTEP Driving Home for Christmas (Quickstep,D:\projekty\Hudba\music-editor\src\data\segments\quickstep\b11d56266eb0fb4d74b349e3231c8e9cfaa8bfd9__s180000ms.wav,180000,20000,,quickstep
b11d56266eb0fb4d74b349e3231c8e9cfaa8bfd9__200000ms,b11d56266eb0fb4d74b349e3231c8e9cfaa8bfd9,QUICKSTEP Driving Home for Christmas (Quickstep,D:\projekty\Hudba\music-editor\src\data\segments\quickstep\b11d56266eb0fb4d74b349e3231c8e9cfaa8bfd9__s200000ms.wav,200000,20000,,quickstep
b11d56266eb0fb4d74b349e3231c8e9cfaa8bfd9__220000ms,b11d56266eb0fb4d74b349e3231c8e9cfaa8bfd9,QUICKSTEP Driving Home for Christmas (Quickstep,D:\projekty\Hudba\music-editor\src\data\segments\quickstep\b11d56266eb0fb4d74b349e3231c8e9cfaa8bfd9__s220000ms.wav,220000,10792,,quickstep
1a33e4a1a50af84da2b77e536f508032b3cef6dd__0ms,1a33e4a1a50af84da2b77e536f508032b3cef6dd,QUICKSTEP Friday [Quickstep 50BPM,D:\projekty\Hudba\music-editor\src\data\segments\quickstep\1a33e4a1a50af84da2b77e536f508032b3cef6dd__s0ms.wav,0,20000,,quickstep
1a33e4a1a50af84da2b77e536f508032b3cef6dd__20000ms,1a33e4a1a50af84da2b77e536f508032b3cef6dd,QUICKSTEP Friday [Quickstep 50BPM,D:\projekty\Hudba\music-editor\src\data\segments\quickstep\1a33e4a1a50af84da2b77e536f508032b3cef6dd__s20000ms.wav,20000,20000,,quickstep
1a33e4a1a50af84da2b77e536f508032b3cef6dd__40000ms,1a33e4a1a50af84da2b77e536f508032b3cef6dd,QUICKSTEP Friday [Quickstep 50BPM,D:\projekty\Hudba\music-editor\src\data\segments\quickstep\1a33e4a1a50af84da2b77e536f508032b3cef6dd__s40000ms.wav,40000,20000,,quickstep
1a33e4a1a50af84da2b77e536f508032b3cef6dd__60000ms,1a33e4a1a50af84da2b77e536f508032b3cef6dd,QUICKSTEP Friday [Quickstep 50BPM,D:\projekty\Hudba\music-editor\src\data\segments\quickstep\1a33e4a1a50af84da2b77e536f508032b3cef6dd__s60000ms.wav,60000,20000,,quickstep
1a33e4a1a50af84da2b77e536f508032b3cef6dd__80000ms,1a33e4a1a50af84da2b77e536f508032b3cef6dd,QUICKSTEP Friday [Quickstep 50BPM,D:\projekty\Hudba\music-editor\src\data\segments\quickstep\1a33e4a1a50af84da2b77e536f508032b3cef6dd__s80000ms.wav,80000,20000,,quickstep
1a33e4a1a50af84da2b77e536f508032b3cef6dd__100000ms,1a33e4a1a50af84da2b77e536f508032b3cef6dd,QUICKSTEP Friday [Quickstep 50BPM,D:\projekty\Hudba\music-editor\src\data\segments\quickstep\1a33e4a1a50af84da2b77e536f508032b3cef6dd__s100000ms.wav,100000,20000,,quickstep
1a33e4a1a50af84da2b77e536f508032b3cef6dd__120000ms,1a33e4a1a50af84da2b77e536f508032b3cef6dd,QUICKSTEP Friday [Quickstep 50BPM,D:\projekty\Hudba\music-editor\src\data\segments\quickstep\1a33e4a1a50af84da2b77e536f508032b3cef6dd__s120000ms.wav,120000,20000,,quickstep
1a33e4a1a50af84da2b77e536f508032b3cef6dd__140000ms,1a33e4a1a50af84da2b77e536f508032b3cef6dd,QUICKSTEP Friday [Quickstep 50BPM,D:\projekty\Hudba\music-editor\src\data\segments\quickstep\1a33e4a1a50af84da2b77e536f508032b3cef6dd__s140000ms.wav,140000,17832,,quickstep
e08e5c6e8ac169ebef7f8d5c7625eeefcecc6b2d__0ms,e08e5c6e8ac169ebef7f8d5c7625eeefcecc6b2d,QUICKSTEP Frosty the Snow Man  Santa Claus Is Comi,D:\projekty\Hudba\music-editor\src\data\segments\quickstep\e08e5c6e8ac169ebef7f8d5c7625eeefcecc6b2d__s0ms.wav,0,20000,,quickstep
e08e5c6e8ac169ebef7f8d5c7625eeefcecc6b2d__20000ms,e08e5c6e8ac169ebef7f8d5c7625eeefcecc6b2d,QUICKSTEP Frosty the Snow Man  Santa Claus Is Comi,D:\projekty\Hudba\music-editor\src\data\segments\quickstep\e08e5c6e8ac169ebef7f8d5c7625eeefcecc6b2d__s20000ms.wav,20000,20000,,quickstep
e08e5c6e8ac169ebef7f8d5c7625eeefcecc6b2d__40000ms,e08e5c6e8ac169ebef7f8d5c7625eeefcecc6b2d,QUICKSTEP Frosty the Snow Man  Santa Claus Is Comi,D:\projekty\Hudba\music-editor\src\data\segments\quickstep\e08e5c6e8ac169ebef7f8d5c7625eeefcecc6b2d__s40000ms.wav,40000,20000,,quickstep
e08e5c6e8ac169ebef7f8d5c7625eeefcecc6b2d__60000ms,e08e5c6e8ac169ebef7f8d5c7625eeefcecc6b2d,QUICKSTEP Frosty the Snow Man  Santa Claus Is Comi,D:\projekty\Hudba\music-editor\src\data\segments\quickstep\e08e5c6e8ac169ebef7f8d5c7625eeefcecc6b2d__s60000ms.wav,60000,20000,,quickstep
e08e5c6e8ac169ebef7f8d5c7625eeefcecc6b2d__80000ms,e08e5c6e8ac169ebef7f8d5c7625eeefcecc6b2d,QUICKSTEP Frosty the Snow Man  Santa Claus Is Comi,D:\projekty\Hudba\music-editor\src\data\segments\quickstep\e08e5c6e8ac169ebef7f8d5c7625eeefcecc6b2d__s80000ms.wav,80000,20000,,quickstep
e08e5c6e8ac169ebef7f8d5c7625eeefcecc6b2d__100000ms,e08e5c6e8ac169ebef7f8d5c7625eeefcecc6b2d,QUICKSTEP Frosty the Snow Man  Santa Claus Is Comi,D:\projekty\Hudba\music-editor\src\data\segments\quickstep\e08e5c6e8ac169ebef7f8d5c7625eeefcecc6b2d__s100000ms.wav,100000,20000,,quickstep
e08e5c6e8ac169ebef7f8d5c7625eeefcecc6b2d__120000ms,e08e5c6e8ac169ebef7f8d5c7625eeefcecc6b2d,QUICKSTEP Frosty the Snow Man  Santa Claus Is Comi,D:\projekty\Hudba\music-editor\src\data\segments\quickstep\e08e5c6e8ac169ebef7f8d5c7625eeefcecc6b2d__s120000ms.wav,120000,20000,,quickstep
e08e5c6e8ac169ebef7f8d5c7625eeefcecc6b2d__140000ms,e08e5c6e8ac169ebef7f8d5c7625eeefcecc6b2d,QUICKSTEP Frosty the Snow Man  Santa Claus Is Comi,D:\projekty\Hudba\music-editor\src\data\segments\quickstep\e08e5c6e8ac169ebef7f8d5c7625eeefcecc6b2d__s140000ms.wav,140000,19373,,quickstep
006feef70d5f32c23442afdaad1fdc39c4b3a5f7__0ms,006feef70d5f32c23442afdaad1fdc39c4b3a5f7,QUICKSTEP Hello Dolly (Quickstep  50 Bpm,D:\projekty\Hudba\music-editor\src\data\segments\quickstep\006feef70d5f32c23442afdaad1fdc39c4b3a5f7__s0ms.wav,0,20000,,quickstep
006feef70d5f32c23442afdaad1fdc39c4b3a5f7__20000ms,006feef70d5f32c23442afdaad1fdc39c4b3a5f7,QUICKSTEP Hello Dolly (Quickstep  50 Bpm,D:\projekty\Hudba\music-editor\src\data\segments\quickstep\006feef70d5f32c23442afdaad1fdc39c4b3a5f7__s20000ms.wav,20000,20000,,quickstep
006feef70d5f32c23442afdaad1fdc39c4b3a5f7__40000ms,006feef70d5f32c23442afdaad1fdc39c4b3a5f7,QUICKSTEP Hello Dolly (Quickstep  50 Bpm,D:\projekty\Hudba\music-editor\src\data\segments\quickstep\006feef70d5f32c23442afdaad1fdc39c4b3a5f7__s40000ms.wav,40000,20000,,quickstep
006feef70d5f32c23442afdaad1fdc39c4b3a5f7__60000ms,006feef70d5f32c23442afdaad1fdc39c4b3a5f7,QUICKSTEP Hello Dolly (Quickstep  50 Bpm,D:\projekty\Hudba\music-editor\src\data\segments\quickstep\006feef70d5f32c23442afdaad1fdc39c4b3a5f7__s60000ms.wav,60000,20000,,quickstep
006feef70d5f32c23442afdaad1fdc39c4b3a5f7__80000ms,006feef70d5f32c23442afdaad1fdc39c4b3a5f7,QUICKSTEP Hello Dolly (Quickstep  50 Bpm,D:\projekty\Hudba\music-editor\src\data\segments\quickstep\006feef70d5f32c23442afdaad1fdc39c4b3a5f7__s80000ms.wav,80000,20000,,quickstep
006feef70d5f32c23442afdaad1fdc39c4b3a5f7__100000ms,006feef70d5f32c23442afdaad1fdc39c4b3a5f7,QUICKSTEP Hello Dolly (Quickstep  50 Bpm,D:\projekty\Hudba\music-editor\src\data\segments\quickstep\006feef70d5f32c23442afdaad1fdc39c4b3a5f7__s100000ms.wav,100000,20000,,quickstep
006feef70d5f32c23442afdaad1fdc39c4b3a5f7__120000ms,006feef70d5f32c23442afdaad1fdc39c4b3a5f7,QUICKSTEP Hello Dolly (Quickstep  50 Bpm,D:\projekty\Hudba\music-editor\src\data\segments\quickstep\006feef70d5f32c23442afdaad1fdc39c4b3a5f7__s120000ms.wav,120000,14296,,quickstep
1b80d5315248bca1b0788649cdb39174023fc0fa__0ms,1b80d5315248bca1b0788649cdb39174023fc0fa,QUICKSTEP I'm Still Standing [Quickstep  48 BPM] (feat Ross Mitchell,D:\projekty\Hudba\music-editor\src\data\segments\quickstep\1b80d5315248bca1b0788649cdb39174023fc0fa__s0ms.wav,0,20000,,quickstep
1b80d5315248bca1b0788649cdb39174023fc0fa__20000ms,1b80d5315248bca1b0788649cdb39174023fc0fa,QUICKSTEP I'm Still Standing [Quickstep  48 BPM] (feat Ross Mitchell,D:\projekty\Hudba\music-editor\src\data\segments\quickstep\1b80d5315248bca1b0788649cdb39174023fc0fa__s20000ms.wav,20000,20000,,quickstep
1b80d5315248bca1b0788649cdb39174023fc0fa__40000ms,1b80d5315248bca1b0788649cdb39174023fc0fa,QUICKSTEP I'm Still Standing [Quickstep  48 BPM] (feat Ross Mitchell,D:\projekty\Hudba\music-editor\src\data\segments\quickstep\1b80d5315248bca1b0788649cdb39174023fc0fa__s40000ms.wav,40000,20000,,quickstep
1b80d5315248bca1b0788649cdb39174023fc0fa__60000ms,1b80d5315248bca1b0788649cdb39174023fc0fa,QUICKSTEP I'm Still Standing [Quickstep  48 BPM] (feat Ross Mitchell,D:\projekty\Hudba\music-editor\src\data\segments\quickstep\1b80d5315248bca1b0788649cdb39174023fc0fa__s60000ms.wav,60000,20000,,quickstep
1b80d5315248bca1b0788649cdb39174023fc0fa__80000ms,1b80d5315248bca1b0788649cdb39174023fc0fa,QUICKSTEP I'm Still Standing [Quickstep  48 BPM] (feat Ross Mitchell,D:\projekty\Hudba\music-editor\src\data\segments\quickstep\1b80d5315248bca1b0788649cdb39174023fc0fa__s80000ms.wav,80000,20000,,quickstep
1b80d5315248bca1b0788649cdb39174023fc0fa__100000ms,1b80d5315248bca1b0788649cdb39174023fc0fa,QUICKSTEP I'm Still Standing [Quickstep  48 BPM] (feat Ross Mitchell,D:\projekty\Hudba\music-editor\src\data\segments\quickstep\1b80d5315248bca1b0788649cdb39174023fc0fa__s100000ms.wav,100000,20000,,quickstep
1b80d5315248bca1b0788649cdb39174023fc0fa__120000ms,1b80d5315248bca1b0788649cdb39174023fc0fa,QUICKSTEP I'm Still Standing [Quickstep  48 BPM] (feat Ross Mitchell,D:\projekty\Hudba\music-editor\src\data\segments\quickstep\1b80d5315248bca1b0788649cdb39174023fc0fa__s120000ms.wav,120000,20000,,quickstep
1b80d5315248bca1b0788649cdb39174023fc0fa__140000ms,1b80d5315248bca1b0788649cdb39174023fc0fa,QUICKSTEP I'm Still Standing [Quickstep  48 BPM] (feat Ross Mitchell,D:\projekty\Hudba\music-editor\src\data\segments\quickstep\1b80d5315248bca1b0788649cdb39174023fc0fa__s140000ms.wav,140000,11562,,quickstep
41549e88c70712bdf8fe30d5610506382bdbf359__0ms,41549e88c70712bdf8fe30d5610506382bdbf359,QUICKSTEP Levitating [Quicktep 50BPM,D:\projekty\Hudba\music-editor\src\data\segments\quickstep\41549e88c70712bdf8fe30d5610506382bdbf359__s0ms.wav,0,20000,,quickstep
41549e88c70712bdf8fe30d5610506382bdbf359__20000ms,41549e88c70712bdf8fe30d5610506382bdbf359,QUICKSTEP Levitating [Quicktep 50BPM,D:\projekty\Hudba\music-editor\src\data\segments\quickstep\41549e88c70712bdf8fe30d5610506382bdbf359__s20000ms.wav,20000,20000,,quickstep
41549e88c70712bdf8fe30d5610506382bdbf359__40000ms,41549e88c70712bdf8fe30d5610506382bdbf359,QUICKSTEP Levitating [Quicktep 50BPM,D:\projekty\Hudba\music-editor\src\data\segments\quickstep\41549e88c70712bdf8fe30d5610506382bdbf359__s40000ms.wav,40000,20000,,quickstep
41549e88c70712bdf8fe30d5610506382bdbf359__60000ms,41549e88c70712bdf8fe30d5610506382bdbf359,QUICKSTEP Levitating [Quicktep 50BPM,D:\projekty\Hudba\music-editor\src\data\segments\quickstep\41549e88c70712bdf8fe30d5610506382bdbf359__s60000ms.wav,60000,20000,,quickstep
41549e88c70712bdf8fe30d5610506382bdbf359__80000ms,41549e88c70712bdf8fe30d5610506382bdbf359,QUICKSTEP Levitating [Quicktep 50BPM,D:\projekty\Hudba\music-editor\src\data\segments\quickstep\41549e88c70712bdf8fe30d5610506382bdbf359__s80000ms.wav,80000,20000,,quickstep
41549e88c70712bdf8fe30d5610506382bdbf359__100000ms,41549e88c70712bdf8fe30d5610506382bdbf359,QUICKSTEP Levitating [Quicktep 50BPM,D:\projekty\Hudba\music-editor\src\data\segments\quickstep\41549e88c70712bdf8fe30d5610506382bdbf359__s100000ms.wav,100000,20000,,quickstep
41549e88c70712bdf8fe30d5610506382bdbf359__120000ms,41549e88c70712bdf8fe30d5610506382bdbf359,QUICKSTEP Levitating [Quicktep 50BPM,D:\projekty\Hudba\music-editor\src\data\segments\quickstep\41549e88c70712bdf8fe30d5610506382bdbf359__s120000ms.wav,120000,20000,,quickstep
41549e88c70712bdf8fe30d5610506382bdbf359__140000ms,41549e88c70712bdf8fe30d5610506382bdbf359,QUICKSTEP Levitating [Quicktep 50BPM,D:\projekty\Hudba\music-editor\src\data\segments\quickstep\41549e88c70712bdf8fe30d5610506382bdbf359__s140000ms.wav,140000,11562,,quickstep
450a1b387f7280c5f7612dc45da63b57d3d8d27e__0ms,450a1b387f7280c5f7612dc45da63b57d3d8d27e,Quickstep music Alessandro Olivato – Shuby Dooh,D:\projekty\Hudba\music-editor\src\data\segments\quickstep\450a1b387f7280c5f7612dc45da63b57d3d8d27e__s0ms.wav,0,20000,,quickstep
450a1b387f7280c5f7612dc45da63b57d3d8d27e__20000ms,450a1b387f7280c5f7612dc45da63b57d3d8d27e,Quickstep music Alessandro Olivato – Shuby Dooh,D:\projekty\Hudba\music-editor\src\data\segments\quickstep\450a1b387f7280c5f7612dc45da63b57d3d8d27e__s20000ms.wav,20000,20000,,quickstep
450a1b387f7280c5f7612dc45da63b57d3d8d27e__40000ms,450a1b387f7280c5f7612dc45da63b57d3d8d27e,Quickstep music Alessandro Olivato – Shuby Dooh,D:\projekty\Hudba\music-editor\src\data\segments\quickstep\450a1b387f7280c5f7612dc45da63b57d3d8d27e__s40000ms.wav,40000,20000,,quickstep
450a1b387f7280c5f7612dc45da63b57d3d8d27e__60000ms,450a1b387f7280c5f7612dc45da63b57d3d8d27e,Quickstep music Alessandro Olivato – Shuby Dooh,D:\projekty\Hudba\music-editor\src\data\segments\quickstep\450a1b387f7280c5f7612dc45da63b57d3d8d27e__s60000ms.wav,60000,20000,,quickstep
450a1b387f7280c5f7612dc45da63b57d3d8d27e__80000ms,450a1b387f7280c5f7612dc45da63b57d3d8d27e,Quickstep music Alessandro Olivato – Shuby Dooh,D:\projekty\Hudba\music-editor\src\data\segments\quickstep\450a1b387f7280c5f7612dc45da63b57d3d8d27e__s80000ms.wav,80000,20000,,quickstep
450a1b387f7280c5f7612dc45da63b57d3d8d27e__100000ms,450a1b387f7280c5f7612dc45da63b57d3d8d27e,Quickstep music Alessandro Olivato – Shuby Dooh,D:\projekty\Hudba\music-editor\src\data\segments\quickstep\450a1b387f7280c5f7612dc45da63b57d3d8d27e__s100000ms.wav,100000,20000,,quickstep
450a1b387f7280c5f7612dc45da63b57d3d8d27e__120000ms,450a1b387f7280c5f7612dc45da63b57d3d8d27e,Quickstep music Alessandro Olivato – Shuby Dooh,D:\projekty\Hudba\music-editor\src\data\segments\quickstep\450a1b387f7280c5f7612dc45da63b57d3d8d27e__s120000ms.wav,120000,20000,,quickstep
07a52c8d96d7de581cfcc627e407b7f4fccec929__0ms,07a52c8d96d7de581cfcc627e407b7f4fccec929,Quickstep music Dancing Ballroom Orchestra –  I Need Your Love,D:\projekty\Hudba\music-editor\src\data\segments\quickstep\07a52c8d96d7de581cfcc627e407b7f4fccec929__s0ms.wav,0,20000,,quickstep
07a52c8d96d7de581cfcc627e407b7f4fccec929__20000ms,07a52c8d96d7de581cfcc627e407b7f4fccec929,Quickstep music Dancing Ballroom Orchestra –  I Need Your Love,D:\projekty\Hudba\music-editor\src\data\segments\quickstep\07a52c8d96d7de581cfcc627e407b7f4fccec929__s20000ms.wav,20000,20000,,quickstep
07a52c8d96d7de581cfcc627e407b7f4fccec929__40000ms,07a52c8d96d7de581cfcc627e407b7f4fccec929,Quickstep music Dancing Ballroom Orchestra –  I Need Your Love,D:\projekty\Hudba\music-editor\src\data\segments\quickstep\07a52c8d96d7de581cfcc627e407b7f4fccec929__s40000ms.wav,40000,20000,,quickstep
07a52c8d96d7de581cfcc627e407b7f4fccec929__60000ms,07a52c8d96d7de581cfcc627e407b7f4fccec929,Quickstep music Dancing Ballroom Orchestra –  I Need Your Love,D:\projekty\Hudba\music-editor\src\data\segments\quickstep\07a52c8d96d7de581cfcc627e407b7f4fccec929__s60000ms.wav,60000,20000,,quickstep
07a52c8d96d7de581cfcc627e407b7f4fccec929__80000ms,07a52c8d96d7de581cfcc627e407b7f4fccec929,Quickstep music Dancing Ballroom Orchestra –  I Need Your Love,D:\projekty\Hudba\music-editor\src\data\segments\quickstep\07a52c8d96d7de581cfcc627e407b7f4fccec929__s80000ms.wav,80000,20000,,quickstep
07a52c8d96d7de581cfcc627e407b7f4fccec929__100000ms,07a52c8d96d7de581cfcc627e407b7f4fccec929,Quickstep music Dancing Ballroom Orchestra –  I Need Your Love,D:\projekty\Hudba\music-editor\src\data\segments\quickstep\07a52c8d96d7de581cfcc627e407b7f4fccec929__s100000ms.wav,100000,20000,,quickstep
07a52c8d96d7de581cfcc627e407b7f4fccec929__120000ms,07a52c8d96d7de581cfcc627e407b7f4fccec929,Quickstep music Dancing Ballroom Orchestra –  I Need Your Love,D:\projekty\Hudba\music-editor\src\data\segments\quickstep\07a52c8d96d7de581cfcc627e407b7f4fccec929__s120000ms.wav,120000,20000,,quickstep
07a52c8d96d7de581cfcc627e407b7f4fccec929__140000ms,07a52c8d96d7de581cfcc627e407b7f4fccec929,Quickstep music Dancing Ballroom Orchestra –  I Need Your Love,D:\projekty\Hudba\music-editor\src\data\segments\quickstep\07a52c8d96d7de581cfcc627e407b7f4fccec929__s140000ms.wav,140000,20000,,quickstep
245e518b0243fabd01d246133f0aa01abe795f2b__0ms,245e518b0243fabd01d246133f0aa01abe795f2b,Quickstep music Dj André  Dimie Cat – Glam,D:\projekty\Hudba\music-editor\src\data\segments\quickstep\245e518b0243fabd01d246133f0aa01abe795f2b__s0ms.wav,0,20000,,quickstep
245e518b0243fabd01d246133f0aa01abe795f2b__20000ms,245e518b0243fabd01d246133f0aa01abe795f2b,Quickstep music Dj André  Dimie Cat – Glam,D:\projekty\Hudba\music-editor\src\data\segments\quickstep\245e518b0243fabd01d246133f0aa01abe795f2b__s20000ms.wav,20000,20000,,quickstep
245e518b0243fabd01d246133f0aa01abe795f2b__40000ms,245e518b0243fabd01d246133f0aa01abe795f2b,Quickstep music Dj André  Dimie Cat – Glam,D:\projekty\Hudba\music-editor\src\data\segments\quickstep\245e518b0243fabd01d246133f0aa01abe795f2b__s40000ms.wav,40000,20000,,quickstep
245e518b0243fabd01d246133f0aa01abe795f2b__60000ms,245e518b0243fabd01d246133f0aa01abe795f2b,Quickstep music Dj André  Dimie Cat – Glam,D:\projekty\Hudba\music-editor\src\data\segments\quickstep\245e518b0243fabd01d246133f0aa01abe795f2b__s60000ms.wav,60000,20000,,quickstep
245e518b0243fabd01d246133f0aa01abe795f2b__80000ms,245e518b0243fabd01d246133f0aa01abe795f2b,Quickstep music Dj André  Dimie Cat – Glam,D:\projekty\Hudba\music-editor\src\data\segments\quickstep\245e518b0243fabd01d246133f0aa01abe795f2b__s80000ms.wav,80000,20000,,quickstep
245e518b0243fabd01d246133f0aa01abe795f2b__100000ms,245e518b0243fabd01d246133f0aa01abe795f2b,Quickstep music Dj André  Dimie Cat – Glam,D:\projekty\Hudba\music-editor\src\data\segments\quickstep\245e518b0243fabd01d246133f0aa01abe795f2b__s100000ms.wav,100000,20000,,quickstep
245e518b0243fabd01d246133f0aa01abe795f2b__120000ms,245e518b0243fabd01d246133f0aa01abe795f2b,Quickstep music Dj André  Dimie Cat – Glam,D:\projekty\Hudba\music-editor\src\data\segments\quickstep\245e518b0243fabd01d246133f0aa01abe795f2b__s120000ms.wav,120000,20000,,quickstep
245e518b0243fabd01d246133f0aa01abe795f2b__140000ms,245e518b0243fabd01d246133f0aa01abe795f2b,Quickstep music Dj André  Dimie Cat – Glam,D:\projekty\Hudba\music-editor\src\data\segments\quickstep\245e518b0243fabd01d246133f0aa01abe795f2b__s140000ms.wav,140000,20000,,quickstep
245e518b0243fabd01d246133f0aa01abe795f2b__160000ms,245e518b0243fabd01d246133f0aa01abe795f2b,Quickstep music Dj André  Dimie Cat – Glam,D:\projekty\Hudba\music-editor\src\data\segments\quickstep\245e518b0243fabd01d246133f0aa01abe795f2b__s160000ms.wav,160000,17032,,quickstep
e57a1a8371c58e3681875e2e1764c8dd44c06224__0ms,e57a1a8371c58e3681875e2e1764c8dd44c06224,Quickstep music Ethnic Song – Katjuscha,D:\projekty\Hudba\music-editor\src\data\segments\quickstep\e57a1a8371c58e3681875e2e1764c8dd44c06224__s0ms.wav,0,20000,,quickstep
e57a1a8371c58e3681875e2e1764c8dd44c06224__20000ms,e57a1a8371c58e3681875e2e1764c8dd44c06224,Quickstep music Ethnic Song – Katjuscha,D:\projekty\Hudba\music-editor\src\data\segments\quickstep\e57a1a8371c58e3681875e2e1764c8dd44c06224__s20000ms.wav,20000,20000,,quickstep
e57a1a8371c58e3681875e2e1764c8dd44c06224__40000ms,e57a1a8371c58e3681875e2e1764c8dd44c06224,Quickstep music Ethnic Song – Katjuscha,D:\projekty\Hudba\music-editor\src\data\segments\quickstep\e57a1a8371c58e3681875e2e1764c8dd44c06224__s40000ms.wav,40000,20000,,quickstep
e57a1a8371c58e3681875e2e1764c8dd44c06224__60000ms,e57a1a8371c58e3681875e2e1764c8dd44c06224,Quickstep music Ethnic Song – Katjuscha,D:\projekty\Hudba\music-editor\src\data\segments\quickstep\e57a1a8371c58e3681875e2e1764c8dd44c06224__s60000ms.wav,60000,20000,,quickstep
e57a1a8371c58e3681875e2e1764c8dd44c06224__80000ms,e57a1a8371c58e3681875e2e1764c8dd44c06224,Quickstep music Ethnic Song – Katjuscha,D:\projekty\Hudba\music-editor\src\data\segments\quickstep\e57a1a8371c58e3681875e2e1764c8dd44c06224__s80000ms.wav,80000,20000,,quickstep
e57a1a8371c58e3681875e2e1764c8dd44c06224__100000ms,e57a1a8371c58e3681875e2e1764c8dd44c06224,Quickstep music Ethnic Song – Katjuscha,D:\projekty\Hudba\music-editor\src\data\segments\quickstep\e57a1a8371c58e3681875e2e1764c8dd44c06224__s100000ms.wav,100000,20000,,quickstep
e57a1a8371c58e3681875e2e1764c8dd44c06224__120000ms,e57a1a8371c58e3681875e2e1764c8dd44c06224,Quickstep music Ethnic Song – Katjuscha,D:\projekty\Hudba\music-editor\src\data\segments\quickstep\e57a1a8371c58e3681875e2e1764c8dd44c06224__s120000ms.wav,120000,18083,,quickstep
a7724c4210a7d64f4a16b8b9d555b885043c3216__0ms,a7724c4210a7d64f4a16b8b9d555b885043c3216,Quickstep music Gaby Goldberg – Sweet Sweet Smile,D:\projekty\Hudba\music-editor\src\data\segments\quickstep\a7724c4210a7d64f4a16b8b9d555b885043c3216__s0ms.wav,0,20000,,quickstep
a7724c4210a7d64f4a16b8b9d555b885043c3216__20000ms,a7724c4210a7d64f4a16b8b9d555b885043c3216,Quickstep music Gaby Goldberg – Sweet Sweet Smile,D:\projekty\Hudba\music-editor\src\data\segments\quickstep\a7724c4210a7d64f4a16b8b9d555b885043c3216__s20000ms.wav,20000,20000,,quickstep
a7724c4210a7d64f4a16b8b9d555b885043c3216__40000ms,a7724c4210a7d64f4a16b8b9d555b885043c3216,Quickstep music Gaby Goldberg – Sweet Sweet Smile,D:\projekty\Hudba\music-editor\src\data\segments\quickstep\a7724c4210a7d64f4a16b8b9d555b885043c3216__s40000ms.wav,40000,20000,,quickstep
a7724c4210a7d64f4a16b8b9d555b885043c3216__60000ms,a7724c4210a7d64f4a16b8b9d555b885043c3216,Quickstep music Gaby Goldberg – Sweet Sweet Smile,D:\projekty\Hudba\music-editor\src\data\segments\quickstep\a7724c4210a7d64f4a16b8b9d555b885043c3216__s60000ms.wav,60000,20000,,quickstep
a7724c4210a7d64f4a16b8b9d555b885043c3216__80000ms,a7724c4210a7d64f4a16b8b9d555b885043c3216,Quickstep music Gaby Goldberg – Sweet Sweet Smile,D:\projekty\Hudba\music-editor\src\data\segments\quickstep\a7724c4210a7d64f4a16b8b9d555b885043c3216__s80000ms.wav,80000,20000,,quickstep
a7724c4210a7d64f4a16b8b9d555b885043c3216__100000ms,a7724c4210a7d64f4a16b8b9d555b885043c3216,Quickstep music Gaby Goldberg – Sweet Sweet Smile,D:\projekty\Hudba\music-editor\src\data\segments\quickstep\a7724c4210a7d64f4a16b8b9d555b885043c3216__s100000ms.wav,100000,20000,,quickstep
a7724c4210a7d64f4a16b8b9d555b885043c3216__120000ms,a7724c4210a7d64f4a16b8b9d555b885043c3216,Quickstep music Gaby Goldberg – Sweet Sweet Smile,D:\projekty\Hudba\music-editor\src\data\segments\quickstep\a7724c4210a7d64f4a16b8b9d555b885043c3216__s120000ms.wav,120000,20000,,quickstep
a7724c4210a7d64f4a16b8b9d555b885043c3216__140000ms,a7724c4210a7d64f4a16b8b9d555b885043c3216,Quickstep music Gaby Goldberg – Sweet Sweet Smile,D:\projekty\Hudba\music-editor\src\data\segments\quickstep\a7724c4210a7d64f4a16b8b9d555b885043c3216__s140000ms.wav,140000,20000,,quickstep
9b1c572eaca2dfdc111078dd9aba048addfc2436__0ms,9b1c572eaca2dfdc111078dd9aba048addfc2436,Quickstep music Geoff Love Orchestra   It Don't Mean A Thing,D:\projekty\Hudba\music-editor\src\data\segments\quickstep\9b1c572eaca2dfdc111078dd9aba048addfc2436__s0ms.wav,0,20000,,quickstep
9b1c572eaca2dfdc111078dd9aba048addfc2436__20000ms,9b1c572eaca2dfdc111078dd9aba048addfc2436,Quickstep music Geoff Love Orchestra   It Don't Mean A Thing,D:\projekty\Hudba\music-editor\src\data\segments\quickstep\9b1c572eaca2dfdc111078dd9aba048addfc2436__s20000ms.wav,20000,20000,,quickstep
9b1c572eaca2dfdc111078dd9aba048addfc2436__40000ms,9b1c572eaca2dfdc111078dd9aba048addfc2436,Quickstep music Geoff Love Orchestra   It Don't Mean A Thing,D:\projekty\Hudba\music-editor\src\data\segments\quickstep\9b1c572eaca2dfdc111078dd9aba048addfc2436__s40000ms.wav,40000,20000,,quickstep
9b1c572eaca2dfdc111078dd9aba048addfc2436__60000ms,9b1c572eaca2dfdc111078dd9aba048addfc2436,Quickstep music Geoff Love Orchestra   It Don't Mean A Thing,D:\projekty\Hudba\music-editor\src\data\segments\quickstep\9b1c572eaca2dfdc111078dd9aba048addfc2436__s60000ms.wav,60000,20000,,quickstep
9b1c572eaca2dfdc111078dd9aba048addfc2436__80000ms,9b1c572eaca2dfdc111078dd9aba048addfc2436,Quickstep music Geoff Love Orchestra   It Don't Mean A Thing,D:\projekty\Hudba\music-editor\src\data\segments\quickstep\9b1c572eaca2dfdc111078dd9aba048addfc2436__s80000ms.wav,80000,20000,,quickstep
9b1c572eaca2dfdc111078dd9aba048addfc2436__100000ms,9b1c572eaca2dfdc111078dd9aba048addfc2436,Quickstep music Geoff Love Orchestra   It Don't Mean A Thing,D:\projekty\Hudba\music-editor\src\data\segments\quickstep\9b1c572eaca2dfdc111078dd9aba048addfc2436__s100000ms.wav,100000,20000,,quickstep
9b1c572eaca2dfdc111078dd9aba048addfc2436__120000ms,9b1c572eaca2dfdc111078dd9aba048addfc2436,Quickstep music Geoff Love Orchestra   It Don't Mean A Thing,D:\projekty\Hudba\music-editor\src\data\segments\quickstep\9b1c572eaca2dfdc111078dd9aba048addfc2436__s120000ms.wav,120000,20000,,quickstep
65f147455efc75589895e85de1e9f8807fa567e8__0ms,65f147455efc75589895e85de1e9f8807fa567e8,Quickstep music Siesta Standard Orchestra – Billy A Dick,D:\projekty\Hudba\music-editor\src\data\segments\quickstep\65f147455efc75589895e85de1e9f8807fa567e8__s0ms.wav,0,20000,,quickstep
65f147455efc75589895e85de1e9f8807fa567e8__20000ms,65f147455efc75589895e85de1e9f8807fa567e8,Quickstep music Siesta Standard Orchestra – Billy A Dick,D:\projekty\Hudba\music-editor\src\data\segments\quickstep\65f147455efc75589895e85de1e9f8807fa567e8__s20000ms.wav,20000,20000,,quickstep
65f147455efc75589895e85de1e9f8807fa567e8__40000ms,65f147455efc75589895e85de1e9f8807fa567e8,Quickstep music Siesta Standard Orchestra – Billy A Dick,D:\projekty\Hudba\music-editor\src\data\segments\quickstep\65f147455efc75589895e85de1e9f8807fa567e8__s40000ms.wav,40000,20000,,quickstep
65f147455efc75589895e85de1e9f8807fa567e8__60000ms,65f147455efc75589895e85de1e9f8807fa567e8,Quickstep music Siesta Standard Orchestra – Billy A Dick,D:\projekty\Hudba\music-editor\src\data\segments\quickstep\65f147455efc75589895e85de1e9f8807fa567e8__s60000ms.wav,60000,20000,,quickstep
65f147455efc75589895e85de1e9f8807fa567e8__80000ms,65f147455efc75589895e85de1e9f8807fa567e8,Quickstep music Siesta Standard Orchestra – Billy A Dick,D:\projekty\Hudba\music-editor\src\data\segments\quickstep\65f147455efc75589895e85de1e9f8807fa567e8__s80000ms.wav,80000,18821,,quickstep
09cb04561642b5058b8c4ffc672f013255f54b6c__0ms,09cb04561642b5058b8c4ffc672f013255f54b6c,Quickstep music Swing City Giants – Heap Big Chief,D:\projekty\Hudba\music-editor\src\data\segments\quickstep\09cb04561642b5058b8c4ffc672f013255f54b6c__s0ms.wav,0,20000,,quickstep
09cb04561642b5058b8c4ffc672f013255f54b6c__20000ms,09cb04561642b5058b8c4ffc672f013255f54b6c,Quickstep music Swing City Giants – Heap Big Chief,D:\projekty\Hudba\music-editor\src\data\segments\quickstep\09cb04561642b5058b8c4ffc672f013255f54b6c__s20000ms.wav,20000,20000,,quickstep
09cb04561642b5058b8c4ffc672f013255f54b6c__40000ms,09cb04561642b5058b8c4ffc672f013255f54b6c,Quickstep music Swing City Giants – Heap Big Chief,D:\projekty\Hudba\music-editor\src\data\segments\quickstep\09cb04561642b5058b8c4ffc672f013255f54b6c__s40000ms.wav,40000,20000,,quickstep
09cb04561642b5058b8c4ffc672f013255f54b6c__60000ms,09cb04561642b5058b8c4ffc672f013255f54b6c,Quickstep music Swing City Giants – Heap Big Chief,D:\projekty\Hudba\music-editor\src\data\segments\quickstep\09cb04561642b5058b8c4ffc672f013255f54b6c__s60000ms.wav,60000,20000,,quickstep
09cb04561642b5058b8c4ffc672f013255f54b6c__80000ms,09cb04561642b5058b8c4ffc672f013255f54b6c,Quickstep music Swing City Giants – Heap Big Chief,D:\projekty\Hudba\music-editor\src\data\segments\quickstep\09cb04561642b5058b8c4ffc672f013255f54b6c__s80000ms.wav,80000,20000,,quickstep
09cb04561642b5058b8c4ffc672f013255f54b6c__100000ms,09cb04561642b5058b8c4ffc672f013255f54b6c,Quickstep music Swing City Giants – Heap Big Chief,D:\projekty\Hudba\music-editor\src\data\segments\quickstep\09cb04561642b5058b8c4ffc672f013255f54b6c__s100000ms.wav,100000,20000,,quickstep
09cb04561642b5058b8c4ffc672f013255f54b6c__120000ms,09cb04561642b5058b8c4ffc672f013255f54b6c,Quickstep music Swing City Giants – Heap Big Chief,D:\projekty\Hudba\music-editor\src\data\segments\quickstep\09cb04561642b5058b8c4ffc672f013255f54b6c__s120000ms.wav,120000,20000,,quickstep
09cb04561642b5058b8c4ffc672f013255f54b6c__140000ms,09cb04561642b5058b8c4ffc672f013255f54b6c,Quickstep music Swing City Giants – Heap Big Chief,D:\projekty\Hudba\music-editor\src\data\segments\quickstep\09cb04561642b5058b8c4ffc672f013255f54b6c__s140000ms.wav,140000,17283,,quickstep
55dee6973cd2c5b66ab97cd02d5545af7520395c__0ms,55dee6973cd2c5b66ab97cd02d5545af7520395c,Quickstep music The Swing Kings – Umbrella[1],D:\projekty\Hudba\music-editor\src\data\segments\quickstep\55dee6973cd2c5b66ab97cd02d5545af7520395c__s0ms.wav,0,20000,,quickstep
55dee6973cd2c5b66ab97cd02d5545af7520395c__20000ms,55dee6973cd2c5b66ab97cd02d5545af7520395c,Quickstep music The Swing Kings – Umbrella[1],D:\projekty\Hudba\music-editor\src\data\segments\quickstep\55dee6973cd2c5b66ab97cd02d5545af7520395c__s20000ms.wav,20000,20000,,quickstep
55dee6973cd2c5b66ab97cd02d5545af7520395c__40000ms,55dee6973cd2c5b66ab97cd02d5545af7520395c,Quickstep music The Swing Kings – Umbrella[1],D:\projekty\Hudba\music-editor\src\data\segments\quickstep\55dee6973cd2c5b66ab97cd02d5545af7520395c__s40000ms.wav,40000,20000,,quickstep
55dee6973cd2c5b66ab97cd02d5545af7520395c__60000ms,55dee6973cd2c5b66ab97cd02d5545af7520395c,Quickstep music The Swing Kings – Umbrella[1],D:\projekty\Hudba\music-editor\src\data\segments\quickstep\55dee6973cd2c5b66ab97cd02d5545af7520395c__s60000ms.wav,60000,20000,,quickstep
55dee6973cd2c5b66ab97cd02d5545af7520395c__80000ms,55dee6973cd2c5b66ab97cd02d5545af7520395c,Quickstep music The Swing Kings – Umbrella[1],D:\projekty\Hudba\music-editor\src\data\segments\quickstep\55dee6973cd2c5b66ab97cd02d5545af7520395c__s80000ms.wav,80000,20000,,quickstep
55dee6973cd2c5b66ab97cd02d5545af7520395c__100000ms,55dee6973cd2c5b66ab97cd02d5545af7520395c,Quickstep music The Swing Kings – Umbrella[1],D:\projekty\Hudba\music-editor\src\data\segments\quickstep\55dee6973cd2c5b66ab97cd02d5545af7520395c__s100000ms.wav,100000,20000,,quickstep
55dee6973cd2c5b66ab97cd02d5545af7520395c__120000ms,55dee6973cd2c5b66ab97cd02d5545af7520395c,Quickstep music The Swing Kings – Umbrella[1],D:\projekty\Hudba\music-editor\src\data\segments\quickstep\55dee6973cd2c5b66ab97cd02d5545af7520395c__s120000ms.wav,120000,20000,,quickstep
55dee6973cd2c5b66ab97cd02d5545af7520395c__140000ms,55dee6973cd2c5b66ab97cd02d5545af7520395c,Quickstep music The Swing Kings – Umbrella[1],D:\projekty\Hudba\music-editor\src\data\segments\quickstep\55dee6973cd2c5b66ab97cd02d5545af7520395c__s140000ms.wav,140000,20000,,quickstep
55dee6973cd2c5b66ab97cd02d5545af7520395c__160000ms,55dee6973cd2c5b66ab97cd02d5545af7520395c,Quickstep music The Swing Kings – Umbrella[1],D:\projekty\Hudba\music-editor\src\data\segments\quickstep\55dee6973cd2c5b66ab97cd02d5545af7520395c__s160000ms.wav,160000,20000,,quickstep
55dee6973cd2c5b66ab97cd02d5545af7520395c__180000ms,55dee6973cd2c5b66ab97cd02d5545af7520395c,Quickstep music The Swing Kings – Umbrella[1],D:\projekty\Hudba\music-editor\src\data\segments\quickstep\55dee6973cd2c5b66ab97cd02d5545af7520395c__s180000ms.wav,180000,17120,,quickstep
6207f5356b1ab696945033545b720a8f89d3fd63__0ms,6207f5356b1ab696945033545b720a8f89d3fd63,QUICKSTEP Musica [Quickstep 50BPM,D:\projekty\Hudba\music-editor\src\data\segments\quickstep\6207f5356b1ab696945033545b720a8f89d3fd63__s0ms.wav,0,20000,,quickstep
6207f5356b1ab696945033545b720a8f89d3fd63__20000ms,6207f5356b1ab696945033545b720a8f89d3fd63,QUICKSTEP Musica [Quickstep 50BPM,D:\projekty\Hudba\music-editor\src\data\segments\quickstep\6207f5356b1ab696945033545b720a8f89d3fd63__s20000ms.wav,20000,20000,,quickstep
6207f5356b1ab696945033545b720a8f89d3fd63__40000ms,6207f5356b1ab696945033545b720a8f89d3fd63,QUICKSTEP Musica [Quickstep 50BPM,D:\projekty\Hudba\music-editor\src\data\segments\quickstep\6207f5356b1ab696945033545b720a8f89d3fd63__s40000ms.wav,40000,20000,,quickstep
6207f5356b1ab696945033545b720a8f89d3fd63__60000ms,6207f5356b1ab696945033545b720a8f89d3fd63,QUICKSTEP Musica [Quickstep 50BPM,D:\projekty\Hudba\music-editor\src\data\segments\quickstep\6207f5356b1ab696945033545b720a8f89d3fd63__s60000ms.wav,60000,20000,,quickstep
6207f5356b1ab696945033545b720a8f89d3fd63__80000ms,6207f5356b1ab696945033545b720a8f89d3fd63,QUICKSTEP Musica [Quickstep 50BPM,D:\projekty\Hudba\music-editor\src\data\segments\quickstep\6207f5356b1ab696945033545b720a8f89d3fd63__s80000ms.wav,80000,20000,,quickstep
6207f5356b1ab696945033545b720a8f89d3fd63__100000ms,6207f5356b1ab696945033545b720a8f89d3fd63,QUICKSTEP Musica [Quickstep 50BPM,D:\projekty\Hudba\music-editor\src\data\segments\quickstep\6207f5356b1ab696945033545b720a8f89d3fd63__s100000ms.wav,100000,20000,,quickstep
6207f5356b1ab696945033545b720a8f89d3fd63__120000ms,6207f5356b1ab696945033545b720a8f89d3fd63,QUICKSTEP Musica [Quickstep 50BPM,D:\projekty\Hudba\music-editor\src\data\segments\quickstep\6207f5356b1ab696945033545b720a8f89d3fd63__s120000ms.wav,120000,20000,,quickstep
6dfc8733afeda2d0c405980efcc37f172f438414__0ms,6dfc8733afeda2d0c405980efcc37f172f438414,QUICKSTEP No Excuses (Quickstep 50BPM),D:\projekty\Hudba\music-editor\src\data\segments\quickstep\6dfc8733afeda2d0c405980efcc37f172f438414__s0ms.wav,0,20000,,quickstep
6dfc8733afeda2d0c405980efcc37f172f438414__20000ms,6dfc8733afeda2d0c405980efcc37f172f438414,QUICKSTEP No Excuses (Quickstep 50BPM),D:\projekty\Hudba\music-editor\src\data\segments\quickstep\6dfc8733afeda2d0c405980efcc37f172f438414__s20000ms.wav,20000,20000,,quickstep
6dfc8733afeda2d0c405980efcc37f172f438414__40000ms,6dfc8733afeda2d0c405980efcc37f172f438414,QUICKSTEP No Excuses (Quickstep 50BPM),D:\projekty\Hudba\music-editor\src\data\segments\quickstep\6dfc8733afeda2d0c405980efcc37f172f438414__s40000ms.wav,40000,20000,,quickstep
6dfc8733afeda2d0c405980efcc37f172f438414__60000ms,6dfc8733afeda2d0c405980efcc37f172f438414,QUICKSTEP No Excuses (Quickstep 50BPM),D:\projekty\Hudba\music-editor\src\data\segments\quickstep\6dfc8733afeda2d0c405980efcc37f172f438414__s60000ms.wav,60000,20000,,quickstep
6dfc8733afeda2d0c405980efcc37f172f438414__80000ms,6dfc8733afeda2d0c405980efcc37f172f438414,QUICKSTEP No Excuses (Quickstep 50BPM),D:\projekty\Hudba\music-editor\src\data\segments\quickstep\6dfc8733afeda2d0c405980efcc37f172f438414__s80000ms.wav,80000,20000,,quickstep
6dfc8733afeda2d0c405980efcc37f172f438414__100000ms,6dfc8733afeda2d0c405980efcc37f172f438414,QUICKSTEP No Excuses (Quickstep 50BPM),D:\projekty\Hudba\music-editor\src\data\segments\quickstep\6dfc8733afeda2d0c405980efcc37f172f438414__s100000ms.wav,100000,20000,,quickstep
6dfc8733afeda2d0c405980efcc37f172f438414__120000ms,6dfc8733afeda2d0c405980efcc37f172f438414,QUICKSTEP No Excuses (Quickstep 50BPM),D:\projekty\Hudba\music-editor\src\data\segments\quickstep\6dfc8733afeda2d0c405980efcc37f172f438414__s120000ms.wav,120000,20000,,quickstep
6dfc8733afeda2d0c405980efcc37f172f438414__140000ms,6dfc8733afeda2d0c405980efcc37f172f438414,QUICKSTEP No Excuses (Quickstep 50BPM),D:\projekty\Hudba\music-editor\src\data\segments\quickstep\6dfc8733afeda2d0c405980efcc37f172f438414__s140000ms.wav,140000,20000,,quickstep
6dfc8733afeda2d0c405980efcc37f172f438414__160000ms,6dfc8733afeda2d0c405980efcc37f172f438414,QUICKSTEP No Excuses (Quickstep 50BPM),D:\projekty\Hudba\music-editor\src\data\segments\quickstep\6dfc8733afeda2d0c405980efcc37f172f438414__s160000ms.wav,160000,16039,,quickstep
c6069e95369e73cf783e8791aed7e41c6398f89f__0ms,c6069e95369e73cf783e8791aed7e41c6398f89f,QUICKSTEP Sleigh Ride  Here Comes Santa Claus (Quickstep  51BPM,D:\projekty\Hudba\music-editor\src\data\segments\quickstep\c6069e95369e73cf783e8791aed7e41c6398f89f__s0ms.wav,0,20000,,quickstep
c6069e95369e73cf783e8791aed7e41c6398f89f__20000ms,c6069e95369e73cf783e8791aed7e41c6398f89f,QUICKSTEP Sleigh Ride  Here Comes Santa Claus (Quickstep  51BPM,D:\projekty\Hudba\music-editor\src\data\segments\quickstep\c6069e95369e73cf783e8791aed7e41c6398f89f__s20000ms.wav,20000,20000,,quickstep
c6069e95369e73cf783e8791aed7e41c6398f89f__40000ms,c6069e95369e73cf783e8791aed7e41c6398f89f,QUICKSTEP Sleigh Ride  Here Comes Santa Claus (Quickstep  51BPM,D:\projekty\Hudba\music-editor\src\data\segments\quickstep\c6069e95369e73cf783e8791aed7e41c6398f89f__s40000ms.wav,40000,20000,,quickstep
c6069e95369e73cf783e8791aed7e41c6398f89f__60000ms,c6069e95369e73cf783e8791aed7e41c6398f89f,QUICKSTEP Sleigh Ride  Here Comes Santa Claus (Quickstep  51BPM,D:\projekty\Hudba\music-editor\src\data\segments\quickstep\c6069e95369e73cf783e8791aed7e41c6398f89f__s60000ms.wav,60000,20000,,quickstep
c6069e95369e73cf783e8791aed7e41c6398f89f__80000ms,c6069e95369e73cf783e8791aed7e41c6398f89f,QUICKSTEP Sleigh Ride  Here Comes Santa Claus (Quickstep  51BPM,D:\projekty\Hudba\music-editor\src\data\segments\quickstep\c6069e95369e73cf783e8791aed7e41c6398f89f__s80000ms.wav,80000,20000,,quickstep
c6069e95369e73cf783e8791aed7e41c6398f89f__100000ms,c6069e95369e73cf783e8791aed7e41c6398f89f,QUICKSTEP Sleigh Ride  Here Comes Santa Claus (Quickstep  51BPM,D:\projekty\Hudba\music-editor\src\data\segments\quickstep\c6069e95369e73cf783e8791aed7e41c6398f89f__s100000ms.wav,100000,20000,,quickstep
c6069e95369e73cf783e8791aed7e41c6398f89f__120000ms,c6069e95369e73cf783e8791aed7e41c6398f89f,QUICKSTEP Sleigh Ride  Here Comes Santa Claus (Quickstep  51BPM,D:\projekty\Hudba\music-editor\src\data\segments\quickstep\c6069e95369e73cf783e8791aed7e41c6398f89f__s120000ms.wav,120000,20000,,quickstep
c6069e95369e73cf783e8791aed7e41c6398f89f__140000ms,c6069e95369e73cf783e8791aed7e41c6398f89f,QUICKSTEP Sleigh Ride  Here Comes Santa Claus (Quickstep  51BPM,D:\projekty\Hudba\music-editor\src\data\segments\quickstep\c6069e95369e73cf783e8791aed7e41c6398f89f__s140000ms.wav,140000,20000,,quickstep
c6069e95369e73cf783e8791aed7e41c6398f89f__160000ms,c6069e95369e73cf783e8791aed7e41c6398f89f,QUICKSTEP Sleigh Ride  Here Comes Santa Claus (Quickstep  51BPM,D:\projekty\Hudba\music-editor\src\data\segments\quickstep\c6069e95369e73cf783e8791aed7e41c6398f89f__s160000ms.wav,160000,20000,,quickstep
e7d051e7112ce26337ff3a8d3d61434efe556e46__0ms,e7d051e7112ce26337ff3a8d3d61434efe556e46,QUICKSTEP Starlight Lounge - Rudy Guess,D:\projekty\Hudba\music-editor\src\data\segments\quickstep\e7d051e7112ce26337ff3a8d3d61434efe556e46__s0ms.wav,0,20000,,quickstep
e7d051e7112ce26337ff3a8d3d61434efe556e46__20000ms,e7d051e7112ce26337ff3a8d3d61434efe556e46,QUICKSTEP Starlight Lounge - Rudy Guess,D:\projekty\Hudba\music-editor\src\data\segments\quickstep\e7d051e7112ce26337ff3a8d3d61434efe556e46__s20000ms.wav,20000,20000,,quickstep
e7d051e7112ce26337ff3a8d3d61434efe556e46__40000ms,e7d051e7112ce26337ff3a8d3d61434efe556e46,QUICKSTEP Starlight Lounge - Rudy Guess,D:\projekty\Hudba\music-editor\src\data\segments\quickstep\e7d051e7112ce26337ff3a8d3d61434efe556e46__s40000ms.wav,40000,20000,,quickstep
e7d051e7112ce26337ff3a8d3d61434efe556e46__60000ms,e7d051e7112ce26337ff3a8d3d61434efe556e46,QUICKSTEP Starlight Lounge - Rudy Guess,D:\projekty\Hudba\music-editor\src\data\segments\quickstep\e7d051e7112ce26337ff3a8d3d61434efe556e46__s60000ms.wav,60000,20000,,quickstep
e7d051e7112ce26337ff3a8d3d61434efe556e46__80000ms,e7d051e7112ce26337ff3a8d3d61434efe556e46,QUICKSTEP Starlight Lounge - Rudy Guess,D:\projekty\Hudba\music-editor\src\data\segments\quickstep\e7d051e7112ce26337ff3a8d3d61434efe556e46__s80000ms.wav,80000,20000,,quickstep
e7d051e7112ce26337ff3a8d3d61434efe556e46__100000ms,e7d051e7112ce26337ff3a8d3d61434efe556e46,QUICKSTEP Starlight Lounge - Rudy Guess,D:\projekty\Hudba\music-editor\src\data\segments\quickstep\e7d051e7112ce26337ff3a8d3d61434efe556e46__s100000ms.wav,100000,20000,,quickstep
e7d051e7112ce26337ff3a8d3d61434efe556e46__120000ms,e7d051e7112ce26337ff3a8d3d61434efe556e46,QUICKSTEP Starlight Lounge - Rudy Guess,D:\projekty\Hudba\music-editor\src\data\segments\quickstep\e7d051e7112ce26337ff3a8d3d61434efe556e46__s120000ms.wav,120000,14191,,quickstep
a87b2d7330785b193ca5e115eb77936e4445b233__0ms,a87b2d7330785b193ca5e115eb77936e4445b233,QUICKSTEP Talk Dirty (Quickstep 50BPM,D:\projekty\Hudba\music-editor\src\data\segments\quickstep\a87b2d7330785b193ca5e115eb77936e4445b233__s0ms.wav,0,20000,,quickstep
a87b2d7330785b193ca5e115eb77936e4445b233__20000ms,a87b2d7330785b193ca5e115eb77936e4445b233,QUICKSTEP Talk Dirty (Quickstep 50BPM,D:\projekty\Hudba\music-editor\src\data\segments\quickstep\a87b2d7330785b193ca5e115eb77936e4445b233__s20000ms.wav,20000,20000,,quickstep
a87b2d7330785b193ca5e115eb77936e4445b233__40000ms,a87b2d7330785b193ca5e115eb77936e4445b233,QUICKSTEP Talk Dirty (Quickstep 50BPM,D:\projekty\Hudba\music-editor\src\data\segments\quickstep\a87b2d7330785b193ca5e115eb77936e4445b233__s40000ms.wav,40000,20000,,quickstep
a87b2d7330785b193ca5e115eb77936e4445b233__60000ms,a87b2d7330785b193ca5e115eb77936e4445b233,QUICKSTEP Talk Dirty (Quickstep 50BPM,D:\projekty\Hudba\music-editor\src\data\segments\quickstep\a87b2d7330785b193ca5e115eb77936e4445b233__s60000ms.wav,60000,20000,,quickstep
a87b2d7330785b193ca5e115eb77936e4445b233__80000ms,a87b2d7330785b193ca5e115eb77936e4445b233,QUICKSTEP Talk Dirty (Quickstep 50BPM,D:\projekty\Hudba\music-editor\src\data\segments\quickstep\a87b2d7330785b193ca5e115eb77936e4445b233__s80000ms.wav,80000,20000,,quickstep
a87b2d7330785b193ca5e115eb77936e4445b233__100000ms,a87b2d7330785b193ca5e115eb77936e4445b233,QUICKSTEP Talk Dirty (Quickstep 50BPM,D:\projekty\Hudba\music-editor\src\data\segments\quickstep\a87b2d7330785b193ca5e115eb77936e4445b233__s100000ms.wav,100000,20000,,quickstep
a87b2d7330785b193ca5e115eb77936e4445b233__120000ms,a87b2d7330785b193ca5e115eb77936e4445b233,QUICKSTEP Talk Dirty (Quickstep 50BPM,D:\projekty\Hudba\music-editor\src\data\segments\quickstep\a87b2d7330785b193ca5e115eb77936e4445b233__s120000ms.wav,120000,20000,,quickstep
a87b2d7330785b193ca5e115eb77936e4445b233__140000ms,a87b2d7330785b193ca5e115eb77936e4445b233,QUICKSTEP Talk Dirty (Quickstep 50BPM,D:\projekty\Hudba\music-editor\src\data\segments\quickstep\a87b2d7330785b193ca5e115eb77936e4445b233__s140000ms.wav,140000,20000,,quickstep
669cc291db79f33838fe0ba43a1f3c15e037ddf9__0ms,669cc291db79f33838fe0ba43a1f3c15e037ddf9,QUICKSTEP Thrift Shop (Quickstep 50BPM,D:\projekty\Hudba\music-editor\src\data\segments\quickstep\669cc291db79f33838fe0ba43a1f3c15e037ddf9__s0ms.wav,0,20000,,quickstep
669cc291db79f33838fe0ba43a1f3c15e037ddf9__20000ms,669cc291db79f33838fe0ba43a1f3c15e037ddf9,QUICKSTEP Thrift Shop (Quickstep 50BPM,D:\projekty\Hudba\music-editor\src\data\segments\quickstep\669cc291db79f33838fe0ba43a1f3c15e037ddf9__s20000ms.wav,20000,20000,,quickstep
669cc291db79f33838fe0ba43a1f3c15e037ddf9__40000ms,669cc291db79f33838fe0ba43a1f3c15e037ddf9,QUICKSTEP Thrift Shop (Quickstep 50BPM,D:\projekty\Hudba\music-editor\src\data\segments\quickstep\669cc291db79f33838fe0ba43a1f3c15e037ddf9__s40000ms.wav,40000,20000,,quickstep
669cc291db79f33838fe0ba43a1f3c15e037ddf9__60000ms,669cc291db79f33838fe0ba43a1f3c15e037ddf9,QUICKSTEP Thrift Shop (Quickstep 50BPM,D:\projekty\Hudba\music-editor\src\data\segments\quickstep\669cc291db79f33838fe0ba43a1f3c15e037ddf9__s60000ms.wav,60000,20000,,quickstep
669cc291db79f33838fe0ba43a1f3c15e037ddf9__80000ms,669cc291db79f33838fe0ba43a1f3c15e037ddf9,QUICKSTEP Thrift Shop (Quickstep 50BPM,D:\projekty\Hudba\music-editor\src\data\segments\quickstep\669cc291db79f33838fe0ba43a1f3c15e037ddf9__s80000ms.wav,80000,20000,,quickstep
669cc291db79f33838fe0ba43a1f3c15e037ddf9__100000ms,669cc291db79f33838fe0ba43a1f3c15e037ddf9,QUICKSTEP Thrift Shop (Quickstep 50BPM,D:\projekty\Hudba\music-editor\src\data\segments\quickstep\669cc291db79f33838fe0ba43a1f3c15e037ddf9__s100000ms.wav,100000,20000,,quickstep
669cc291db79f33838fe0ba43a1f3c15e037ddf9__120000ms,669cc291db79f33838fe0ba43a1f3c15e037ddf9,QUICKSTEP Thrift Shop (Quickstep 50BPM,D:\projekty\Hudba\music-editor\src\data\segments\quickstep\669cc291db79f33838fe0ba43a1f3c15e037ddf9__s120000ms.wav,120000,20000,,quickstep
669cc291db79f33838fe0ba43a1f3c15e037ddf9__140000ms,669cc291db79f33838fe0ba43a1f3c15e037ddf9,QUICKSTEP Thrift Shop (Quickstep 50BPM,D:\projekty\Hudba\music-editor\src\data\segments\quickstep\669cc291db79f33838fe0ba43a1f3c15e037ddf9__s140000ms.wav,140000,20000,,quickstep
669cc291db79f33838fe0ba43a1f3c15e037ddf9__160000ms,669cc291db79f33838fe0ba43a1f3c15e037ddf9,QUICKSTEP Thrift Shop (Quickstep 50BPM,D:\projekty\Hudba\music-editor\src\data\segments\quickstep\669cc291db79f33838fe0ba43a1f3c15e037ddf9__s160000ms.wav,160000,20000,,quickstep
669cc291db79f33838fe0ba43a1f3c15e037ddf9__180000ms,669cc291db79f33838fe0ba43a1f3c15e037ddf9,QUICKSTEP Thrift Shop (Quickstep 50BPM,D:\projekty\Hudba\music-editor\src\data\segments\quickstep\669cc291db79f33838fe0ba43a1f3c15e037ddf9__s180000ms.wav,180000,12078,,quickstep
82baa5760d424810ae8d6512c8b56dc1429c3f3b__0ms,82baa5760d424810ae8d6512c8b56dc1429c3f3b,QUICKSTEP Tik Tok (Quickstep 50BPM),D:\projekty\Hudba\music-editor\src\data\segments\quickstep\82baa5760d424810ae8d6512c8b56dc1429c3f3b__s0ms.wav,0,20000,,quickstep
82baa5760d424810ae8d6512c8b56dc1429c3f3b__20000ms,82baa5760d424810ae8d6512c8b56dc1429c3f3b,QUICKSTEP Tik Tok (Quickstep 50BPM),D:\projekty\Hudba\music-editor\src\data\segments\quickstep\82baa5760d424810ae8d6512c8b56dc1429c3f3b__s20000ms.wav,20000,20000,,quickstep
82baa5760d424810ae8d6512c8b56dc1429c3f3b__40000ms,82baa5760d424810ae8d6512c8b56dc1429c3f3b,QUICKSTEP Tik Tok (Quickstep 50BPM),D:\projekty\Hudba\music-editor\src\data\segments\quickstep\82baa5760d424810ae8d6512c8b56dc1429c3f3b__s40000ms.wav,40000,20000,,quickstep
82baa5760d424810ae8d6512c8b56dc1429c3f3b__60000ms,82baa5760d424810ae8d6512c8b56dc1429c3f3b,QUICKSTEP Tik Tok (Quickstep 50BPM),D:\projekty\Hudba\music-editor\src\data\segments\quickstep\82baa5760d424810ae8d6512c8b56dc1429c3f3b__s60000ms.wav,60000,20000,,quickstep
82baa5760d424810ae8d6512c8b56dc1429c3f3b__80000ms,82baa5760d424810ae8d6512c8b56dc1429c3f3b,QUICKSTEP Tik Tok (Quickstep 50BPM),D:\projekty\Hudba\music-editor\src\data\segments\quickstep\82baa5760d424810ae8d6512c8b56dc1429c3f3b__s80000ms.wav,80000,20000,,quickstep
82baa5760d424810ae8d6512c8b56dc1429c3f3b__100000ms,82baa5760d424810ae8d6512c8b56dc1429c3f3b,QUICKSTEP Tik Tok (Quickstep 50BPM),D:\projekty\Hudba\music-editor\src\data\segments\quickstep\82baa5760d424810ae8d6512c8b56dc1429c3f3b__s100000ms.wav,100000,20000,,quickstep
82baa5760d424810ae8d6512c8b56dc1429c3f3b__120000ms,82baa5760d424810ae8d6512c8b56dc1429c3f3b,QUICKSTEP Tik Tok (Quickstep 50BPM),D:\projekty\Hudba\music-editor\src\data\segments\quickstep\82baa5760d424810ae8d6512c8b56dc1429c3f3b__s120000ms.wav,120000,20000,,quickstep
82baa5760d424810ae8d6512c8b56dc1429c3f3b__140000ms,82baa5760d424810ae8d6512c8b56dc1429c3f3b,QUICKSTEP Tik Tok (Quickstep 50BPM),D:\projekty\Hudba\music-editor\src\data\segments\quickstep\82baa5760d424810ae8d6512c8b56dc1429c3f3b__s140000ms.wav,140000,20000,,quickstep
82baa5760d424810ae8d6512c8b56dc1429c3f3b__160000ms,82baa5760d424810ae8d6512c8b56dc1429c3f3b,QUICKSTEP Tik Tok (Quickstep 50BPM),D:\projekty\Hudba\music-editor\src\data\segments\quickstep\82baa5760d424810ae8d6512c8b56dc1429c3f3b__s160000ms.wav,160000,20000,,quickstep
79e801dc707d6647ccbba136696cdc258b5248cb__0ms,79e801dc707d6647ccbba136696cdc258b5248cb,QUICKSTEP Toca Toca [Quickstep 50BPM,D:\projekty\Hudba\music-editor\src\data\segments\quickstep\79e801dc707d6647ccbba136696cdc258b5248cb__s0ms.wav,0,20000,,quickstep
79e801dc707d6647ccbba136696cdc258b5248cb__20000ms,79e801dc707d6647ccbba136696cdc258b5248cb,QUICKSTEP Toca Toca [Quickstep 50BPM,D:\projekty\Hudba\music-editor\src\data\segments\quickstep\79e801dc707d6647ccbba136696cdc258b5248cb__s20000ms.wav,20000,20000,,quickstep
79e801dc707d6647ccbba136696cdc258b5248cb__40000ms,79e801dc707d6647ccbba136696cdc258b5248cb,QUICKSTEP Toca Toca [Quickstep 50BPM,D:\projekty\Hudba\music-editor\src\data\segments\quickstep\79e801dc707d6647ccbba136696cdc258b5248cb__s40000ms.wav,40000,20000,,quickstep
79e801dc707d6647ccbba136696cdc258b5248cb__60000ms,79e801dc707d6647ccbba136696cdc258b5248cb,QUICKSTEP Toca Toca [Quickstep 50BPM,D:\projekty\Hudba\music-editor\src\data\segments\quickstep\79e801dc707d6647ccbba136696cdc258b5248cb__s60000ms.wav,60000,20000,,quickstep
79e801dc707d6647ccbba136696cdc258b5248cb__80000ms,79e801dc707d6647ccbba136696cdc258b5248cb,QUICKSTEP Toca Toca [Quickstep 50BPM,D:\projekty\Hudba\music-editor\src\data\segments\quickstep\79e801dc707d6647ccbba136696cdc258b5248cb__s80000ms.wav,80000,20000,,quickstep
79e801dc707d6647ccbba136696cdc258b5248cb__100000ms,79e801dc707d6647ccbba136696cdc258b5248cb,QUICKSTEP Toca Toca [Quickstep 50BPM,D:\projekty\Hudba\music-editor\src\data\segments\quickstep\79e801dc707d6647ccbba136696cdc258b5248cb__s100000ms.wav,100000,20000,,quickstep
79e801dc707d6647ccbba136696cdc258b5248cb__120000ms,79e801dc707d6647ccbba136696cdc258b5248cb,QUICKSTEP Toca Toca [Quickstep 50BPM,D:\projekty\Hudba\music-editor\src\data\segments\quickstep\79e801dc707d6647ccbba136696cdc258b5248cb__s120000ms.wav,120000,20000,,quickstep
79e801dc707d6647ccbba136696cdc258b5248cb__140000ms,79e801dc707d6647ccbba136696cdc258b5248cb,QUICKSTEP Toca Toca [Quickstep 50BPM,D:\projekty\Hudba\music-editor\src\data\segments\quickstep\79e801dc707d6647ccbba136696cdc258b5248cb__s140000ms.wav,140000,10413,,quickstep
c57517021f961e89ded99c189bb1f7386bbd5334__0ms,c57517021f961e89ded99c189bb1f7386bbd5334,QUICKSTEP Tom Toms Jam - David Steinberg,D:\projekty\Hudba\music-editor\src\data\segments\quickstep\c57517021f961e89ded99c189bb1f7386bbd5334__s0ms.wav,0,20000,,quickstep
c57517021f961e89ded99c189bb1f7386bbd5334__20000ms,c57517021f961e89ded99c189bb1f7386bbd5334,QUICKSTEP Tom Toms Jam - David Steinberg,D:\projekty\Hudba\music-editor\src\data\segments\quickstep\c57517021f961e89ded99c189bb1f7386bbd5334__s20000ms.wav,20000,20000,,quickstep
c57517021f961e89ded99c189bb1f7386bbd5334__40000ms,c57517021f961e89ded99c189bb1f7386bbd5334,QUICKSTEP Tom Toms Jam - David Steinberg,D:\projekty\Hudba\music-editor\src\data\segments\quickstep\c57517021f961e89ded99c189bb1f7386bbd5334__s40000ms.wav,40000,20000,,quickstep
c57517021f961e89ded99c189bb1f7386bbd5334__60000ms,c57517021f961e89ded99c189bb1f7386bbd5334,QUICKSTEP Tom Toms Jam - David Steinberg,D:\projekty\Hudba\music-editor\src\data\segments\quickstep\c57517021f961e89ded99c189bb1f7386bbd5334__s60000ms.wav,60000,20000,,quickstep
c57517021f961e89ded99c189bb1f7386bbd5334__80000ms,c57517021f961e89ded99c189bb1f7386bbd5334,QUICKSTEP Tom Toms Jam - David Steinberg,D:\projekty\Hudba\music-editor\src\data\segments\quickstep\c57517021f961e89ded99c189bb1f7386bbd5334__s80000ms.wav,80000,20000,,quickstep
c57517021f961e89ded99c189bb1f7386bbd5334__100000ms,c57517021f961e89ded99c189bb1f7386bbd5334,QUICKSTEP Tom Toms Jam - David Steinberg,D:\projekty\Hudba\music-editor\src\data\segments\quickstep\c57517021f961e89ded99c189bb1f7386bbd5334__s100000ms.wav,100000,9767,,quickstep
6aaa3ef3242b8cc519fc7ceb2f54825761f3578c__0ms,6aaa3ef3242b8cc519fc7ceb2f54825761f3578c,QUICKSTEP When I Get Low I Get High (Quickstep  51 BPM,D:\projekty\Hudba\music-editor\src\data\segments\quickstep\6aaa3ef3242b8cc519fc7ceb2f54825761f3578c__s0ms.wav,0,20000,,quickstep
6aaa3ef3242b8cc519fc7ceb2f54825761f3578c__20000ms,6aaa3ef3242b8cc519fc7ceb2f54825761f3578c,QUICKSTEP When I Get Low I Get High (Quickstep  51 BPM,D:\projekty\Hudba\music-editor\src\data\segments\quickstep\6aaa3ef3242b8cc519fc7ceb2f54825761f3578c__s20000ms.wav,20000,20000,,quickstep
6aaa3ef3242b8cc519fc7ceb2f54825761f3578c__40000ms,6aaa3ef3242b8cc519fc7ceb2f54825761f3578c,QUICKSTEP When I Get Low I Get High (Quickstep  51 BPM,D:\projekty\Hudba\music-editor\src\data\segments\quickstep\6aaa3ef3242b8cc519fc7ceb2f54825761f3578c__s40000ms.wav,40000,20000,,quickstep
6aaa3ef3242b8cc519fc7ceb2f54825761f3578c__60000ms,6aaa3ef3242b8cc519fc7ceb2f54825761f3578c,QUICKSTEP When I Get Low I Get High (Quickstep  51 BPM,D:\projekty\Hudba\music-editor\src\data\segments\quickstep\6aaa3ef3242b8cc519fc7ceb2f54825761f3578c__s60000ms.wav,60000,20000,,quickstep
6aaa3ef3242b8cc519fc7ceb2f54825761f3578c__80000ms,6aaa3ef3242b8cc519fc7ceb2f54825761f3578c,QUICKSTEP When I Get Low I Get High (Quickstep  51 BPM,D:\projekty\Hudba\music-editor\src\data\segments\quickstep\6aaa3ef3242b8cc519fc7ceb2f54825761f3578c__s80000ms.wav,80000,20000,,quickstep
6aaa3ef3242b8cc519fc7ceb2f54825761f3578c__100000ms,6aaa3ef3242b8cc519fc7ceb2f54825761f3578c,QUICKSTEP When I Get Low I Get High (Quickstep  51 BPM,D:\projekty\Hudba\music-editor\src\data\segments\quickstep\6aaa3ef3242b8cc519fc7ceb2f54825761f3578c__s100000ms.wav,100000,19066,,quickstep
ca226b72aafda88429d87fdb148b3a6aca4ad71f__0ms,ca226b72aafda88429d87fdb148b3a6aca4ad71f,QUICKSTEP When You Smile (Quick Step  52 BPM,D:\projekty\Hudba\music-editor\src\data\segments\quickstep\ca226b72aafda88429d87fdb148b3a6aca4ad71f__s0ms.wav,0,20000,,quickstep
ca226b72aafda88429d87fdb148b3a6aca4ad71f__20000ms,ca226b72aafda88429d87fdb148b3a6aca4ad71f,QUICKSTEP When You Smile (Quick Step  52 BPM,D:\projekty\Hudba\music-editor\src\data\segments\quickstep\ca226b72aafda88429d87fdb148b3a6aca4ad71f__s20000ms.wav,20000,20000,,quickstep
ca226b72aafda88429d87fdb148b3a6aca4ad71f__40000ms,ca226b72aafda88429d87fdb148b3a6aca4ad71f,QUICKSTEP When You Smile (Quick Step  52 BPM,D:\projekty\Hudba\music-editor\src\data\segments\quickstep\ca226b72aafda88429d87fdb148b3a6aca4ad71f__s40000ms.wav,40000,20000,,quickstep
ca226b72aafda88429d87fdb148b3a6aca4ad71f__60000ms,ca226b72aafda88429d87fdb148b3a6aca4ad71f,QUICKSTEP When You Smile (Quick Step  52 BPM,D:\projekty\Hudba\music-editor\src\data\segments\quickstep\ca226b72aafda88429d87fdb148b3a6aca4ad71f__s60000ms.wav,60000,20000,,quickstep
ca226b72aafda88429d87fdb148b3a6aca4ad71f__80000ms,ca226b72aafda88429d87fdb148b3a6aca4ad71f,QUICKSTEP When You Smile (Quick Step  52 BPM,D:\projekty\Hudba\music-editor\src\data\segments\quickstep\ca226b72aafda88429d87fdb148b3a6aca4ad71f__s80000ms.wav,80000,20000,,quickstep
ca226b72aafda88429d87fdb148b3a6aca4ad71f__100000ms,ca226b72aafda88429d87fdb148b3a6aca4ad71f,QUICKSTEP When You Smile (Quick Step  52 BPM,D:\projekty\Hudba\music-editor\src\data\segments\quickstep\ca226b72aafda88429d87fdb148b3a6aca4ad71f__s100000ms.wav,100000,20000,,quickstep
ca226b72aafda88429d87fdb148b3a6aca4ad71f__120000ms,ca226b72aafda88429d87fdb148b3a6aca4ad71f,QUICKSTEP When You Smile (Quick Step  52 BPM,D:\projekty\Hudba\music-editor\src\data\segments\quickstep\ca226b72aafda88429d87fdb148b3a6aca4ad71f__s120000ms.wav,120000,20000,,quickstep
ca226b72aafda88429d87fdb148b3a6aca4ad71f__140000ms,ca226b72aafda88429d87fdb148b3a6aca4ad71f,QUICKSTEP When You Smile (Quick Step  52 BPM,D:\projekty\Hudba\music-editor\src\data\segments\quickstep\ca226b72aafda88429d87fdb148b3a6aca4ad71f__s140000ms.wav,140000,20000,,quickstep
6dc41a0db31b9aacba49a3c4dcbd54f850f077ad__0ms,6dc41a0db31b9aacba49a3c4dcbd54f850f077ad,Rumba   Amar y Vivir   Monch,D:\projekty\Hudba\music-editor\src\data\segments\rumba\6dc41a0db31b9aacba49a3c4dcbd54f850f077ad__s0ms.wav,0,20000,,rumba
6dc41a0db31b9aacba49a3c4dcbd54f850f077ad__20000ms,6dc41a0db31b9aacba49a3c4dcbd54f850f077ad,Rumba   Amar y Vivir   Monch,D:\projekty\Hudba\music-editor\src\data\segments\rumba\6dc41a0db31b9aacba49a3c4dcbd54f850f077ad__s20000ms.wav,20000,20000,,rumba
6dc41a0db31b9aacba49a3c4dcbd54f850f077ad__40000ms,6dc41a0db31b9aacba49a3c4dcbd54f850f077ad,Rumba   Amar y Vivir   Monch,D:\projekty\Hudba\music-editor\src\data\segments\rumba\6dc41a0db31b9aacba49a3c4dcbd54f850f077ad__s40000ms.wav,40000,20000,,rumba
6dc41a0db31b9aacba49a3c4dcbd54f850f077ad__60000ms,6dc41a0db31b9aacba49a3c4dcbd54f850f077ad,Rumba   Amar y Vivir   Monch,D:\projekty\Hudba\music-editor\src\data\segments\rumba\6dc41a0db31b9aacba49a3c4dcbd54f850f077ad__s60000ms.wav,60000,20000,,rumba
6dc41a0db31b9aacba49a3c4dcbd54f850f077ad__80000ms,6dc41a0db31b9aacba49a3c4dcbd54f850f077ad,Rumba   Amar y Vivir   Monch,D:\projekty\Hudba\music-editor\src\data\segments\rumba\6dc41a0db31b9aacba49a3c4dcbd54f850f077ad__s80000ms.wav,80000,20000,,rumba
6dc41a0db31b9aacba49a3c4dcbd54f850f077ad__100000ms,6dc41a0db31b9aacba49a3c4dcbd54f850f077ad,Rumba   Amar y Vivir   Monch,D:\projekty\Hudba\music-editor\src\data\segments\rumba\6dc41a0db31b9aacba49a3c4dcbd54f850f077ad__s100000ms.wav,100000,20000,,rumba
6dc41a0db31b9aacba49a3c4dcbd54f850f077ad__120000ms,6dc41a0db31b9aacba49a3c4dcbd54f850f077ad,Rumba   Amar y Vivir   Monch,D:\projekty\Hudba\music-editor\src\data\segments\rumba\6dc41a0db31b9aacba49a3c4dcbd54f850f077ad__s120000ms.wav,120000,20000,,rumba
6dc41a0db31b9aacba49a3c4dcbd54f850f077ad__140000ms,6dc41a0db31b9aacba49a3c4dcbd54f850f077ad,Rumba   Amar y Vivir   Monch,D:\projekty\Hudba\music-editor\src\data\segments\rumba\6dc41a0db31b9aacba49a3c4dcbd54f850f077ad__s140000ms.wav,140000,20000,,rumba
6dc41a0db31b9aacba49a3c4dcbd54f850f077ad__160000ms,6dc41a0db31b9aacba49a3c4dcbd54f850f077ad,Rumba   Amar y Vivir   Monch,D:\projekty\Hudba\music-editor\src\data\segments\rumba\6dc41a0db31b9aacba49a3c4dcbd54f850f077ad__s160000ms.wav,160000,20000,,rumba
6dc41a0db31b9aacba49a3c4dcbd54f850f077ad__180000ms,6dc41a0db31b9aacba49a3c4dcbd54f850f077ad,Rumba   Amar y Vivir   Monch,D:\projekty\Hudba\music-editor\src\data\segments\rumba\6dc41a0db31b9aacba49a3c4dcbd54f850f077ad__s180000ms.wav,180000,11138,,rumba
c2e2f5f18a212a60830ebcd36aebe17a5551c1cd__0ms,c2e2f5f18a212a60830ebcd36aebe17a5551c1cd,Rumba   Casi un Bolero   Ricky Marti,D:\projekty\Hudba\music-editor\src\data\segments\rumba\c2e2f5f18a212a60830ebcd36aebe17a5551c1cd__s0ms.wav,0,20000,,rumba
c2e2f5f18a212a60830ebcd36aebe17a5551c1cd__20000ms,c2e2f5f18a212a60830ebcd36aebe17a5551c1cd,Rumba   Casi un Bolero   Ricky Marti,D:\projekty\Hudba\music-editor\src\data\segments\rumba\c2e2f5f18a212a60830ebcd36aebe17a5551c1cd__s20000ms.wav,20000,20000,,rumba
c2e2f5f18a212a60830ebcd36aebe17a5551c1cd__40000ms,c2e2f5f18a212a60830ebcd36aebe17a5551c1cd,Rumba   Casi un Bolero   Ricky Marti,D:\projekty\Hudba\music-editor\src\data\segments\rumba\c2e2f5f18a212a60830ebcd36aebe17a5551c1cd__s40000ms.wav,40000,20000,,rumba
c2e2f5f18a212a60830ebcd36aebe17a5551c1cd__60000ms,c2e2f5f18a212a60830ebcd36aebe17a5551c1cd,Rumba   Casi un Bolero   Ricky Marti,D:\projekty\Hudba\music-editor\src\data\segments\rumba\c2e2f5f18a212a60830ebcd36aebe17a5551c1cd__s60000ms.wav,60000,20000,,rumba
c2e2f5f18a212a60830ebcd36aebe17a5551c1cd__80000ms,c2e2f5f18a212a60830ebcd36aebe17a5551c1cd,Rumba   Casi un Bolero   Ricky Marti,D:\projekty\Hudba\music-editor\src\data\segments\rumba\c2e2f5f18a212a60830ebcd36aebe17a5551c1cd__s80000ms.wav,80000,20000,,rumba
c2e2f5f18a212a60830ebcd36aebe17a5551c1cd__100000ms,c2e2f5f18a212a60830ebcd36aebe17a5551c1cd,Rumba   Casi un Bolero   Ricky Marti,D:\projekty\Hudba\music-editor\src\data\segments\rumba\c2e2f5f18a212a60830ebcd36aebe17a5551c1cd__s100000ms.wav,100000,20000,,rumba
c2e2f5f18a212a60830ebcd36aebe17a5551c1cd__120000ms,c2e2f5f18a212a60830ebcd36aebe17a5551c1cd,Rumba   Casi un Bolero   Ricky Marti,D:\projekty\Hudba\music-editor\src\data\segments\rumba\c2e2f5f18a212a60830ebcd36aebe17a5551c1cd__s120000ms.wav,120000,20000,,rumba
c2e2f5f18a212a60830ebcd36aebe17a5551c1cd__140000ms,c2e2f5f18a212a60830ebcd36aebe17a5551c1cd,Rumba   Casi un Bolero   Ricky Marti,D:\projekty\Hudba\music-editor\src\data\segments\rumba\c2e2f5f18a212a60830ebcd36aebe17a5551c1cd__s140000ms.wav,140000,20000,,rumba
c2e2f5f18a212a60830ebcd36aebe17a5551c1cd__160000ms,c2e2f5f18a212a60830ebcd36aebe17a5551c1cd,Rumba   Casi un Bolero   Ricky Marti,D:\projekty\Hudba\music-editor\src\data\segments\rumba\c2e2f5f18a212a60830ebcd36aebe17a5551c1cd__s160000ms.wav,160000,20000,,rumba
c2e2f5f18a212a60830ebcd36aebe17a5551c1cd__180000ms,c2e2f5f18a212a60830ebcd36aebe17a5551c1cd,Rumba   Casi un Bolero   Ricky Marti,D:\projekty\Hudba\music-editor\src\data\segments\rumba\c2e2f5f18a212a60830ebcd36aebe17a5551c1cd__s180000ms.wav,180000,20000,,rumba
c2e2f5f18a212a60830ebcd36aebe17a5551c1cd__200000ms,c2e2f5f18a212a60830ebcd36aebe17a5551c1cd,Rumba   Casi un Bolero   Ricky Marti,D:\projekty\Hudba\music-editor\src\data\segments\rumba\c2e2f5f18a212a60830ebcd36aebe17a5551c1cd__s200000ms.wav,200000,20000,,rumba
c2e2f5f18a212a60830ebcd36aebe17a5551c1cd__220000ms,c2e2f5f18a212a60830ebcd36aebe17a5551c1cd,Rumba   Casi un Bolero   Ricky Marti,D:\projekty\Hudba\music-editor\src\data\segments\rumba\c2e2f5f18a212a60830ebcd36aebe17a5551c1cd__s220000ms.wav,220000,20000,,rumba
c2e2f5f18a212a60830ebcd36aebe17a5551c1cd__240000ms,c2e2f5f18a212a60830ebcd36aebe17a5551c1cd,Rumba   Casi un Bolero   Ricky Marti,D:\projekty\Hudba\music-editor\src\data\segments\rumba\c2e2f5f18a212a60830ebcd36aebe17a5551c1cd__s240000ms.wav,240000,20000,,rumba
c2e2f5f18a212a60830ebcd36aebe17a5551c1cd__260000ms,c2e2f5f18a212a60830ebcd36aebe17a5551c1cd,Rumba   Casi un Bolero   Ricky Marti,D:\projekty\Hudba\music-editor\src\data\segments\rumba\c2e2f5f18a212a60830ebcd36aebe17a5551c1cd__s260000ms.wav,260000,18387,,rumba
c2e98d3f62eda48a927308c3fce0c0e6d93373bd__0ms,c2e98d3f62eda48a927308c3fce0c0e6d93373bd,RUMBA   Dj Ice   Hotel Californi,D:\projekty\Hudba\music-editor\src\data\segments\rumba\c2e98d3f62eda48a927308c3fce0c0e6d93373bd__s0ms.wav,0,20000,,rumba
c2e98d3f62eda48a927308c3fce0c0e6d93373bd__20000ms,c2e98d3f62eda48a927308c3fce0c0e6d93373bd,RUMBA   Dj Ice   Hotel Californi,D:\projekty\Hudba\music-editor\src\data\segments\rumba\c2e98d3f62eda48a927308c3fce0c0e6d93373bd__s20000ms.wav,20000,20000,,rumba
c2e98d3f62eda48a927308c3fce0c0e6d93373bd__40000ms,c2e98d3f62eda48a927308c3fce0c0e6d93373bd,RUMBA   Dj Ice   Hotel Californi,D:\projekty\Hudba\music-editor\src\data\segments\rumba\c2e98d3f62eda48a927308c3fce0c0e6d93373bd__s40000ms.wav,40000,20000,,rumba
c2e98d3f62eda48a927308c3fce0c0e6d93373bd__60000ms,c2e98d3f62eda48a927308c3fce0c0e6d93373bd,RUMBA   Dj Ice   Hotel Californi,D:\projekty\Hudba\music-editor\src\data\segments\rumba\c2e98d3f62eda48a927308c3fce0c0e6d93373bd__s60000ms.wav,60000,20000,,rumba
c2e98d3f62eda48a927308c3fce0c0e6d93373bd__80000ms,c2e98d3f62eda48a927308c3fce0c0e6d93373bd,RUMBA   Dj Ice   Hotel Californi,D:\projekty\Hudba\music-editor\src\data\segments\rumba\c2e98d3f62eda48a927308c3fce0c0e6d93373bd__s80000ms.wav,80000,20000,,rumba
c2e98d3f62eda48a927308c3fce0c0e6d93373bd__100000ms,c2e98d3f62eda48a927308c3fce0c0e6d93373bd,RUMBA   Dj Ice   Hotel Californi,D:\projekty\Hudba\music-editor\src\data\segments\rumba\c2e98d3f62eda48a927308c3fce0c0e6d93373bd__s100000ms.wav,100000,15017,,rumba
c7331736dc9fc9e652e80080bdeeadd6f2c8b015__0ms,c7331736dc9fc9e652e80080bdeeadd6f2c8b015,RUMBA   Dj Ice   Stay With Me (24 BPM),D:\projekty\Hudba\music-editor\src\data\segments\rumba\c7331736dc9fc9e652e80080bdeeadd6f2c8b015__s0ms.wav,0,20000,,rumba
c7331736dc9fc9e652e80080bdeeadd6f2c8b015__20000ms,c7331736dc9fc9e652e80080bdeeadd6f2c8b015,RUMBA   Dj Ice   Stay With Me (24 BPM),D:\projekty\Hudba\music-editor\src\data\segments\rumba\c7331736dc9fc9e652e80080bdeeadd6f2c8b015__s20000ms.wav,20000,20000,,rumba
c7331736dc9fc9e652e80080bdeeadd6f2c8b015__40000ms,c7331736dc9fc9e652e80080bdeeadd6f2c8b015,RUMBA   Dj Ice   Stay With Me (24 BPM),D:\projekty\Hudba\music-editor\src\data\segments\rumba\c7331736dc9fc9e652e80080bdeeadd6f2c8b015__s40000ms.wav,40000,20000,,rumba
c7331736dc9fc9e652e80080bdeeadd6f2c8b015__60000ms,c7331736dc9fc9e652e80080bdeeadd6f2c8b015,RUMBA   Dj Ice   Stay With Me (24 BPM),D:\projekty\Hudba\music-editor\src\data\segments\rumba\c7331736dc9fc9e652e80080bdeeadd6f2c8b015__s60000ms.wav,60000,20000,,rumba
c7331736dc9fc9e652e80080bdeeadd6f2c8b015__80000ms,c7331736dc9fc9e652e80080bdeeadd6f2c8b015,RUMBA   Dj Ice   Stay With Me (24 BPM),D:\projekty\Hudba\music-editor\src\data\segments\rumba\c7331736dc9fc9e652e80080bdeeadd6f2c8b015__s80000ms.wav,80000,20000,,rumba
c7331736dc9fc9e652e80080bdeeadd6f2c8b015__100000ms,c7331736dc9fc9e652e80080bdeeadd6f2c8b015,RUMBA   Dj Ice   Stay With Me (24 BPM),D:\projekty\Hudba\music-editor\src\data\segments\rumba\c7331736dc9fc9e652e80080bdeeadd6f2c8b015__s100000ms.wav,100000,15069,,rumba
57aac6224dc46792bbb2322caf7cefc41aec282e__0ms,57aac6224dc46792bbb2322caf7cefc41aec282e,RUMBA   Dj Ice   The Scientist (ft Lenna) (Coldplay Cover,D:\projekty\Hudba\music-editor\src\data\segments\rumba\57aac6224dc46792bbb2322caf7cefc41aec282e__s0ms.wav,0,20000,,rumba
57aac6224dc46792bbb2322caf7cefc41aec282e__20000ms,57aac6224dc46792bbb2322caf7cefc41aec282e,RUMBA   Dj Ice   The Scientist (ft Lenna) (Coldplay Cover,D:\projekty\Hudba\music-editor\src\data\segments\rumba\57aac6224dc46792bbb2322caf7cefc41aec282e__s20000ms.wav,20000,20000,,rumba
57aac6224dc46792bbb2322caf7cefc41aec282e__40000ms,57aac6224dc46792bbb2322caf7cefc41aec282e,RUMBA   Dj Ice   The Scientist (ft Lenna) (Coldplay Cover,D:\projekty\Hudba\music-editor\src\data\segments\rumba\57aac6224dc46792bbb2322caf7cefc41aec282e__s40000ms.wav,40000,20000,,rumba
57aac6224dc46792bbb2322caf7cefc41aec282e__60000ms,57aac6224dc46792bbb2322caf7cefc41aec282e,RUMBA   Dj Ice   The Scientist (ft Lenna) (Coldplay Cover,D:\projekty\Hudba\music-editor\src\data\segments\rumba\57aac6224dc46792bbb2322caf7cefc41aec282e__s60000ms.wav,60000,20000,,rumba
57aac6224dc46792bbb2322caf7cefc41aec282e__80000ms,57aac6224dc46792bbb2322caf7cefc41aec282e,RUMBA   Dj Ice   The Scientist (ft Lenna) (Coldplay Cover,D:\projekty\Hudba\music-editor\src\data\segments\rumba\57aac6224dc46792bbb2322caf7cefc41aec282e__s80000ms.wav,80000,20000,,rumba
c0db3062a540ea26484dc818f87d5c4dc0838254__0ms,c0db3062a540ea26484dc818f87d5c4dc0838254,RUMBA   Dj Ice   Truly Madly Deepl,D:\projekty\Hudba\music-editor\src\data\segments\rumba\c0db3062a540ea26484dc818f87d5c4dc0838254__s0ms.wav,0,20000,,rumba
c0db3062a540ea26484dc818f87d5c4dc0838254__20000ms,c0db3062a540ea26484dc818f87d5c4dc0838254,RUMBA   Dj Ice   Truly Madly Deepl,D:\projekty\Hudba\music-editor\src\data\segments\rumba\c0db3062a540ea26484dc818f87d5c4dc0838254__s20000ms.wav,20000,20000,,rumba
c0db3062a540ea26484dc818f87d5c4dc0838254__40000ms,c0db3062a540ea26484dc818f87d5c4dc0838254,RUMBA   Dj Ice   Truly Madly Deepl,D:\projekty\Hudba\music-editor\src\data\segments\rumba\c0db3062a540ea26484dc818f87d5c4dc0838254__s40000ms.wav,40000,20000,,rumba
c0db3062a540ea26484dc818f87d5c4dc0838254__60000ms,c0db3062a540ea26484dc818f87d5c4dc0838254,RUMBA   Dj Ice   Truly Madly Deepl,D:\projekty\Hudba\music-editor\src\data\segments\rumba\c0db3062a540ea26484dc818f87d5c4dc0838254__s60000ms.wav,60000,20000,,rumba
c0db3062a540ea26484dc818f87d5c4dc0838254__80000ms,c0db3062a540ea26484dc818f87d5c4dc0838254,RUMBA   Dj Ice   Truly Madly Deepl,D:\projekty\Hudba\music-editor\src\data\segments\rumba\c0db3062a540ea26484dc818f87d5c4dc0838254__s80000ms.wav,80000,20000,,rumba
748da1aea8b67c3d231366a18e1df9c25415c244__0ms,748da1aea8b67c3d231366a18e1df9c25415c244,RUMBA   Dj Ice ft Clair   Dance Monke,D:\projekty\Hudba\music-editor\src\data\segments\rumba\748da1aea8b67c3d231366a18e1df9c25415c244__s0ms.wav,0,20000,,rumba
748da1aea8b67c3d231366a18e1df9c25415c244__20000ms,748da1aea8b67c3d231366a18e1df9c25415c244,RUMBA   Dj Ice ft Clair   Dance Monke,D:\projekty\Hudba\music-editor\src\data\segments\rumba\748da1aea8b67c3d231366a18e1df9c25415c244__s20000ms.wav,20000,20000,,rumba
748da1aea8b67c3d231366a18e1df9c25415c244__40000ms,748da1aea8b67c3d231366a18e1df9c25415c244,RUMBA   Dj Ice ft Clair   Dance Monke,D:\projekty\Hudba\music-editor\src\data\segments\rumba\748da1aea8b67c3d231366a18e1df9c25415c244__s40000ms.wav,40000,20000,,rumba
748da1aea8b67c3d231366a18e1df9c25415c244__60000ms,748da1aea8b67c3d231366a18e1df9c25415c244,RUMBA   Dj Ice ft Clair   Dance Monke,D:\projekty\Hudba\music-editor\src\data\segments\rumba\748da1aea8b67c3d231366a18e1df9c25415c244__s60000ms.wav,60000,20000,,rumba
748da1aea8b67c3d231366a18e1df9c25415c244__80000ms,748da1aea8b67c3d231366a18e1df9c25415c244,RUMBA   Dj Ice ft Clair   Dance Monke,D:\projekty\Hudba\music-editor\src\data\segments\rumba\748da1aea8b67c3d231366a18e1df9c25415c244__s80000ms.wav,80000,20000,,rumba
b430b5d7578ec35dedab5cd25bd158cfe153020f__0ms,b430b5d7578ec35dedab5cd25bd158cfe153020f,Rumba   Eternal Flame   Shannon u0026 Keas,D:\projekty\Hudba\music-editor\src\data\segments\rumba\b430b5d7578ec35dedab5cd25bd158cfe153020f__s0ms.wav,0,20000,,rumba
b430b5d7578ec35dedab5cd25bd158cfe153020f__20000ms,b430b5d7578ec35dedab5cd25bd158cfe153020f,Rumba   Eternal Flame   Shannon u0026 Keas,D:\projekty\Hudba\music-editor\src\data\segments\rumba\b430b5d7578ec35dedab5cd25bd158cfe153020f__s20000ms.wav,20000,20000,,rumba
b430b5d7578ec35dedab5cd25bd158cfe153020f__40000ms,b430b5d7578ec35dedab5cd25bd158cfe153020f,Rumba   Eternal Flame   Shannon u0026 Keas,D:\projekty\Hudba\music-editor\src\data\segments\rumba\b430b5d7578ec35dedab5cd25bd158cfe153020f__s40000ms.wav,40000,20000,,rumba
b430b5d7578ec35dedab5cd25bd158cfe153020f__60000ms,b430b5d7578ec35dedab5cd25bd158cfe153020f,Rumba   Eternal Flame   Shannon u0026 Keas,D:\projekty\Hudba\music-editor\src\data\segments\rumba\b430b5d7578ec35dedab5cd25bd158cfe153020f__s60000ms.wav,60000,20000,,rumba
b430b5d7578ec35dedab5cd25bd158cfe153020f__80000ms,b430b5d7578ec35dedab5cd25bd158cfe153020f,Rumba   Eternal Flame   Shannon u0026 Keas,D:\projekty\Hudba\music-editor\src\data\segments\rumba\b430b5d7578ec35dedab5cd25bd158cfe153020f__s80000ms.wav,80000,20000,,rumba
b430b5d7578ec35dedab5cd25bd158cfe153020f__100000ms,b430b5d7578ec35dedab5cd25bd158cfe153020f,Rumba   Eternal Flame   Shannon u0026 Keas,D:\projekty\Hudba\music-editor\src\data\segments\rumba\b430b5d7578ec35dedab5cd25bd158cfe153020f__s100000ms.wav,100000,20000,,rumba
b430b5d7578ec35dedab5cd25bd158cfe153020f__120000ms,b430b5d7578ec35dedab5cd25bd158cfe153020f,Rumba   Eternal Flame   Shannon u0026 Keas,D:\projekty\Hudba\music-editor\src\data\segments\rumba\b430b5d7578ec35dedab5cd25bd158cfe153020f__s120000ms.wav,120000,20000,,rumba
b430b5d7578ec35dedab5cd25bd158cfe153020f__140000ms,b430b5d7578ec35dedab5cd25bd158cfe153020f,Rumba   Eternal Flame   Shannon u0026 Keas,D:\projekty\Hudba\music-editor\src\data\segments\rumba\b430b5d7578ec35dedab5cd25bd158cfe153020f__s140000ms.wav,140000,20000,,rumba
3d201950e37dba040388b60e829df80dc84fb66c__0ms,3d201950e37dba040388b60e829df80dc84fb66c,Rumba   Here With Me   d4v,D:\projekty\Hudba\music-editor\src\data\segments\rumba\3d201950e37dba040388b60e829df80dc84fb66c__s0ms.wav,0,20000,,rumba
3d201950e37dba040388b60e829df80dc84fb66c__20000ms,3d201950e37dba040388b60e829df80dc84fb66c,Rumba   Here With Me   d4v,D:\projekty\Hudba\music-editor\src\data\segments\rumba\3d201950e37dba040388b60e829df80dc84fb66c__s20000ms.wav,20000,20000,,rumba
3d201950e37dba040388b60e829df80dc84fb66c__40000ms,3d201950e37dba040388b60e829df80dc84fb66c,Rumba   Here With Me   d4v,D:\projekty\Hudba\music-editor\src\data\segments\rumba\3d201950e37dba040388b60e829df80dc84fb66c__s40000ms.wav,40000,20000,,rumba
3d201950e37dba040388b60e829df80dc84fb66c__60000ms,3d201950e37dba040388b60e829df80dc84fb66c,Rumba   Here With Me   d4v,D:\projekty\Hudba\music-editor\src\data\segments\rumba\3d201950e37dba040388b60e829df80dc84fb66c__s60000ms.wav,60000,20000,,rumba
3d201950e37dba040388b60e829df80dc84fb66c__80000ms,3d201950e37dba040388b60e829df80dc84fb66c,Rumba   Here With Me   d4v,D:\projekty\Hudba\music-editor\src\data\segments\rumba\3d201950e37dba040388b60e829df80dc84fb66c__s80000ms.wav,80000,20000,,rumba
3d201950e37dba040388b60e829df80dc84fb66c__100000ms,3d201950e37dba040388b60e829df80dc84fb66c,Rumba   Here With Me   d4v,D:\projekty\Hudba\music-editor\src\data\segments\rumba\3d201950e37dba040388b60e829df80dc84fb66c__s100000ms.wav,100000,20000,,rumba
3d201950e37dba040388b60e829df80dc84fb66c__120000ms,3d201950e37dba040388b60e829df80dc84fb66c,Rumba   Here With Me   d4v,D:\projekty\Hudba\music-editor\src\data\segments\rumba\3d201950e37dba040388b60e829df80dc84fb66c__s120000ms.wav,120000,20000,,rumba
3d201950e37dba040388b60e829df80dc84fb66c__140000ms,3d201950e37dba040388b60e829df80dc84fb66c,Rumba   Here With Me   d4v,D:\projekty\Hudba\music-editor\src\data\segments\rumba\3d201950e37dba040388b60e829df80dc84fb66c__s140000ms.wav,140000,20000,,rumba
3d201950e37dba040388b60e829df80dc84fb66c__160000ms,3d201950e37dba040388b60e829df80dc84fb66c,Rumba   Here With Me   d4v,D:\projekty\Hudba\music-editor\src\data\segments\rumba\3d201950e37dba040388b60e829df80dc84fb66c__s160000ms.wav,160000,20000,,rumba
3d201950e37dba040388b60e829df80dc84fb66c__180000ms,3d201950e37dba040388b60e829df80dc84fb66c,Rumba   Here With Me   d4v,D:\projekty\Hudba\music-editor\src\data\segments\rumba\3d201950e37dba040388b60e829df80dc84fb66c__s180000ms.wav,180000,13541,,rumba
51e93fc679b244ab0dbf0c096e9848a09527fb8a__0ms,51e93fc679b244ab0dbf0c096e9848a09527fb8a,Rumba   Just Give Me A Reason,D:\projekty\Hudba\music-editor\src\data\segments\rumba\51e93fc679b244ab0dbf0c096e9848a09527fb8a__s0ms.wav,0,20000,,rumba
51e93fc679b244ab0dbf0c096e9848a09527fb8a__20000ms,51e93fc679b244ab0dbf0c096e9848a09527fb8a,Rumba   Just Give Me A Reason,D:\projekty\Hudba\music-editor\src\data\segments\rumba\51e93fc679b244ab0dbf0c096e9848a09527fb8a__s20000ms.wav,20000,20000,,rumba
51e93fc679b244ab0dbf0c096e9848a09527fb8a__40000ms,51e93fc679b244ab0dbf0c096e9848a09527fb8a,Rumba   Just Give Me A Reason,D:\projekty\Hudba\music-editor\src\data\segments\rumba\51e93fc679b244ab0dbf0c096e9848a09527fb8a__s40000ms.wav,40000,20000,,rumba
51e93fc679b244ab0dbf0c096e9848a09527fb8a__60000ms,51e93fc679b244ab0dbf0c096e9848a09527fb8a,Rumba   Just Give Me A Reason,D:\projekty\Hudba\music-editor\src\data\segments\rumba\51e93fc679b244ab0dbf0c096e9848a09527fb8a__s60000ms.wav,60000,20000,,rumba
51e93fc679b244ab0dbf0c096e9848a09527fb8a__80000ms,51e93fc679b244ab0dbf0c096e9848a09527fb8a,Rumba   Just Give Me A Reason,D:\projekty\Hudba\music-editor\src\data\segments\rumba\51e93fc679b244ab0dbf0c096e9848a09527fb8a__s80000ms.wav,80000,20000,,rumba
51e93fc679b244ab0dbf0c096e9848a09527fb8a__100000ms,51e93fc679b244ab0dbf0c096e9848a09527fb8a,Rumba   Just Give Me A Reason,D:\projekty\Hudba\music-editor\src\data\segments\rumba\51e93fc679b244ab0dbf0c096e9848a09527fb8a__s100000ms.wav,100000,20000,,rumba
51e93fc679b244ab0dbf0c096e9848a09527fb8a__120000ms,51e93fc679b244ab0dbf0c096e9848a09527fb8a,Rumba   Just Give Me A Reason,D:\projekty\Hudba\music-editor\src\data\segments\rumba\51e93fc679b244ab0dbf0c096e9848a09527fb8a__s120000ms.wav,120000,20000,,rumba
51e93fc679b244ab0dbf0c096e9848a09527fb8a__140000ms,51e93fc679b244ab0dbf0c096e9848a09527fb8a,Rumba   Just Give Me A Reason,D:\projekty\Hudba\music-editor\src\data\segments\rumba\51e93fc679b244ab0dbf0c096e9848a09527fb8a__s140000ms.wav,140000,20000,,rumba
51e93fc679b244ab0dbf0c096e9848a09527fb8a__160000ms,51e93fc679b244ab0dbf0c096e9848a09527fb8a,Rumba   Just Give Me A Reason,D:\projekty\Hudba\music-editor\src\data\segments\rumba\51e93fc679b244ab0dbf0c096e9848a09527fb8a__s160000ms.wav,160000,20000,,rumba
51e93fc679b244ab0dbf0c096e9848a09527fb8a__180000ms,51e93fc679b244ab0dbf0c096e9848a09527fb8a,Rumba   Just Give Me A Reason,D:\projekty\Hudba\music-editor\src\data\segments\rumba\51e93fc679b244ab0dbf0c096e9848a09527fb8a__s180000ms.wav,180000,20000,,rumba
51e93fc679b244ab0dbf0c096e9848a09527fb8a__200000ms,51e93fc679b244ab0dbf0c096e9848a09527fb8a,Rumba   Just Give Me A Reason,D:\projekty\Hudba\music-editor\src\data\segments\rumba\51e93fc679b244ab0dbf0c096e9848a09527fb8a__s200000ms.wav,200000,20000,,rumba
51e93fc679b244ab0dbf0c096e9848a09527fb8a__220000ms,51e93fc679b244ab0dbf0c096e9848a09527fb8a,Rumba   Just Give Me A Reason,D:\projekty\Hudba\music-editor\src\data\segments\rumba\51e93fc679b244ab0dbf0c096e9848a09527fb8a__s220000ms.wav,220000,11837,,rumba
ec80f05114a70542b1ab138a1715172bb59b9eb8__0ms,ec80f05114a70542b1ab138a1715172bb59b9eb8,RUMBA   Linkin Park   Numb (Dj Ice Latin Remix) (25 BPM),D:\projekty\Hudba\music-editor\src\data\segments\rumba\ec80f05114a70542b1ab138a1715172bb59b9eb8__s0ms.wav,0,20000,,rumba
ec80f05114a70542b1ab138a1715172bb59b9eb8__20000ms,ec80f05114a70542b1ab138a1715172bb59b9eb8,RUMBA   Linkin Park   Numb (Dj Ice Latin Remix) (25 BPM),D:\projekty\Hudba\music-editor\src\data\segments\rumba\ec80f05114a70542b1ab138a1715172bb59b9eb8__s20000ms.wav,20000,20000,,rumba
ec80f05114a70542b1ab138a1715172bb59b9eb8__40000ms,ec80f05114a70542b1ab138a1715172bb59b9eb8,RUMBA   Linkin Park   Numb (Dj Ice Latin Remix) (25 BPM),D:\projekty\Hudba\music-editor\src\data\segments\rumba\ec80f05114a70542b1ab138a1715172bb59b9eb8__s40000ms.wav,40000,20000,,rumba
ec80f05114a70542b1ab138a1715172bb59b9eb8__60000ms,ec80f05114a70542b1ab138a1715172bb59b9eb8,RUMBA   Linkin Park   Numb (Dj Ice Latin Remix) (25 BPM),D:\projekty\Hudba\music-editor\src\data\segments\rumba\ec80f05114a70542b1ab138a1715172bb59b9eb8__s60000ms.wav,60000,20000,,rumba
ec80f05114a70542b1ab138a1715172bb59b9eb8__80000ms,ec80f05114a70542b1ab138a1715172bb59b9eb8,RUMBA   Linkin Park   Numb (Dj Ice Latin Remix) (25 BPM),D:\projekty\Hudba\music-editor\src\data\segments\rumba\ec80f05114a70542b1ab138a1715172bb59b9eb8__s80000ms.wav,80000,20000,,rumba
ec80f05114a70542b1ab138a1715172bb59b9eb8__100000ms,ec80f05114a70542b1ab138a1715172bb59b9eb8,RUMBA   Linkin Park   Numb (Dj Ice Latin Remix) (25 BPM),D:\projekty\Hudba\music-editor\src\data\segments\rumba\ec80f05114a70542b1ab138a1715172bb59b9eb8__s100000ms.wav,100000,20000,,rumba
ec80f05114a70542b1ab138a1715172bb59b9eb8__120000ms,ec80f05114a70542b1ab138a1715172bb59b9eb8,RUMBA   Linkin Park   Numb (Dj Ice Latin Remix) (25 BPM),D:\projekty\Hudba\music-editor\src\data\segments\rumba\ec80f05114a70542b1ab138a1715172bb59b9eb8__s120000ms.wav,120000,20000,,rumba
ec80f05114a70542b1ab138a1715172bb59b9eb8__140000ms,ec80f05114a70542b1ab138a1715172bb59b9eb8,RUMBA   Linkin Park   Numb (Dj Ice Latin Remix) (25 BPM),D:\projekty\Hudba\music-editor\src\data\segments\rumba\ec80f05114a70542b1ab138a1715172bb59b9eb8__s140000ms.wav,140000,20000,,rumba
ec80f05114a70542b1ab138a1715172bb59b9eb8__160000ms,ec80f05114a70542b1ab138a1715172bb59b9eb8,RUMBA   Linkin Park   Numb (Dj Ice Latin Remix) (25 BPM),D:\projekty\Hudba\music-editor\src\data\segments\rumba\ec80f05114a70542b1ab138a1715172bb59b9eb8__s160000ms.wav,160000,20000,,rumba
ec80f05114a70542b1ab138a1715172bb59b9eb8__180000ms,ec80f05114a70542b1ab138a1715172bb59b9eb8,RUMBA   Linkin Park   Numb (Dj Ice Latin Remix) (25 BPM),D:\projekty\Hudba\music-editor\src\data\segments\rumba\ec80f05114a70542b1ab138a1715172bb59b9eb8__s180000ms.wav,180000,20000,,rumba
cee868a93a9be199c1599d2e02d65eb1923c0b52__0ms,cee868a93a9be199c1599d2e02d65eb1923c0b52,Rumba   Man In The Mirror (25 BPM),D:\projekty\Hudba\music-editor\src\data\segments\rumba\cee868a93a9be199c1599d2e02d65eb1923c0b52__s0ms.wav,0,20000,,rumba
cee868a93a9be199c1599d2e02d65eb1923c0b52__20000ms,cee868a93a9be199c1599d2e02d65eb1923c0b52,Rumba   Man In The Mirror (25 BPM),D:\projekty\Hudba\music-editor\src\data\segments\rumba\cee868a93a9be199c1599d2e02d65eb1923c0b52__s20000ms.wav,20000,20000,,rumba
cee868a93a9be199c1599d2e02d65eb1923c0b52__40000ms,cee868a93a9be199c1599d2e02d65eb1923c0b52,Rumba   Man In The Mirror (25 BPM),D:\projekty\Hudba\music-editor\src\data\segments\rumba\cee868a93a9be199c1599d2e02d65eb1923c0b52__s40000ms.wav,40000,20000,,rumba
cee868a93a9be199c1599d2e02d65eb1923c0b52__60000ms,cee868a93a9be199c1599d2e02d65eb1923c0b52,Rumba   Man In The Mirror (25 BPM),D:\projekty\Hudba\music-editor\src\data\segments\rumba\cee868a93a9be199c1599d2e02d65eb1923c0b52__s60000ms.wav,60000,20000,,rumba
cee868a93a9be199c1599d2e02d65eb1923c0b52__80000ms,cee868a93a9be199c1599d2e02d65eb1923c0b52,Rumba   Man In The Mirror (25 BPM),D:\projekty\Hudba\music-editor\src\data\segments\rumba\cee868a93a9be199c1599d2e02d65eb1923c0b52__s80000ms.wav,80000,20000,,rumba
cee868a93a9be199c1599d2e02d65eb1923c0b52__100000ms,cee868a93a9be199c1599d2e02d65eb1923c0b52,Rumba   Man In The Mirror (25 BPM),D:\projekty\Hudba\music-editor\src\data\segments\rumba\cee868a93a9be199c1599d2e02d65eb1923c0b52__s100000ms.wav,100000,20000,,rumba
cee868a93a9be199c1599d2e02d65eb1923c0b52__120000ms,cee868a93a9be199c1599d2e02d65eb1923c0b52,Rumba   Man In The Mirror (25 BPM),D:\projekty\Hudba\music-editor\src\data\segments\rumba\cee868a93a9be199c1599d2e02d65eb1923c0b52__s120000ms.wav,120000,20000,,rumba
cee868a93a9be199c1599d2e02d65eb1923c0b52__140000ms,cee868a93a9be199c1599d2e02d65eb1923c0b52,Rumba   Man In The Mirror (25 BPM),D:\projekty\Hudba\music-editor\src\data\segments\rumba\cee868a93a9be199c1599d2e02d65eb1923c0b52__s140000ms.wav,140000,20000,,rumba
cee868a93a9be199c1599d2e02d65eb1923c0b52__160000ms,cee868a93a9be199c1599d2e02d65eb1923c0b52,Rumba   Man In The Mirror (25 BPM),D:\projekty\Hudba\music-editor\src\data\segments\rumba\cee868a93a9be199c1599d2e02d65eb1923c0b52__s160000ms.wav,160000,20000,,rumba
cee868a93a9be199c1599d2e02d65eb1923c0b52__180000ms,cee868a93a9be199c1599d2e02d65eb1923c0b52,Rumba   Man In The Mirror (25 BPM),D:\projekty\Hudba\music-editor\src\data\segments\rumba\cee868a93a9be199c1599d2e02d65eb1923c0b52__s180000ms.wav,180000,20000,,rumba
cee868a93a9be199c1599d2e02d65eb1923c0b52__200000ms,cee868a93a9be199c1599d2e02d65eb1923c0b52,Rumba   Man In The Mirror (25 BPM),D:\projekty\Hudba\music-editor\src\data\segments\rumba\cee868a93a9be199c1599d2e02d65eb1923c0b52__s200000ms.wav,200000,20000,,rumba
cee868a93a9be199c1599d2e02d65eb1923c0b52__220000ms,cee868a93a9be199c1599d2e02d65eb1923c0b52,Rumba   Man In The Mirror (25 BPM),D:\projekty\Hudba\music-editor\src\data\segments\rumba\cee868a93a9be199c1599d2e02d65eb1923c0b52__s220000ms.wav,220000,20000,,rumba
a8bef80af03f4d0725add0edeb1b35369eff4ed4__0ms,a8bef80af03f4d0725add0edeb1b35369eff4ed4,Rumba   Merry Christmas Darlin,D:\projekty\Hudba\music-editor\src\data\segments\rumba\a8bef80af03f4d0725add0edeb1b35369eff4ed4__s0ms.wav,0,20000,,rumba
a8bef80af03f4d0725add0edeb1b35369eff4ed4__20000ms,a8bef80af03f4d0725add0edeb1b35369eff4ed4,Rumba   Merry Christmas Darlin,D:\projekty\Hudba\music-editor\src\data\segments\rumba\a8bef80af03f4d0725add0edeb1b35369eff4ed4__s20000ms.wav,20000,20000,,rumba
a8bef80af03f4d0725add0edeb1b35369eff4ed4__40000ms,a8bef80af03f4d0725add0edeb1b35369eff4ed4,Rumba   Merry Christmas Darlin,D:\projekty\Hudba\music-editor\src\data\segments\rumba\a8bef80af03f4d0725add0edeb1b35369eff4ed4__s40000ms.wav,40000,20000,,rumba
a8bef80af03f4d0725add0edeb1b35369eff4ed4__60000ms,a8bef80af03f4d0725add0edeb1b35369eff4ed4,Rumba   Merry Christmas Darlin,D:\projekty\Hudba\music-editor\src\data\segments\rumba\a8bef80af03f4d0725add0edeb1b35369eff4ed4__s60000ms.wav,60000,20000,,rumba
a8bef80af03f4d0725add0edeb1b35369eff4ed4__80000ms,a8bef80af03f4d0725add0edeb1b35369eff4ed4,Rumba   Merry Christmas Darlin,D:\projekty\Hudba\music-editor\src\data\segments\rumba\a8bef80af03f4d0725add0edeb1b35369eff4ed4__s80000ms.wav,80000,20000,,rumba
a8bef80af03f4d0725add0edeb1b35369eff4ed4__100000ms,a8bef80af03f4d0725add0edeb1b35369eff4ed4,Rumba   Merry Christmas Darlin,D:\projekty\Hudba\music-editor\src\data\segments\rumba\a8bef80af03f4d0725add0edeb1b35369eff4ed4__s100000ms.wav,100000,20000,,rumba
a8bef80af03f4d0725add0edeb1b35369eff4ed4__120000ms,a8bef80af03f4d0725add0edeb1b35369eff4ed4,Rumba   Merry Christmas Darlin,D:\projekty\Hudba\music-editor\src\data\segments\rumba\a8bef80af03f4d0725add0edeb1b35369eff4ed4__s120000ms.wav,120000,20000,,rumba
a8bef80af03f4d0725add0edeb1b35369eff4ed4__140000ms,a8bef80af03f4d0725add0edeb1b35369eff4ed4,Rumba   Merry Christmas Darlin,D:\projekty\Hudba\music-editor\src\data\segments\rumba\a8bef80af03f4d0725add0edeb1b35369eff4ed4__s140000ms.wav,140000,20000,,rumba
45d2d4d3049d141aa884139a1345fe00ec00534e__0ms,45d2d4d3049d141aa884139a1345fe00ec00534e,Rumba   Red Hot Chili Peppers   Californicatio,D:\projekty\Hudba\music-editor\src\data\segments\rumba\45d2d4d3049d141aa884139a1345fe00ec00534e__s0ms.wav,0,20000,,rumba
45d2d4d3049d141aa884139a1345fe00ec00534e__20000ms,45d2d4d3049d141aa884139a1345fe00ec00534e,Rumba   Red Hot Chili Peppers   Californicatio,D:\projekty\Hudba\music-editor\src\data\segments\rumba\45d2d4d3049d141aa884139a1345fe00ec00534e__s20000ms.wav,20000,20000,,rumba
45d2d4d3049d141aa884139a1345fe00ec00534e__40000ms,45d2d4d3049d141aa884139a1345fe00ec00534e,Rumba   Red Hot Chili Peppers   Californicatio,D:\projekty\Hudba\music-editor\src\data\segments\rumba\45d2d4d3049d141aa884139a1345fe00ec00534e__s40000ms.wav,40000,20000,,rumba
45d2d4d3049d141aa884139a1345fe00ec00534e__60000ms,45d2d4d3049d141aa884139a1345fe00ec00534e,Rumba   Red Hot Chili Peppers   Californicatio,D:\projekty\Hudba\music-editor\src\data\segments\rumba\45d2d4d3049d141aa884139a1345fe00ec00534e__s60000ms.wav,60000,20000,,rumba
45d2d4d3049d141aa884139a1345fe00ec00534e__80000ms,45d2d4d3049d141aa884139a1345fe00ec00534e,Rumba   Red Hot Chili Peppers   Californicatio,D:\projekty\Hudba\music-editor\src\data\segments\rumba\45d2d4d3049d141aa884139a1345fe00ec00534e__s80000ms.wav,80000,20000,,rumba
c6330bd5ff93b5052354659651ab5a1fd4fc2234__0ms,c6330bd5ff93b5052354659651ab5a1fd4fc2234,Rumba   Set Fire To The Rai,D:\projekty\Hudba\music-editor\src\data\segments\rumba\c6330bd5ff93b5052354659651ab5a1fd4fc2234__s0ms.wav,0,20000,,rumba
c6330bd5ff93b5052354659651ab5a1fd4fc2234__20000ms,c6330bd5ff93b5052354659651ab5a1fd4fc2234,Rumba   Set Fire To The Rai,D:\projekty\Hudba\music-editor\src\data\segments\rumba\c6330bd5ff93b5052354659651ab5a1fd4fc2234__s20000ms.wav,20000,20000,,rumba
c6330bd5ff93b5052354659651ab5a1fd4fc2234__40000ms,c6330bd5ff93b5052354659651ab5a1fd4fc2234,Rumba   Set Fire To The Rai,D:\projekty\Hudba\music-editor\src\data\segments\rumba\c6330bd5ff93b5052354659651ab5a1fd4fc2234__s40000ms.wav,40000,20000,,rumba
c6330bd5ff93b5052354659651ab5a1fd4fc2234__60000ms,c6330bd5ff93b5052354659651ab5a1fd4fc2234,Rumba   Set Fire To The Rai,D:\projekty\Hudba\music-editor\src\data\segments\rumba\c6330bd5ff93b5052354659651ab5a1fd4fc2234__s60000ms.wav,60000,20000,,rumba
c6330bd5ff93b5052354659651ab5a1fd4fc2234__80000ms,c6330bd5ff93b5052354659651ab5a1fd4fc2234,Rumba   Set Fire To The Rai,D:\projekty\Hudba\music-editor\src\data\segments\rumba\c6330bd5ff93b5052354659651ab5a1fd4fc2234__s80000ms.wav,80000,20000,,rumba
c6330bd5ff93b5052354659651ab5a1fd4fc2234__100000ms,c6330bd5ff93b5052354659651ab5a1fd4fc2234,Rumba   Set Fire To The Rai,D:\projekty\Hudba\music-editor\src\data\segments\rumba\c6330bd5ff93b5052354659651ab5a1fd4fc2234__s100000ms.wav,100000,20000,,rumba
c6330bd5ff93b5052354659651ab5a1fd4fc2234__120000ms,c6330bd5ff93b5052354659651ab5a1fd4fc2234,Rumba   Set Fire To The Rai,D:\projekty\Hudba\music-editor\src\data\segments\rumba\c6330bd5ff93b5052354659651ab5a1fd4fc2234__s120000ms.wav,120000,20000,,rumba
c6330bd5ff93b5052354659651ab5a1fd4fc2234__140000ms,c6330bd5ff93b5052354659651ab5a1fd4fc2234,Rumba   Set Fire To The Rai,D:\projekty\Hudba\music-editor\src\data\segments\rumba\c6330bd5ff93b5052354659651ab5a1fd4fc2234__s140000ms.wav,140000,20000,,rumba
66fac85b2a258e16eff701402c36888de8124455__0ms,66fac85b2a258e16eff701402c36888de8124455,Rumba   Titaniu,D:\projekty\Hudba\music-editor\src\data\segments\rumba\66fac85b2a258e16eff701402c36888de8124455__s0ms.wav,0,20000,,rumba
66fac85b2a258e16eff701402c36888de8124455__20000ms,66fac85b2a258e16eff701402c36888de8124455,Rumba   Titaniu,D:\projekty\Hudba\music-editor\src\data\segments\rumba\66fac85b2a258e16eff701402c36888de8124455__s20000ms.wav,20000,20000,,rumba
66fac85b2a258e16eff701402c36888de8124455__40000ms,66fac85b2a258e16eff701402c36888de8124455,Rumba   Titaniu,D:\projekty\Hudba\music-editor\src\data\segments\rumba\66fac85b2a258e16eff701402c36888de8124455__s40000ms.wav,40000,20000,,rumba
66fac85b2a258e16eff701402c36888de8124455__60000ms,66fac85b2a258e16eff701402c36888de8124455,Rumba   Titaniu,D:\projekty\Hudba\music-editor\src\data\segments\rumba\66fac85b2a258e16eff701402c36888de8124455__s60000ms.wav,60000,20000,,rumba
66fac85b2a258e16eff701402c36888de8124455__80000ms,66fac85b2a258e16eff701402c36888de8124455,Rumba   Titaniu,D:\projekty\Hudba\music-editor\src\data\segments\rumba\66fac85b2a258e16eff701402c36888de8124455__s80000ms.wav,80000,20000,,rumba
66fac85b2a258e16eff701402c36888de8124455__100000ms,66fac85b2a258e16eff701402c36888de8124455,Rumba   Titaniu,D:\projekty\Hudba\music-editor\src\data\segments\rumba\66fac85b2a258e16eff701402c36888de8124455__s100000ms.wav,100000,20000,,rumba
66fac85b2a258e16eff701402c36888de8124455__120000ms,66fac85b2a258e16eff701402c36888de8124455,Rumba   Titaniu,D:\projekty\Hudba\music-editor\src\data\segments\rumba\66fac85b2a258e16eff701402c36888de8124455__s120000ms.wav,120000,20000,,rumba
66fac85b2a258e16eff701402c36888de8124455__140000ms,66fac85b2a258e16eff701402c36888de8124455,Rumba   Titaniu,D:\projekty\Hudba\music-editor\src\data\segments\rumba\66fac85b2a258e16eff701402c36888de8124455__s140000ms.wav,140000,20000,,rumba
66fac85b2a258e16eff701402c36888de8124455__160000ms,66fac85b2a258e16eff701402c36888de8124455,Rumba   Titaniu,D:\projekty\Hudba\music-editor\src\data\segments\rumba\66fac85b2a258e16eff701402c36888de8124455__s160000ms.wav,160000,20000,,rumba
66fac85b2a258e16eff701402c36888de8124455__180000ms,66fac85b2a258e16eff701402c36888de8124455,Rumba   Titaniu,D:\projekty\Hudba\music-editor\src\data\segments\rumba\66fac85b2a258e16eff701402c36888de8124455__s180000ms.wav,180000,20000,,rumba
66fac85b2a258e16eff701402c36888de8124455__200000ms,66fac85b2a258e16eff701402c36888de8124455,Rumba   Titaniu,D:\projekty\Hudba\music-editor\src\data\segments\rumba\66fac85b2a258e16eff701402c36888de8124455__s200000ms.wav,200000,8797,,rumba
08258ffa44299346948cb9d60abd9256ae6b1206__0ms,08258ffa44299346948cb9d60abd9256ae6b1206,RUMBA  Amason Performs   California Dreami,D:\projekty\Hudba\music-editor\src\data\segments\rumba\08258ffa44299346948cb9d60abd9256ae6b1206__s0ms.wav,0,20000,,rumba
08258ffa44299346948cb9d60abd9256ae6b1206__20000ms,08258ffa44299346948cb9d60abd9256ae6b1206,RUMBA  Amason Performs   California Dreami,D:\projekty\Hudba\music-editor\src\data\segments\rumba\08258ffa44299346948cb9d60abd9256ae6b1206__s20000ms.wav,20000,20000,,rumba
08258ffa44299346948cb9d60abd9256ae6b1206__40000ms,08258ffa44299346948cb9d60abd9256ae6b1206,RUMBA  Amason Performs   California Dreami,D:\projekty\Hudba\music-editor\src\data\segments\rumba\08258ffa44299346948cb9d60abd9256ae6b1206__s40000ms.wav,40000,20000,,rumba
08258ffa44299346948cb9d60abd9256ae6b1206__60000ms,08258ffa44299346948cb9d60abd9256ae6b1206,RUMBA  Amason Performs   California Dreami,D:\projekty\Hudba\music-editor\src\data\segments\rumba\08258ffa44299346948cb9d60abd9256ae6b1206__s60000ms.wav,60000,20000,,rumba
08258ffa44299346948cb9d60abd9256ae6b1206__80000ms,08258ffa44299346948cb9d60abd9256ae6b1206,RUMBA  Amason Performs   California Dreami,D:\projekty\Hudba\music-editor\src\data\segments\rumba\08258ffa44299346948cb9d60abd9256ae6b1206__s80000ms.wav,80000,20000,,rumba
08258ffa44299346948cb9d60abd9256ae6b1206__100000ms,08258ffa44299346948cb9d60abd9256ae6b1206,RUMBA  Amason Performs   California Dreami,D:\projekty\Hudba\music-editor\src\data\segments\rumba\08258ffa44299346948cb9d60abd9256ae6b1206__s100000ms.wav,100000,20000,,rumba
08258ffa44299346948cb9d60abd9256ae6b1206__120000ms,08258ffa44299346948cb9d60abd9256ae6b1206,RUMBA  Amason Performs   California Dreami,D:\projekty\Hudba\music-editor\src\data\segments\rumba\08258ffa44299346948cb9d60abd9256ae6b1206__s120000ms.wav,120000,20000,,rumba
08258ffa44299346948cb9d60abd9256ae6b1206__140000ms,08258ffa44299346948cb9d60abd9256ae6b1206,RUMBA  Amason Performs   California Dreami,D:\projekty\Hudba\music-editor\src\data\segments\rumba\08258ffa44299346948cb9d60abd9256ae6b1206__s140000ms.wav,140000,20000,,rumba
08258ffa44299346948cb9d60abd9256ae6b1206__160000ms,08258ffa44299346948cb9d60abd9256ae6b1206,RUMBA  Amason Performs   California Dreami,D:\projekty\Hudba\music-editor\src\data\segments\rumba\08258ffa44299346948cb9d60abd9256ae6b1206__s160000ms.wav,160000,15987,,rumba
b420fed217e662bc076f3a69ac343380eade032f__0ms,b420fed217e662bc076f3a69ac343380eade032f,RUMBA  Dj Kings vs Alan Walker Faded (rumba version),D:\projekty\Hudba\music-editor\src\data\segments\rumba\b420fed217e662bc076f3a69ac343380eade032f__s0ms.wav,0,20000,,rumba
b420fed217e662bc076f3a69ac343380eade032f__20000ms,b420fed217e662bc076f3a69ac343380eade032f,RUMBA  Dj Kings vs Alan Walker Faded (rumba version),D:\projekty\Hudba\music-editor\src\data\segments\rumba\b420fed217e662bc076f3a69ac343380eade032f__s20000ms.wav,20000,20000,,rumba
b420fed217e662bc076f3a69ac343380eade032f__40000ms,b420fed217e662bc076f3a69ac343380eade032f,RUMBA  Dj Kings vs Alan Walker Faded (rumba version),D:\projekty\Hudba\music-editor\src\data\segments\rumba\b420fed217e662bc076f3a69ac343380eade032f__s40000ms.wav,40000,20000,,rumba
b420fed217e662bc076f3a69ac343380eade032f__60000ms,b420fed217e662bc076f3a69ac343380eade032f,RUMBA  Dj Kings vs Alan Walker Faded (rumba version),D:\projekty\Hudba\music-editor\src\data\segments\rumba\b420fed217e662bc076f3a69ac343380eade032f__s60000ms.wav,60000,20000,,rumba
b420fed217e662bc076f3a69ac343380eade032f__80000ms,b420fed217e662bc076f3a69ac343380eade032f,RUMBA  Dj Kings vs Alan Walker Faded (rumba version),D:\projekty\Hudba\music-editor\src\data\segments\rumba\b420fed217e662bc076f3a69ac343380eade032f__s80000ms.wav,80000,20000,,rumba
b420fed217e662bc076f3a69ac343380eade032f__100000ms,b420fed217e662bc076f3a69ac343380eade032f,RUMBA  Dj Kings vs Alan Walker Faded (rumba version),D:\projekty\Hudba\music-editor\src\data\segments\rumba\b420fed217e662bc076f3a69ac343380eade032f__s100000ms.wav,100000,20000,,rumba
b420fed217e662bc076f3a69ac343380eade032f__120000ms,b420fed217e662bc076f3a69ac343380eade032f,RUMBA  Dj Kings vs Alan Walker Faded (rumba version),D:\projekty\Hudba\music-editor\src\data\segments\rumba\b420fed217e662bc076f3a69ac343380eade032f__s120000ms.wav,120000,20000,,rumba
b420fed217e662bc076f3a69ac343380eade032f__140000ms,b420fed217e662bc076f3a69ac343380eade032f,RUMBA  Dj Kings vs Alan Walker Faded (rumba version),D:\projekty\Hudba\music-editor\src\data\segments\rumba\b420fed217e662bc076f3a69ac343380eade032f__s140000ms.wav,140000,20000,,rumba
b420fed217e662bc076f3a69ac343380eade032f__160000ms,b420fed217e662bc076f3a69ac343380eade032f,RUMBA  Dj Kings vs Alan Walker Faded (rumba version),D:\projekty\Hudba\music-editor\src\data\segments\rumba\b420fed217e662bc076f3a69ac343380eade032f__s160000ms.wav,160000,20000,,rumba
b420fed217e662bc076f3a69ac343380eade032f__180000ms,b420fed217e662bc076f3a69ac343380eade032f,RUMBA  Dj Kings vs Alan Walker Faded (rumba version),D:\projekty\Hudba\music-editor\src\data\segments\rumba\b420fed217e662bc076f3a69ac343380eade032f__s180000ms.wav,180000,14508,,rumba
aaec918b5430c7a640ae9bfa2ec24f7c0401b8a1__0ms,aaec918b5430c7a640ae9bfa2ec24f7c0401b8a1,RUMBA  Ellie Goulding – Love Me Like You Do (DJ Maksy Rumba remix),D:\projekty\Hudba\music-editor\src\data\segments\rumba\aaec918b5430c7a640ae9bfa2ec24f7c0401b8a1__s0ms.wav,0,20000,,rumba
aaec918b5430c7a640ae9bfa2ec24f7c0401b8a1__20000ms,aaec918b5430c7a640ae9bfa2ec24f7c0401b8a1,RUMBA  Ellie Goulding – Love Me Like You Do (DJ Maksy Rumba remix),D:\projekty\Hudba\music-editor\src\data\segments\rumba\aaec918b5430c7a640ae9bfa2ec24f7c0401b8a1__s20000ms.wav,20000,20000,,rumba
aaec918b5430c7a640ae9bfa2ec24f7c0401b8a1__40000ms,aaec918b5430c7a640ae9bfa2ec24f7c0401b8a1,RUMBA  Ellie Goulding – Love Me Like You Do (DJ Maksy Rumba remix),D:\projekty\Hudba\music-editor\src\data\segments\rumba\aaec918b5430c7a640ae9bfa2ec24f7c0401b8a1__s40000ms.wav,40000,20000,,rumba
aaec918b5430c7a640ae9bfa2ec24f7c0401b8a1__60000ms,aaec918b5430c7a640ae9bfa2ec24f7c0401b8a1,RUMBA  Ellie Goulding – Love Me Like You Do (DJ Maksy Rumba remix),D:\projekty\Hudba\music-editor\src\data\segments\rumba\aaec918b5430c7a640ae9bfa2ec24f7c0401b8a1__s60000ms.wav,60000,20000,,rumba
aaec918b5430c7a640ae9bfa2ec24f7c0401b8a1__80000ms,aaec918b5430c7a640ae9bfa2ec24f7c0401b8a1,RUMBA  Ellie Goulding – Love Me Like You Do (DJ Maksy Rumba remix),D:\projekty\Hudba\music-editor\src\data\segments\rumba\aaec918b5430c7a640ae9bfa2ec24f7c0401b8a1__s80000ms.wav,80000,20000,,rumba
aaec918b5430c7a640ae9bfa2ec24f7c0401b8a1__100000ms,aaec918b5430c7a640ae9bfa2ec24f7c0401b8a1,RUMBA  Ellie Goulding – Love Me Like You Do (DJ Maksy Rumba remix),D:\projekty\Hudba\music-editor\src\data\segments\rumba\aaec918b5430c7a640ae9bfa2ec24f7c0401b8a1__s100000ms.wav,100000,20000,,rumba
aaec918b5430c7a640ae9bfa2ec24f7c0401b8a1__120000ms,aaec918b5430c7a640ae9bfa2ec24f7c0401b8a1,RUMBA  Ellie Goulding – Love Me Like You Do (DJ Maksy Rumba remix),D:\projekty\Hudba\music-editor\src\data\segments\rumba\aaec918b5430c7a640ae9bfa2ec24f7c0401b8a1__s120000ms.wav,120000,20000,,rumba
aaec918b5430c7a640ae9bfa2ec24f7c0401b8a1__140000ms,aaec918b5430c7a640ae9bfa2ec24f7c0401b8a1,RUMBA  Ellie Goulding – Love Me Like You Do (DJ Maksy Rumba remix),D:\projekty\Hudba\music-editor\src\data\segments\rumba\aaec918b5430c7a640ae9bfa2ec24f7c0401b8a1__s140000ms.wav,140000,20000,,rumba
aaec918b5430c7a640ae9bfa2ec24f7c0401b8a1__160000ms,aaec918b5430c7a640ae9bfa2ec24f7c0401b8a1,RUMBA  Ellie Goulding – Love Me Like You Do (DJ Maksy Rumba remix),D:\projekty\Hudba\music-editor\src\data\segments\rumba\aaec918b5430c7a640ae9bfa2ec24f7c0401b8a1__s160000ms.wav,160000,20000,,rumba
aaec918b5430c7a640ae9bfa2ec24f7c0401b8a1__180000ms,aaec918b5430c7a640ae9bfa2ec24f7c0401b8a1,RUMBA  Ellie Goulding – Love Me Like You Do (DJ Maksy Rumba remix),D:\projekty\Hudba\music-editor\src\data\segments\rumba\aaec918b5430c7a640ae9bfa2ec24f7c0401b8a1__s180000ms.wav,180000,20000,,rumba
aaec918b5430c7a640ae9bfa2ec24f7c0401b8a1__200000ms,aaec918b5430c7a640ae9bfa2ec24f7c0401b8a1,RUMBA  Ellie Goulding – Love Me Like You Do (DJ Maksy Rumba remix),D:\projekty\Hudba\music-editor\src\data\segments\rumba\aaec918b5430c7a640ae9bfa2ec24f7c0401b8a1__s200000ms.wav,200000,20000,,rumba
aaec918b5430c7a640ae9bfa2ec24f7c0401b8a1__220000ms,aaec918b5430c7a640ae9bfa2ec24f7c0401b8a1,RUMBA  Ellie Goulding – Love Me Like You Do (DJ Maksy Rumba remix),D:\projekty\Hudba\music-editor\src\data\segments\rumba\aaec918b5430c7a640ae9bfa2ec24f7c0401b8a1__s220000ms.wav,220000,9407,,rumba
0028a29db21aa9a081dc91752468c35703a94351__0ms,0028a29db21aa9a081dc91752468c35703a94351,RUMBA  Number One Touch and Go,D:\projekty\Hudba\music-editor\src\data\segments\rumba\0028a29db21aa9a081dc91752468c35703a94351__s0ms.wav,0,20000,,rumba
0028a29db21aa9a081dc91752468c35703a94351__20000ms,0028a29db21aa9a081dc91752468c35703a94351,RUMBA  Number One Touch and Go,D:\projekty\Hudba\music-editor\src\data\segments\rumba\0028a29db21aa9a081dc91752468c35703a94351__s20000ms.wav,20000,20000,,rumba
0028a29db21aa9a081dc91752468c35703a94351__40000ms,0028a29db21aa9a081dc91752468c35703a94351,RUMBA  Number One Touch and Go,D:\projekty\Hudba\music-editor\src\data\segments\rumba\0028a29db21aa9a081dc91752468c35703a94351__s40000ms.wav,40000,20000,,rumba
0028a29db21aa9a081dc91752468c35703a94351__60000ms,0028a29db21aa9a081dc91752468c35703a94351,RUMBA  Number One Touch and Go,D:\projekty\Hudba\music-editor\src\data\segments\rumba\0028a29db21aa9a081dc91752468c35703a94351__s60000ms.wav,60000,20000,,rumba
0028a29db21aa9a081dc91752468c35703a94351__80000ms,0028a29db21aa9a081dc91752468c35703a94351,RUMBA  Number One Touch and Go,D:\projekty\Hudba\music-editor\src\data\segments\rumba\0028a29db21aa9a081dc91752468c35703a94351__s80000ms.wav,80000,20000,,rumba
0028a29db21aa9a081dc91752468c35703a94351__100000ms,0028a29db21aa9a081dc91752468c35703a94351,RUMBA  Number One Touch and Go,D:\projekty\Hudba\music-editor\src\data\segments\rumba\0028a29db21aa9a081dc91752468c35703a94351__s100000ms.wav,100000,20000,,rumba
0028a29db21aa9a081dc91752468c35703a94351__120000ms,0028a29db21aa9a081dc91752468c35703a94351,RUMBA  Number One Touch and Go,D:\projekty\Hudba\music-editor\src\data\segments\rumba\0028a29db21aa9a081dc91752468c35703a94351__s120000ms.wav,120000,20000,,rumba
0028a29db21aa9a081dc91752468c35703a94351__140000ms,0028a29db21aa9a081dc91752468c35703a94351,RUMBA  Number One Touch and Go,D:\projekty\Hudba\music-editor\src\data\segments\rumba\0028a29db21aa9a081dc91752468c35703a94351__s140000ms.wav,140000,20000,,rumba
0028a29db21aa9a081dc91752468c35703a94351__160000ms,0028a29db21aa9a081dc91752468c35703a94351,RUMBA  Number One Touch and Go,D:\projekty\Hudba\music-editor\src\data\segments\rumba\0028a29db21aa9a081dc91752468c35703a94351__s160000ms.wav,160000,20000,,rumba
0028a29db21aa9a081dc91752468c35703a94351__180000ms,0028a29db21aa9a081dc91752468c35703a94351,RUMBA  Number One Touch and Go,D:\projekty\Hudba\music-editor\src\data\segments\rumba\0028a29db21aa9a081dc91752468c35703a94351__s180000ms.wav,180000,20000,,rumba
0028a29db21aa9a081dc91752468c35703a94351__200000ms,0028a29db21aa9a081dc91752468c35703a94351,RUMBA  Number One Touch and Go,D:\projekty\Hudba\music-editor\src\data\segments\rumba\0028a29db21aa9a081dc91752468c35703a94351__s200000ms.wav,200000,20000,,rumba
0028a29db21aa9a081dc91752468c35703a94351__220000ms,0028a29db21aa9a081dc91752468c35703a94351,RUMBA  Number One Touch and Go,D:\projekty\Hudba\music-editor\src\data\segments\rumba\0028a29db21aa9a081dc91752468c35703a94351__s220000ms.wav,220000,10531,,rumba
3a4bb7d1895ffa9ebd013c5dbd2cf6ee82d82c00__0ms,3a4bb7d1895ffa9ebd013c5dbd2cf6ee82d82c00,"RUMBA - Algo Tienes, kratší Martha Sanchez",D:\projekty\Hudba\music-editor\src\data\segments\rumba\3a4bb7d1895ffa9ebd013c5dbd2cf6ee82d82c00__s0ms.wav,0,20000,,rumba
3a4bb7d1895ffa9ebd013c5dbd2cf6ee82d82c00__20000ms,3a4bb7d1895ffa9ebd013c5dbd2cf6ee82d82c00,"RUMBA - Algo Tienes, kratší Martha Sanchez",D:\projekty\Hudba\music-editor\src\data\segments\rumba\3a4bb7d1895ffa9ebd013c5dbd2cf6ee82d82c00__s20000ms.wav,20000,20000,,rumba
3a4bb7d1895ffa9ebd013c5dbd2cf6ee82d82c00__40000ms,3a4bb7d1895ffa9ebd013c5dbd2cf6ee82d82c00,"RUMBA - Algo Tienes, kratší Martha Sanchez",D:\projekty\Hudba\music-editor\src\data\segments\rumba\3a4bb7d1895ffa9ebd013c5dbd2cf6ee82d82c00__s40000ms.wav,40000,20000,,rumba
3a4bb7d1895ffa9ebd013c5dbd2cf6ee82d82c00__60000ms,3a4bb7d1895ffa9ebd013c5dbd2cf6ee82d82c00,"RUMBA - Algo Tienes, kratší Martha Sanchez",D:\projekty\Hudba\music-editor\src\data\segments\rumba\3a4bb7d1895ffa9ebd013c5dbd2cf6ee82d82c00__s60000ms.wav,60000,20000,,rumba
3a4bb7d1895ffa9ebd013c5dbd2cf6ee82d82c00__80000ms,3a4bb7d1895ffa9ebd013c5dbd2cf6ee82d82c00,"RUMBA - Algo Tienes, kratší Martha Sanchez",D:\projekty\Hudba\music-editor\src\data\segments\rumba\3a4bb7d1895ffa9ebd013c5dbd2cf6ee82d82c00__s80000ms.wav,80000,20000,,rumba
3a4bb7d1895ffa9ebd013c5dbd2cf6ee82d82c00__100000ms,3a4bb7d1895ffa9ebd013c5dbd2cf6ee82d82c00,"RUMBA - Algo Tienes, kratší Martha Sanchez",D:\projekty\Hudba\music-editor\src\data\segments\rumba\3a4bb7d1895ffa9ebd013c5dbd2cf6ee82d82c00__s100000ms.wav,100000,20000,,rumba
3a4bb7d1895ffa9ebd013c5dbd2cf6ee82d82c00__120000ms,3a4bb7d1895ffa9ebd013c5dbd2cf6ee82d82c00,"RUMBA - Algo Tienes, kratší Martha Sanchez",D:\projekty\Hudba\music-editor\src\data\segments\rumba\3a4bb7d1895ffa9ebd013c5dbd2cf6ee82d82c00__s120000ms.wav,120000,20000,,rumba
3a4bb7d1895ffa9ebd013c5dbd2cf6ee82d82c00__140000ms,3a4bb7d1895ffa9ebd013c5dbd2cf6ee82d82c00,"RUMBA - Algo Tienes, kratší Martha Sanchez",D:\projekty\Hudba\music-editor\src\data\segments\rumba\3a4bb7d1895ffa9ebd013c5dbd2cf6ee82d82c00__s140000ms.wav,140000,20000,,rumba
3a4bb7d1895ffa9ebd013c5dbd2cf6ee82d82c00__160000ms,3a4bb7d1895ffa9ebd013c5dbd2cf6ee82d82c00,"RUMBA - Algo Tienes, kratší Martha Sanchez",D:\projekty\Hudba\music-editor\src\data\segments\rumba\3a4bb7d1895ffa9ebd013c5dbd2cf6ee82d82c00__s160000ms.wav,160000,20000,,rumba
3a4bb7d1895ffa9ebd013c5dbd2cf6ee82d82c00__180000ms,3a4bb7d1895ffa9ebd013c5dbd2cf6ee82d82c00,"RUMBA - Algo Tienes, kratší Martha Sanchez",D:\projekty\Hudba\music-editor\src\data\segments\rumba\3a4bb7d1895ffa9ebd013c5dbd2cf6ee82d82c00__s180000ms.wav,180000,20000,,rumba
3a4bb7d1895ffa9ebd013c5dbd2cf6ee82d82c00__200000ms,3a4bb7d1895ffa9ebd013c5dbd2cf6ee82d82c00,"RUMBA - Algo Tienes, kratší Martha Sanchez",D:\projekty\Hudba\music-editor\src\data\segments\rumba\3a4bb7d1895ffa9ebd013c5dbd2cf6ee82d82c00__s200000ms.wav,200000,20000,,rumba
3a4bb7d1895ffa9ebd013c5dbd2cf6ee82d82c00__220000ms,3a4bb7d1895ffa9ebd013c5dbd2cf6ee82d82c00,"RUMBA - Algo Tienes, kratší Martha Sanchez",D:\projekty\Hudba\music-editor\src\data\segments\rumba\3a4bb7d1895ffa9ebd013c5dbd2cf6ee82d82c00__s220000ms.wav,220000,8206,,rumba
9b9ee7c4a3696945a0aa8455dcd156d6ccc86843__0ms,9b9ee7c4a3696945a0aa8455dcd156d6ccc86843,"RUMBA - Algo Tienes, Martha Sanchez",D:\projekty\Hudba\music-editor\src\data\segments\rumba\9b9ee7c4a3696945a0aa8455dcd156d6ccc86843__s0ms.wav,0,20000,,rumba
9b9ee7c4a3696945a0aa8455dcd156d6ccc86843__20000ms,9b9ee7c4a3696945a0aa8455dcd156d6ccc86843,"RUMBA - Algo Tienes, Martha Sanchez",D:\projekty\Hudba\music-editor\src\data\segments\rumba\9b9ee7c4a3696945a0aa8455dcd156d6ccc86843__s20000ms.wav,20000,20000,,rumba
9b9ee7c4a3696945a0aa8455dcd156d6ccc86843__40000ms,9b9ee7c4a3696945a0aa8455dcd156d6ccc86843,"RUMBA - Algo Tienes, Martha Sanchez",D:\projekty\Hudba\music-editor\src\data\segments\rumba\9b9ee7c4a3696945a0aa8455dcd156d6ccc86843__s40000ms.wav,40000,20000,,rumba
9b9ee7c4a3696945a0aa8455dcd156d6ccc86843__60000ms,9b9ee7c4a3696945a0aa8455dcd156d6ccc86843,"RUMBA - Algo Tienes, Martha Sanchez",D:\projekty\Hudba\music-editor\src\data\segments\rumba\9b9ee7c4a3696945a0aa8455dcd156d6ccc86843__s60000ms.wav,60000,20000,,rumba
9b9ee7c4a3696945a0aa8455dcd156d6ccc86843__80000ms,9b9ee7c4a3696945a0aa8455dcd156d6ccc86843,"RUMBA - Algo Tienes, Martha Sanchez",D:\projekty\Hudba\music-editor\src\data\segments\rumba\9b9ee7c4a3696945a0aa8455dcd156d6ccc86843__s80000ms.wav,80000,20000,,rumba
9b9ee7c4a3696945a0aa8455dcd156d6ccc86843__100000ms,9b9ee7c4a3696945a0aa8455dcd156d6ccc86843,"RUMBA - Algo Tienes, Martha Sanchez",D:\projekty\Hudba\music-editor\src\data\segments\rumba\9b9ee7c4a3696945a0aa8455dcd156d6ccc86843__s100000ms.wav,100000,20000,,rumba
9b9ee7c4a3696945a0aa8455dcd156d6ccc86843__120000ms,9b9ee7c4a3696945a0aa8455dcd156d6ccc86843,"RUMBA - Algo Tienes, Martha Sanchez",D:\projekty\Hudba\music-editor\src\data\segments\rumba\9b9ee7c4a3696945a0aa8455dcd156d6ccc86843__s120000ms.wav,120000,20000,,rumba
9b9ee7c4a3696945a0aa8455dcd156d6ccc86843__140000ms,9b9ee7c4a3696945a0aa8455dcd156d6ccc86843,"RUMBA - Algo Tienes, Martha Sanchez",D:\projekty\Hudba\music-editor\src\data\segments\rumba\9b9ee7c4a3696945a0aa8455dcd156d6ccc86843__s140000ms.wav,140000,20000,,rumba
9b9ee7c4a3696945a0aa8455dcd156d6ccc86843__160000ms,9b9ee7c4a3696945a0aa8455dcd156d6ccc86843,"RUMBA - Algo Tienes, Martha Sanchez",D:\projekty\Hudba\music-editor\src\data\segments\rumba\9b9ee7c4a3696945a0aa8455dcd156d6ccc86843__s160000ms.wav,160000,20000,,rumba
9b9ee7c4a3696945a0aa8455dcd156d6ccc86843__180000ms,9b9ee7c4a3696945a0aa8455dcd156d6ccc86843,"RUMBA - Algo Tienes, Martha Sanchez",D:\projekty\Hudba\music-editor\src\data\segments\rumba\9b9ee7c4a3696945a0aa8455dcd156d6ccc86843__s180000ms.wav,180000,20000,,rumba
9b9ee7c4a3696945a0aa8455dcd156d6ccc86843__200000ms,9b9ee7c4a3696945a0aa8455dcd156d6ccc86843,"RUMBA - Algo Tienes, Martha Sanchez",D:\projekty\Hudba\music-editor\src\data\segments\rumba\9b9ee7c4a3696945a0aa8455dcd156d6ccc86843__s200000ms.wav,200000,20000,,rumba
9b9ee7c4a3696945a0aa8455dcd156d6ccc86843__220000ms,9b9ee7c4a3696945a0aa8455dcd156d6ccc86843,"RUMBA - Algo Tienes, Martha Sanchez",D:\projekty\Hudba\music-editor\src\data\segments\rumba\9b9ee7c4a3696945a0aa8455dcd156d6ccc86843__s220000ms.wav,220000,20000,,rumba
9b9ee7c4a3696945a0aa8455dcd156d6ccc86843__240000ms,9b9ee7c4a3696945a0aa8455dcd156d6ccc86843,"RUMBA - Algo Tienes, Martha Sanchez",D:\projekty\Hudba\music-editor\src\data\segments\rumba\9b9ee7c4a3696945a0aa8455dcd156d6ccc86843__s240000ms.wav,240000,20000,,rumba
66a5787f4f101ff746efa8ec04f2b36baca9859b__0ms,66a5787f4f101ff746efa8ec04f2b36baca9859b,RUMBA - BESAME MUCHO,D:\projekty\Hudba\music-editor\src\data\segments\rumba\66a5787f4f101ff746efa8ec04f2b36baca9859b__s0ms.wav,0,20000,,rumba
66a5787f4f101ff746efa8ec04f2b36baca9859b__20000ms,66a5787f4f101ff746efa8ec04f2b36baca9859b,RUMBA - BESAME MUCHO,D:\projekty\Hudba\music-editor\src\data\segments\rumba\66a5787f4f101ff746efa8ec04f2b36baca9859b__s20000ms.wav,20000,20000,,rumba
66a5787f4f101ff746efa8ec04f2b36baca9859b__40000ms,66a5787f4f101ff746efa8ec04f2b36baca9859b,RUMBA - BESAME MUCHO,D:\projekty\Hudba\music-editor\src\data\segments\rumba\66a5787f4f101ff746efa8ec04f2b36baca9859b__s40000ms.wav,40000,20000,,rumba
66a5787f4f101ff746efa8ec04f2b36baca9859b__60000ms,66a5787f4f101ff746efa8ec04f2b36baca9859b,RUMBA - BESAME MUCHO,D:\projekty\Hudba\music-editor\src\data\segments\rumba\66a5787f4f101ff746efa8ec04f2b36baca9859b__s60000ms.wav,60000,20000,,rumba
66a5787f4f101ff746efa8ec04f2b36baca9859b__80000ms,66a5787f4f101ff746efa8ec04f2b36baca9859b,RUMBA - BESAME MUCHO,D:\projekty\Hudba\music-editor\src\data\segments\rumba\66a5787f4f101ff746efa8ec04f2b36baca9859b__s80000ms.wav,80000,20000,,rumba
66a5787f4f101ff746efa8ec04f2b36baca9859b__100000ms,66a5787f4f101ff746efa8ec04f2b36baca9859b,RUMBA - BESAME MUCHO,D:\projekty\Hudba\music-editor\src\data\segments\rumba\66a5787f4f101ff746efa8ec04f2b36baca9859b__s100000ms.wav,100000,20000,,rumba
66a5787f4f101ff746efa8ec04f2b36baca9859b__120000ms,66a5787f4f101ff746efa8ec04f2b36baca9859b,RUMBA - BESAME MUCHO,D:\projekty\Hudba\music-editor\src\data\segments\rumba\66a5787f4f101ff746efa8ec04f2b36baca9859b__s120000ms.wav,120000,20000,,rumba
66a5787f4f101ff746efa8ec04f2b36baca9859b__140000ms,66a5787f4f101ff746efa8ec04f2b36baca9859b,RUMBA - BESAME MUCHO,D:\projekty\Hudba\music-editor\src\data\segments\rumba\66a5787f4f101ff746efa8ec04f2b36baca9859b__s140000ms.wav,140000,20000,,rumba
66a5787f4f101ff746efa8ec04f2b36baca9859b__160000ms,66a5787f4f101ff746efa8ec04f2b36baca9859b,RUMBA - BESAME MUCHO,D:\projekty\Hudba\music-editor\src\data\segments\rumba\66a5787f4f101ff746efa8ec04f2b36baca9859b__s160000ms.wav,160000,20000,,rumba
66a5787f4f101ff746efa8ec04f2b36baca9859b__180000ms,66a5787f4f101ff746efa8ec04f2b36baca9859b,RUMBA - BESAME MUCHO,D:\projekty\Hudba\music-editor\src\data\segments\rumba\66a5787f4f101ff746efa8ec04f2b36baca9859b__s180000ms.wav,180000,20000,,rumba
66a5787f4f101ff746efa8ec04f2b36baca9859b__200000ms,66a5787f4f101ff746efa8ec04f2b36baca9859b,RUMBA - BESAME MUCHO,D:\projekty\Hudba\music-editor\src\data\segments\rumba\66a5787f4f101ff746efa8ec04f2b36baca9859b__s200000ms.wav,200000,11331,,rumba
ac6154a787e4ca0b1f789b1f049ec0134d0cee19__0ms,ac6154a787e4ca0b1f789b1f049ec0134d0cee19,"RUMBA - La Belleza, Martha Sanchez",D:\projekty\Hudba\music-editor\src\data\segments\rumba\ac6154a787e4ca0b1f789b1f049ec0134d0cee19__s0ms.wav,0,20000,,rumba
ac6154a787e4ca0b1f789b1f049ec0134d0cee19__20000ms,ac6154a787e4ca0b1f789b1f049ec0134d0cee19,"RUMBA - La Belleza, Martha Sanchez",D:\projekty\Hudba\music-editor\src\data\segments\rumba\ac6154a787e4ca0b1f789b1f049ec0134d0cee19__s20000ms.wav,20000,20000,,rumba
ac6154a787e4ca0b1f789b1f049ec0134d0cee19__40000ms,ac6154a787e4ca0b1f789b1f049ec0134d0cee19,"RUMBA - La Belleza, Martha Sanchez",D:\projekty\Hudba\music-editor\src\data\segments\rumba\ac6154a787e4ca0b1f789b1f049ec0134d0cee19__s40000ms.wav,40000,20000,,rumba
ac6154a787e4ca0b1f789b1f049ec0134d0cee19__60000ms,ac6154a787e4ca0b1f789b1f049ec0134d0cee19,"RUMBA - La Belleza, Martha Sanchez",D:\projekty\Hudba\music-editor\src\data\segments\rumba\ac6154a787e4ca0b1f789b1f049ec0134d0cee19__s60000ms.wav,60000,20000,,rumba
ac6154a787e4ca0b1f789b1f049ec0134d0cee19__80000ms,ac6154a787e4ca0b1f789b1f049ec0134d0cee19,"RUMBA - La Belleza, Martha Sanchez",D:\projekty\Hudba\music-editor\src\data\segments\rumba\ac6154a787e4ca0b1f789b1f049ec0134d0cee19__s80000ms.wav,80000,20000,,rumba
ac6154a787e4ca0b1f789b1f049ec0134d0cee19__100000ms,ac6154a787e4ca0b1f789b1f049ec0134d0cee19,"RUMBA - La Belleza, Martha Sanchez",D:\projekty\Hudba\music-editor\src\data\segments\rumba\ac6154a787e4ca0b1f789b1f049ec0134d0cee19__s100000ms.wav,100000,20000,,rumba
ac6154a787e4ca0b1f789b1f049ec0134d0cee19__120000ms,ac6154a787e4ca0b1f789b1f049ec0134d0cee19,"RUMBA - La Belleza, Martha Sanchez",D:\projekty\Hudba\music-editor\src\data\segments\rumba\ac6154a787e4ca0b1f789b1f049ec0134d0cee19__s120000ms.wav,120000,20000,,rumba
ac6154a787e4ca0b1f789b1f049ec0134d0cee19__140000ms,ac6154a787e4ca0b1f789b1f049ec0134d0cee19,"RUMBA - La Belleza, Martha Sanchez",D:\projekty\Hudba\music-editor\src\data\segments\rumba\ac6154a787e4ca0b1f789b1f049ec0134d0cee19__s140000ms.wav,140000,20000,,rumba
ac6154a787e4ca0b1f789b1f049ec0134d0cee19__160000ms,ac6154a787e4ca0b1f789b1f049ec0134d0cee19,"RUMBA - La Belleza, Martha Sanchez",D:\projekty\Hudba\music-editor\src\data\segments\rumba\ac6154a787e4ca0b1f789b1f049ec0134d0cee19__s160000ms.wav,160000,20000,,rumba
ac6154a787e4ca0b1f789b1f049ec0134d0cee19__180000ms,ac6154a787e4ca0b1f789b1f049ec0134d0cee19,"RUMBA - La Belleza, Martha Sanchez",D:\projekty\Hudba\music-editor\src\data\segments\rumba\ac6154a787e4ca0b1f789b1f049ec0134d0cee19__s180000ms.wav,180000,20000,,rumba
ac6154a787e4ca0b1f789b1f049ec0134d0cee19__200000ms,ac6154a787e4ca0b1f789b1f049ec0134d0cee19,"RUMBA - La Belleza, Martha Sanchez",D:\projekty\Hudba\music-editor\src\data\segments\rumba\ac6154a787e4ca0b1f789b1f049ec0134d0cee19__s200000ms.wav,200000,9998,,rumba
bb8233577f14f8f3cc7ac081e9134a22d0dd67c5__0ms,bb8233577f14f8f3cc7ac081e9134a22d0dd67c5,"RUMBA - Sometines Itś Easy, Shaina Noll with Russell Walden",D:\projekty\Hudba\music-editor\src\data\segments\rumba\bb8233577f14f8f3cc7ac081e9134a22d0dd67c5__s0ms.wav,0,20000,,rumba
bb8233577f14f8f3cc7ac081e9134a22d0dd67c5__20000ms,bb8233577f14f8f3cc7ac081e9134a22d0dd67c5,"RUMBA - Sometines Itś Easy, Shaina Noll with Russell Walden",D:\projekty\Hudba\music-editor\src\data\segments\rumba\bb8233577f14f8f3cc7ac081e9134a22d0dd67c5__s20000ms.wav,20000,20000,,rumba
bb8233577f14f8f3cc7ac081e9134a22d0dd67c5__40000ms,bb8233577f14f8f3cc7ac081e9134a22d0dd67c5,"RUMBA - Sometines Itś Easy, Shaina Noll with Russell Walden",D:\projekty\Hudba\music-editor\src\data\segments\rumba\bb8233577f14f8f3cc7ac081e9134a22d0dd67c5__s40000ms.wav,40000,20000,,rumba
bb8233577f14f8f3cc7ac081e9134a22d0dd67c5__60000ms,bb8233577f14f8f3cc7ac081e9134a22d0dd67c5,"RUMBA - Sometines Itś Easy, Shaina Noll with Russell Walden",D:\projekty\Hudba\music-editor\src\data\segments\rumba\bb8233577f14f8f3cc7ac081e9134a22d0dd67c5__s60000ms.wav,60000,20000,,rumba
bb8233577f14f8f3cc7ac081e9134a22d0dd67c5__80000ms,bb8233577f14f8f3cc7ac081e9134a22d0dd67c5,"RUMBA - Sometines Itś Easy, Shaina Noll with Russell Walden",D:\projekty\Hudba\music-editor\src\data\segments\rumba\bb8233577f14f8f3cc7ac081e9134a22d0dd67c5__s80000ms.wav,80000,20000,,rumba
bb8233577f14f8f3cc7ac081e9134a22d0dd67c5__100000ms,bb8233577f14f8f3cc7ac081e9134a22d0dd67c5,"RUMBA - Sometines Itś Easy, Shaina Noll with Russell Walden",D:\projekty\Hudba\music-editor\src\data\segments\rumba\bb8233577f14f8f3cc7ac081e9134a22d0dd67c5__s100000ms.wav,100000,20000,,rumba
bb8233577f14f8f3cc7ac081e9134a22d0dd67c5__120000ms,bb8233577f14f8f3cc7ac081e9134a22d0dd67c5,"RUMBA - Sometines Itś Easy, Shaina Noll with Russell Walden",D:\projekty\Hudba\music-editor\src\data\segments\rumba\bb8233577f14f8f3cc7ac081e9134a22d0dd67c5__s120000ms.wav,120000,20000,,rumba
bb8233577f14f8f3cc7ac081e9134a22d0dd67c5__140000ms,bb8233577f14f8f3cc7ac081e9134a22d0dd67c5,"RUMBA - Sometines Itś Easy, Shaina Noll with Russell Walden",D:\projekty\Hudba\music-editor\src\data\segments\rumba\bb8233577f14f8f3cc7ac081e9134a22d0dd67c5__s140000ms.wav,140000,20000,,rumba
bb8233577f14f8f3cc7ac081e9134a22d0dd67c5__160000ms,bb8233577f14f8f3cc7ac081e9134a22d0dd67c5,"RUMBA - Sometines Itś Easy, Shaina Noll with Russell Walden",D:\projekty\Hudba\music-editor\src\data\segments\rumba\bb8233577f14f8f3cc7ac081e9134a22d0dd67c5__s160000ms.wav,160000,20000,,rumba
bb8233577f14f8f3cc7ac081e9134a22d0dd67c5__180000ms,bb8233577f14f8f3cc7ac081e9134a22d0dd67c5,"RUMBA - Sometines Itś Easy, Shaina Noll with Russell Walden",D:\projekty\Hudba\music-editor\src\data\segments\rumba\bb8233577f14f8f3cc7ac081e9134a22d0dd67c5__s180000ms.wav,180000,12418,,rumba
6b2d30dd41adfcec31300686db45c4ebcdc7eb32__0ms,6b2d30dd41adfcec31300686db45c4ebcdc7eb32,RUMBA - TAKE THAT,D:\projekty\Hudba\music-editor\src\data\segments\rumba\6b2d30dd41adfcec31300686db45c4ebcdc7eb32__s0ms.wav,0,20000,,rumba
6b2d30dd41adfcec31300686db45c4ebcdc7eb32__20000ms,6b2d30dd41adfcec31300686db45c4ebcdc7eb32,RUMBA - TAKE THAT,D:\projekty\Hudba\music-editor\src\data\segments\rumba\6b2d30dd41adfcec31300686db45c4ebcdc7eb32__s20000ms.wav,20000,20000,,rumba
6b2d30dd41adfcec31300686db45c4ebcdc7eb32__40000ms,6b2d30dd41adfcec31300686db45c4ebcdc7eb32,RUMBA - TAKE THAT,D:\projekty\Hudba\music-editor\src\data\segments\rumba\6b2d30dd41adfcec31300686db45c4ebcdc7eb32__s40000ms.wav,40000,20000,,rumba
6b2d30dd41adfcec31300686db45c4ebcdc7eb32__60000ms,6b2d30dd41adfcec31300686db45c4ebcdc7eb32,RUMBA - TAKE THAT,D:\projekty\Hudba\music-editor\src\data\segments\rumba\6b2d30dd41adfcec31300686db45c4ebcdc7eb32__s60000ms.wav,60000,20000,,rumba
6b2d30dd41adfcec31300686db45c4ebcdc7eb32__80000ms,6b2d30dd41adfcec31300686db45c4ebcdc7eb32,RUMBA - TAKE THAT,D:\projekty\Hudba\music-editor\src\data\segments\rumba\6b2d30dd41adfcec31300686db45c4ebcdc7eb32__s80000ms.wav,80000,20000,,rumba
6b2d30dd41adfcec31300686db45c4ebcdc7eb32__100000ms,6b2d30dd41adfcec31300686db45c4ebcdc7eb32,RUMBA - TAKE THAT,D:\projekty\Hudba\music-editor\src\data\segments\rumba\6b2d30dd41adfcec31300686db45c4ebcdc7eb32__s100000ms.wav,100000,20000,,rumba
6b2d30dd41adfcec31300686db45c4ebcdc7eb32__120000ms,6b2d30dd41adfcec31300686db45c4ebcdc7eb32,RUMBA - TAKE THAT,D:\projekty\Hudba\music-editor\src\data\segments\rumba\6b2d30dd41adfcec31300686db45c4ebcdc7eb32__s120000ms.wav,120000,20000,,rumba
6b2d30dd41adfcec31300686db45c4ebcdc7eb32__140000ms,6b2d30dd41adfcec31300686db45c4ebcdc7eb32,RUMBA - TAKE THAT,D:\projekty\Hudba\music-editor\src\data\segments\rumba\6b2d30dd41adfcec31300686db45c4ebcdc7eb32__s140000ms.wav,140000,20000,,rumba
6b2d30dd41adfcec31300686db45c4ebcdc7eb32__160000ms,6b2d30dd41adfcec31300686db45c4ebcdc7eb32,RUMBA - TAKE THAT,D:\projekty\Hudba\music-editor\src\data\segments\rumba\6b2d30dd41adfcec31300686db45c4ebcdc7eb32__s160000ms.wav,160000,20000,,rumba
6b2d30dd41adfcec31300686db45c4ebcdc7eb32__180000ms,6b2d30dd41adfcec31300686db45c4ebcdc7eb32,RUMBA - TAKE THAT,D:\projekty\Hudba\music-editor\src\data\segments\rumba\6b2d30dd41adfcec31300686db45c4ebcdc7eb32__s180000ms.wav,180000,20000,,rumba
6b2d30dd41adfcec31300686db45c4ebcdc7eb32__200000ms,6b2d30dd41adfcec31300686db45c4ebcdc7eb32,RUMBA - TAKE THAT,D:\projekty\Hudba\music-editor\src\data\segments\rumba\6b2d30dd41adfcec31300686db45c4ebcdc7eb32__s200000ms.wav,200000,20000,,rumba
cb1f517afa4901fd0423c09f8c10dd269e51381f__0ms,cb1f517afa4901fd0423c09f8c10dd269e51381f,"RUMBA - Youŕe My Heart, Thomas Anders",D:\projekty\Hudba\music-editor\src\data\segments\rumba\cb1f517afa4901fd0423c09f8c10dd269e51381f__s0ms.wav,0,20000,,rumba
cb1f517afa4901fd0423c09f8c10dd269e51381f__20000ms,cb1f517afa4901fd0423c09f8c10dd269e51381f,"RUMBA - Youŕe My Heart, Thomas Anders",D:\projekty\Hudba\music-editor\src\data\segments\rumba\cb1f517afa4901fd0423c09f8c10dd269e51381f__s20000ms.wav,20000,20000,,rumba
cb1f517afa4901fd0423c09f8c10dd269e51381f__40000ms,cb1f517afa4901fd0423c09f8c10dd269e51381f,"RUMBA - Youŕe My Heart, Thomas Anders",D:\projekty\Hudba\music-editor\src\data\segments\rumba\cb1f517afa4901fd0423c09f8c10dd269e51381f__s40000ms.wav,40000,20000,,rumba
cb1f517afa4901fd0423c09f8c10dd269e51381f__60000ms,cb1f517afa4901fd0423c09f8c10dd269e51381f,"RUMBA - Youŕe My Heart, Thomas Anders",D:\projekty\Hudba\music-editor\src\data\segments\rumba\cb1f517afa4901fd0423c09f8c10dd269e51381f__s60000ms.wav,60000,20000,,rumba
cb1f517afa4901fd0423c09f8c10dd269e51381f__80000ms,cb1f517afa4901fd0423c09f8c10dd269e51381f,"RUMBA - Youŕe My Heart, Thomas Anders",D:\projekty\Hudba\music-editor\src\data\segments\rumba\cb1f517afa4901fd0423c09f8c10dd269e51381f__s80000ms.wav,80000,20000,,rumba
cb1f517afa4901fd0423c09f8c10dd269e51381f__100000ms,cb1f517afa4901fd0423c09f8c10dd269e51381f,"RUMBA - Youŕe My Heart, Thomas Anders",D:\projekty\Hudba\music-editor\src\data\segments\rumba\cb1f517afa4901fd0423c09f8c10dd269e51381f__s100000ms.wav,100000,20000,,rumba
cb1f517afa4901fd0423c09f8c10dd269e51381f__120000ms,cb1f517afa4901fd0423c09f8c10dd269e51381f,"RUMBA - Youŕe My Heart, Thomas Anders",D:\projekty\Hudba\music-editor\src\data\segments\rumba\cb1f517afa4901fd0423c09f8c10dd269e51381f__s120000ms.wav,120000,20000,,rumba
cb1f517afa4901fd0423c09f8c10dd269e51381f__140000ms,cb1f517afa4901fd0423c09f8c10dd269e51381f,"RUMBA - Youŕe My Heart, Thomas Anders",D:\projekty\Hudba\music-editor\src\data\segments\rumba\cb1f517afa4901fd0423c09f8c10dd269e51381f__s140000ms.wav,140000,20000,,rumba
cb1f517afa4901fd0423c09f8c10dd269e51381f__160000ms,cb1f517afa4901fd0423c09f8c10dd269e51381f,"RUMBA - Youŕe My Heart, Thomas Anders",D:\projekty\Hudba\music-editor\src\data\segments\rumba\cb1f517afa4901fd0423c09f8c10dd269e51381f__s160000ms.wav,160000,20000,,rumba
cb1f517afa4901fd0423c09f8c10dd269e51381f__180000ms,cb1f517afa4901fd0423c09f8c10dd269e51381f,"RUMBA - Youŕe My Heart, Thomas Anders",D:\projekty\Hudba\music-editor\src\data\segments\rumba\cb1f517afa4901fd0423c09f8c10dd269e51381f__s180000ms.wav,180000,20000,,rumba
cb1f517afa4901fd0423c09f8c10dd269e51381f__200000ms,cb1f517afa4901fd0423c09f8c10dd269e51381f,"RUMBA - Youŕe My Heart, Thomas Anders",D:\projekty\Hudba\music-editor\src\data\segments\rumba\cb1f517afa4901fd0423c09f8c10dd269e51381f__s200000ms.wav,200000,20000,,rumba
6d00b1c8b66f16744bc592e4dfd9a8acaf79398a__0ms,6d00b1c8b66f16744bc592e4dfd9a8acaf79398a,RUMBA Ai amor Semino Rossi  (Of iubire ! ) Traducere in romana,D:\projekty\Hudba\music-editor\src\data\segments\rumba\6d00b1c8b66f16744bc592e4dfd9a8acaf79398a__s0ms.wav,0,20000,,rumba
6d00b1c8b66f16744bc592e4dfd9a8acaf79398a__20000ms,6d00b1c8b66f16744bc592e4dfd9a8acaf79398a,RUMBA Ai amor Semino Rossi  (Of iubire ! ) Traducere in romana,D:\projekty\Hudba\music-editor\src\data\segments\rumba\6d00b1c8b66f16744bc592e4dfd9a8acaf79398a__s20000ms.wav,20000,20000,,rumba
6d00b1c8b66f16744bc592e4dfd9a8acaf79398a__40000ms,6d00b1c8b66f16744bc592e4dfd9a8acaf79398a,RUMBA Ai amor Semino Rossi  (Of iubire ! ) Traducere in romana,D:\projekty\Hudba\music-editor\src\data\segments\rumba\6d00b1c8b66f16744bc592e4dfd9a8acaf79398a__s40000ms.wav,40000,20000,,rumba
6d00b1c8b66f16744bc592e4dfd9a8acaf79398a__60000ms,6d00b1c8b66f16744bc592e4dfd9a8acaf79398a,RUMBA Ai amor Semino Rossi  (Of iubire ! ) Traducere in romana,D:\projekty\Hudba\music-editor\src\data\segments\rumba\6d00b1c8b66f16744bc592e4dfd9a8acaf79398a__s60000ms.wav,60000,20000,,rumba
6d00b1c8b66f16744bc592e4dfd9a8acaf79398a__80000ms,6d00b1c8b66f16744bc592e4dfd9a8acaf79398a,RUMBA Ai amor Semino Rossi  (Of iubire ! ) Traducere in romana,D:\projekty\Hudba\music-editor\src\data\segments\rumba\6d00b1c8b66f16744bc592e4dfd9a8acaf79398a__s80000ms.wav,80000,20000,,rumba
6d00b1c8b66f16744bc592e4dfd9a8acaf79398a__100000ms,6d00b1c8b66f16744bc592e4dfd9a8acaf79398a,RUMBA Ai amor Semino Rossi  (Of iubire ! ) Traducere in romana,D:\projekty\Hudba\music-editor\src\data\segments\rumba\6d00b1c8b66f16744bc592e4dfd9a8acaf79398a__s100000ms.wav,100000,20000,,rumba
6d00b1c8b66f16744bc592e4dfd9a8acaf79398a__120000ms,6d00b1c8b66f16744bc592e4dfd9a8acaf79398a,RUMBA Ai amor Semino Rossi  (Of iubire ! ) Traducere in romana,D:\projekty\Hudba\music-editor\src\data\segments\rumba\6d00b1c8b66f16744bc592e4dfd9a8acaf79398a__s120000ms.wav,120000,20000,,rumba
6d00b1c8b66f16744bc592e4dfd9a8acaf79398a__140000ms,6d00b1c8b66f16744bc592e4dfd9a8acaf79398a,RUMBA Ai amor Semino Rossi  (Of iubire ! ) Traducere in romana,D:\projekty\Hudba\music-editor\src\data\segments\rumba\6d00b1c8b66f16744bc592e4dfd9a8acaf79398a__s140000ms.wav,140000,20000,,rumba
6d00b1c8b66f16744bc592e4dfd9a8acaf79398a__160000ms,6d00b1c8b66f16744bc592e4dfd9a8acaf79398a,RUMBA Ai amor Semino Rossi  (Of iubire ! ) Traducere in romana,D:\projekty\Hudba\music-editor\src\data\segments\rumba\6d00b1c8b66f16744bc592e4dfd9a8acaf79398a__s160000ms.wav,160000,20000,,rumba
6d00b1c8b66f16744bc592e4dfd9a8acaf79398a__180000ms,6d00b1c8b66f16744bc592e4dfd9a8acaf79398a,RUMBA Ai amor Semino Rossi  (Of iubire ! ) Traducere in romana,D:\projekty\Hudba\music-editor\src\data\segments\rumba\6d00b1c8b66f16744bc592e4dfd9a8acaf79398a__s180000ms.wav,180000,13123,,rumba
264e57897445e2c1bd143a5b1b6f51327c3956e1__0ms,264e57897445e2c1bd143a5b1b6f51327c3956e1,RUMBA Así (RB25) - Gizelle D'Cole,D:\projekty\Hudba\music-editor\src\data\segments\rumba\264e57897445e2c1bd143a5b1b6f51327c3956e1__s0ms.wav,0,20000,,rumba
264e57897445e2c1bd143a5b1b6f51327c3956e1__20000ms,264e57897445e2c1bd143a5b1b6f51327c3956e1,RUMBA Así (RB25) - Gizelle D'Cole,D:\projekty\Hudba\music-editor\src\data\segments\rumba\264e57897445e2c1bd143a5b1b6f51327c3956e1__s20000ms.wav,20000,20000,,rumba
264e57897445e2c1bd143a5b1b6f51327c3956e1__40000ms,264e57897445e2c1bd143a5b1b6f51327c3956e1,RUMBA Así (RB25) - Gizelle D'Cole,D:\projekty\Hudba\music-editor\src\data\segments\rumba\264e57897445e2c1bd143a5b1b6f51327c3956e1__s40000ms.wav,40000,20000,,rumba
264e57897445e2c1bd143a5b1b6f51327c3956e1__60000ms,264e57897445e2c1bd143a5b1b6f51327c3956e1,RUMBA Así (RB25) - Gizelle D'Cole,D:\projekty\Hudba\music-editor\src\data\segments\rumba\264e57897445e2c1bd143a5b1b6f51327c3956e1__s60000ms.wav,60000,20000,,rumba
264e57897445e2c1bd143a5b1b6f51327c3956e1__80000ms,264e57897445e2c1bd143a5b1b6f51327c3956e1,RUMBA Así (RB25) - Gizelle D'Cole,D:\projekty\Hudba\music-editor\src\data\segments\rumba\264e57897445e2c1bd143a5b1b6f51327c3956e1__s80000ms.wav,80000,20000,,rumba
264e57897445e2c1bd143a5b1b6f51327c3956e1__100000ms,264e57897445e2c1bd143a5b1b6f51327c3956e1,RUMBA Así (RB25) - Gizelle D'Cole,D:\projekty\Hudba\music-editor\src\data\segments\rumba\264e57897445e2c1bd143a5b1b6f51327c3956e1__s100000ms.wav,100000,20000,,rumba
264e57897445e2c1bd143a5b1b6f51327c3956e1__120000ms,264e57897445e2c1bd143a5b1b6f51327c3956e1,RUMBA Así (RB25) - Gizelle D'Cole,D:\projekty\Hudba\music-editor\src\data\segments\rumba\264e57897445e2c1bd143a5b1b6f51327c3956e1__s120000ms.wav,120000,20000,,rumba
264e57897445e2c1bd143a5b1b6f51327c3956e1__140000ms,264e57897445e2c1bd143a5b1b6f51327c3956e1,RUMBA Así (RB25) - Gizelle D'Cole,D:\projekty\Hudba\music-editor\src\data\segments\rumba\264e57897445e2c1bd143a5b1b6f51327c3956e1__s140000ms.wav,140000,20000,,rumba
264e57897445e2c1bd143a5b1b6f51327c3956e1__160000ms,264e57897445e2c1bd143a5b1b6f51327c3956e1,RUMBA Así (RB25) - Gizelle D'Cole,D:\projekty\Hudba\music-editor\src\data\segments\rumba\264e57897445e2c1bd143a5b1b6f51327c3956e1__s160000ms.wav,160000,20000,,rumba
264e57897445e2c1bd143a5b1b6f51327c3956e1__180000ms,264e57897445e2c1bd143a5b1b6f51327c3956e1,RUMBA Así (RB25) - Gizelle D'Cole,D:\projekty\Hudba\music-editor\src\data\segments\rumba\264e57897445e2c1bd143a5b1b6f51327c3956e1__s180000ms.wav,180000,20000,,rumba
264e57897445e2c1bd143a5b1b6f51327c3956e1__200000ms,264e57897445e2c1bd143a5b1b6f51327c3956e1,RUMBA Así (RB25) - Gizelle D'Cole,D:\projekty\Hudba\music-editor\src\data\segments\rumba\264e57897445e2c1bd143a5b1b6f51327c3956e1__s200000ms.wav,200000,20000,,rumba
264e57897445e2c1bd143a5b1b6f51327c3956e1__220000ms,264e57897445e2c1bd143a5b1b6f51327c3956e1,RUMBA Así (RB25) - Gizelle D'Cole,D:\projekty\Hudba\music-editor\src\data\segments\rumba\264e57897445e2c1bd143a5b1b6f51327c3956e1__s220000ms.wav,220000,20000,,rumba
264e57897445e2c1bd143a5b1b6f51327c3956e1__240000ms,264e57897445e2c1bd143a5b1b6f51327c3956e1,RUMBA Así (RB25) - Gizelle D'Cole,D:\projekty\Hudba\music-editor\src\data\segments\rumba\264e57897445e2c1bd143a5b1b6f51327c3956e1__s240000ms.wav,240000,19213,,rumba
b5bb6766d37f648df735a9cc075abcba78e30e4f__0ms,b5bb6766d37f648df735a9cc075abcba78e30e4f,Rumba Avicii   wake me up cover by Madilyn Bailey rumba versio,D:\projekty\Hudba\music-editor\src\data\segments\rumba\b5bb6766d37f648df735a9cc075abcba78e30e4f__s0ms.wav,0,20000,,rumba
b5bb6766d37f648df735a9cc075abcba78e30e4f__20000ms,b5bb6766d37f648df735a9cc075abcba78e30e4f,Rumba Avicii   wake me up cover by Madilyn Bailey rumba versio,D:\projekty\Hudba\music-editor\src\data\segments\rumba\b5bb6766d37f648df735a9cc075abcba78e30e4f__s20000ms.wav,20000,20000,,rumba
b5bb6766d37f648df735a9cc075abcba78e30e4f__40000ms,b5bb6766d37f648df735a9cc075abcba78e30e4f,Rumba Avicii   wake me up cover by Madilyn Bailey rumba versio,D:\projekty\Hudba\music-editor\src\data\segments\rumba\b5bb6766d37f648df735a9cc075abcba78e30e4f__s40000ms.wav,40000,20000,,rumba
b5bb6766d37f648df735a9cc075abcba78e30e4f__60000ms,b5bb6766d37f648df735a9cc075abcba78e30e4f,Rumba Avicii   wake me up cover by Madilyn Bailey rumba versio,D:\projekty\Hudba\music-editor\src\data\segments\rumba\b5bb6766d37f648df735a9cc075abcba78e30e4f__s60000ms.wav,60000,20000,,rumba
b5bb6766d37f648df735a9cc075abcba78e30e4f__80000ms,b5bb6766d37f648df735a9cc075abcba78e30e4f,Rumba Avicii   wake me up cover by Madilyn Bailey rumba versio,D:\projekty\Hudba\music-editor\src\data\segments\rumba\b5bb6766d37f648df735a9cc075abcba78e30e4f__s80000ms.wav,80000,20000,,rumba
b5bb6766d37f648df735a9cc075abcba78e30e4f__100000ms,b5bb6766d37f648df735a9cc075abcba78e30e4f,Rumba Avicii   wake me up cover by Madilyn Bailey rumba versio,D:\projekty\Hudba\music-editor\src\data\segments\rumba\b5bb6766d37f648df735a9cc075abcba78e30e4f__s100000ms.wav,100000,20000,,rumba
b5bb6766d37f648df735a9cc075abcba78e30e4f__120000ms,b5bb6766d37f648df735a9cc075abcba78e30e4f,Rumba Avicii   wake me up cover by Madilyn Bailey rumba versio,D:\projekty\Hudba\music-editor\src\data\segments\rumba\b5bb6766d37f648df735a9cc075abcba78e30e4f__s120000ms.wav,120000,20000,,rumba
941d4556680600e7f58f4893a63531fbb1a82325__0ms,941d4556680600e7f58f4893a63531fbb1a82325,RUMBA Boyzone - No Mather,D:\projekty\Hudba\music-editor\src\data\segments\rumba\941d4556680600e7f58f4893a63531fbb1a82325__s0ms.wav,0,20000,,rumba
941d4556680600e7f58f4893a63531fbb1a82325__20000ms,941d4556680600e7f58f4893a63531fbb1a82325,RUMBA Boyzone - No Mather,D:\projekty\Hudba\music-editor\src\data\segments\rumba\941d4556680600e7f58f4893a63531fbb1a82325__s20000ms.wav,20000,20000,,rumba
941d4556680600e7f58f4893a63531fbb1a82325__40000ms,941d4556680600e7f58f4893a63531fbb1a82325,RUMBA Boyzone - No Mather,D:\projekty\Hudba\music-editor\src\data\segments\rumba\941d4556680600e7f58f4893a63531fbb1a82325__s40000ms.wav,40000,20000,,rumba
941d4556680600e7f58f4893a63531fbb1a82325__60000ms,941d4556680600e7f58f4893a63531fbb1a82325,RUMBA Boyzone - No Mather,D:\projekty\Hudba\music-editor\src\data\segments\rumba\941d4556680600e7f58f4893a63531fbb1a82325__s60000ms.wav,60000,20000,,rumba
941d4556680600e7f58f4893a63531fbb1a82325__80000ms,941d4556680600e7f58f4893a63531fbb1a82325,RUMBA Boyzone - No Mather,D:\projekty\Hudba\music-editor\src\data\segments\rumba\941d4556680600e7f58f4893a63531fbb1a82325__s80000ms.wav,80000,20000,,rumba
941d4556680600e7f58f4893a63531fbb1a82325__100000ms,941d4556680600e7f58f4893a63531fbb1a82325,RUMBA Boyzone - No Mather,D:\projekty\Hudba\music-editor\src\data\segments\rumba\941d4556680600e7f58f4893a63531fbb1a82325__s100000ms.wav,100000,20000,,rumba
941d4556680600e7f58f4893a63531fbb1a82325__120000ms,941d4556680600e7f58f4893a63531fbb1a82325,RUMBA Boyzone - No Mather,D:\projekty\Hudba\music-editor\src\data\segments\rumba\941d4556680600e7f58f4893a63531fbb1a82325__s120000ms.wav,120000,20000,,rumba
941d4556680600e7f58f4893a63531fbb1a82325__140000ms,941d4556680600e7f58f4893a63531fbb1a82325,RUMBA Boyzone - No Mather,D:\projekty\Hudba\music-editor\src\data\segments\rumba\941d4556680600e7f58f4893a63531fbb1a82325__s140000ms.wav,140000,20000,,rumba
941d4556680600e7f58f4893a63531fbb1a82325__160000ms,941d4556680600e7f58f4893a63531fbb1a82325,RUMBA Boyzone - No Mather,D:\projekty\Hudba\music-editor\src\data\segments\rumba\941d4556680600e7f58f4893a63531fbb1a82325__s160000ms.wav,160000,20000,,rumba
941d4556680600e7f58f4893a63531fbb1a82325__180000ms,941d4556680600e7f58f4893a63531fbb1a82325,RUMBA Boyzone - No Mather,D:\projekty\Hudba\music-editor\src\data\segments\rumba\941d4556680600e7f58f4893a63531fbb1a82325__s180000ms.wav,180000,20000,,rumba
941d4556680600e7f58f4893a63531fbb1a82325__200000ms,941d4556680600e7f58f4893a63531fbb1a82325,RUMBA Boyzone - No Mather,D:\projekty\Hudba\music-editor\src\data\segments\rumba\941d4556680600e7f58f4893a63531fbb1a82325__s200000ms.wav,200000,20000,,rumba
941d4556680600e7f58f4893a63531fbb1a82325__220000ms,941d4556680600e7f58f4893a63531fbb1a82325,RUMBA Boyzone - No Mather,D:\projekty\Hudba\music-editor\src\data\segments\rumba\941d4556680600e7f58f4893a63531fbb1a82325__s220000ms.wav,220000,20000,,rumba
941d4556680600e7f58f4893a63531fbb1a82325__240000ms,941d4556680600e7f58f4893a63531fbb1a82325,RUMBA Boyzone - No Mather,D:\projekty\Hudba\music-editor\src\data\segments\rumba\941d4556680600e7f58f4893a63531fbb1a82325__s240000ms.wav,240000,20000,,rumba
941d4556680600e7f58f4893a63531fbb1a82325__260000ms,941d4556680600e7f58f4893a63531fbb1a82325,RUMBA Boyzone - No Mather,D:\projekty\Hudba\music-editor\src\data\segments\rumba\941d4556680600e7f58f4893a63531fbb1a82325__s260000ms.wav,260000,9479,,rumba
34d25e76768731ceec6a406553b6bd99d825052a__0ms,34d25e76768731ceec6a406553b6bd99d825052a,RUMBA Cher   Believe (Rumba remixed) by Wataz,D:\projekty\Hudba\music-editor\src\data\segments\rumba\34d25e76768731ceec6a406553b6bd99d825052a__s0ms.wav,0,20000,,rumba
34d25e76768731ceec6a406553b6bd99d825052a__20000ms,34d25e76768731ceec6a406553b6bd99d825052a,RUMBA Cher   Believe (Rumba remixed) by Wataz,D:\projekty\Hudba\music-editor\src\data\segments\rumba\34d25e76768731ceec6a406553b6bd99d825052a__s20000ms.wav,20000,20000,,rumba
34d25e76768731ceec6a406553b6bd99d825052a__40000ms,34d25e76768731ceec6a406553b6bd99d825052a,RUMBA Cher   Believe (Rumba remixed) by Wataz,D:\projekty\Hudba\music-editor\src\data\segments\rumba\34d25e76768731ceec6a406553b6bd99d825052a__s40000ms.wav,40000,20000,,rumba
34d25e76768731ceec6a406553b6bd99d825052a__60000ms,34d25e76768731ceec6a406553b6bd99d825052a,RUMBA Cher   Believe (Rumba remixed) by Wataz,D:\projekty\Hudba\music-editor\src\data\segments\rumba\34d25e76768731ceec6a406553b6bd99d825052a__s60000ms.wav,60000,20000,,rumba
34d25e76768731ceec6a406553b6bd99d825052a__80000ms,34d25e76768731ceec6a406553b6bd99d825052a,RUMBA Cher   Believe (Rumba remixed) by Wataz,D:\projekty\Hudba\music-editor\src\data\segments\rumba\34d25e76768731ceec6a406553b6bd99d825052a__s80000ms.wav,80000,20000,,rumba
a238cee383b66a552bacadca806d69a094d1ad04__0ms,a238cee383b66a552bacadca806d69a094d1ad04,RUMBA Don't Be So Shy (Rumba 24BPM),D:\projekty\Hudba\music-editor\src\data\segments\rumba\a238cee383b66a552bacadca806d69a094d1ad04__s0ms.wav,0,20000,,rumba
a238cee383b66a552bacadca806d69a094d1ad04__20000ms,a238cee383b66a552bacadca806d69a094d1ad04,RUMBA Don't Be So Shy (Rumba 24BPM),D:\projekty\Hudba\music-editor\src\data\segments\rumba\a238cee383b66a552bacadca806d69a094d1ad04__s20000ms.wav,20000,20000,,rumba
a238cee383b66a552bacadca806d69a094d1ad04__40000ms,a238cee383b66a552bacadca806d69a094d1ad04,RUMBA Don't Be So Shy (Rumba 24BPM),D:\projekty\Hudba\music-editor\src\data\segments\rumba\a238cee383b66a552bacadca806d69a094d1ad04__s40000ms.wav,40000,20000,,rumba
a238cee383b66a552bacadca806d69a094d1ad04__60000ms,a238cee383b66a552bacadca806d69a094d1ad04,RUMBA Don't Be So Shy (Rumba 24BPM),D:\projekty\Hudba\music-editor\src\data\segments\rumba\a238cee383b66a552bacadca806d69a094d1ad04__s60000ms.wav,60000,20000,,rumba
a238cee383b66a552bacadca806d69a094d1ad04__80000ms,a238cee383b66a552bacadca806d69a094d1ad04,RUMBA Don't Be So Shy (Rumba 24BPM),D:\projekty\Hudba\music-editor\src\data\segments\rumba\a238cee383b66a552bacadca806d69a094d1ad04__s80000ms.wav,80000,20000,,rumba
a238cee383b66a552bacadca806d69a094d1ad04__100000ms,a238cee383b66a552bacadca806d69a094d1ad04,RUMBA Don't Be So Shy (Rumba 24BPM),D:\projekty\Hudba\music-editor\src\data\segments\rumba\a238cee383b66a552bacadca806d69a094d1ad04__s100000ms.wav,100000,20000,,rumba
a238cee383b66a552bacadca806d69a094d1ad04__120000ms,a238cee383b66a552bacadca806d69a094d1ad04,RUMBA Don't Be So Shy (Rumba 24BPM),D:\projekty\Hudba\music-editor\src\data\segments\rumba\a238cee383b66a552bacadca806d69a094d1ad04__s120000ms.wav,120000,20000,,rumba
a238cee383b66a552bacadca806d69a094d1ad04__140000ms,a238cee383b66a552bacadca806d69a094d1ad04,RUMBA Don't Be So Shy (Rumba 24BPM),D:\projekty\Hudba\music-editor\src\data\segments\rumba\a238cee383b66a552bacadca806d69a094d1ad04__s140000ms.wav,140000,20000,,rumba
a238cee383b66a552bacadca806d69a094d1ad04__160000ms,a238cee383b66a552bacadca806d69a094d1ad04,RUMBA Don't Be So Shy (Rumba 24BPM),D:\projekty\Hudba\music-editor\src\data\segments\rumba\a238cee383b66a552bacadca806d69a094d1ad04__s160000ms.wav,160000,20000,,rumba
d565791f962d235d51f09df8804c5bebc0e031be__0ms,d565791f962d235d51f09df8804c5bebc0e031be,RUMBA Hello (Rumba 24 BPM,D:\projekty\Hudba\music-editor\src\data\segments\rumba\d565791f962d235d51f09df8804c5bebc0e031be__s0ms.wav,0,20000,,rumba
d565791f962d235d51f09df8804c5bebc0e031be__20000ms,d565791f962d235d51f09df8804c5bebc0e031be,RUMBA Hello (Rumba 24 BPM,D:\projekty\Hudba\music-editor\src\data\segments\rumba\d565791f962d235d51f09df8804c5bebc0e031be__s20000ms.wav,20000,20000,,rumba
d565791f962d235d51f09df8804c5bebc0e031be__40000ms,d565791f962d235d51f09df8804c5bebc0e031be,RUMBA Hello (Rumba 24 BPM,D:\projekty\Hudba\music-editor\src\data\segments\rumba\d565791f962d235d51f09df8804c5bebc0e031be__s40000ms.wav,40000,20000,,rumba
d565791f962d235d51f09df8804c5bebc0e031be__60000ms,d565791f962d235d51f09df8804c5bebc0e031be,RUMBA Hello (Rumba 24 BPM,D:\projekty\Hudba\music-editor\src\data\segments\rumba\d565791f962d235d51f09df8804c5bebc0e031be__s60000ms.wav,60000,20000,,rumba
d565791f962d235d51f09df8804c5bebc0e031be__80000ms,d565791f962d235d51f09df8804c5bebc0e031be,RUMBA Hello (Rumba 24 BPM,D:\projekty\Hudba\music-editor\src\data\segments\rumba\d565791f962d235d51f09df8804c5bebc0e031be__s80000ms.wav,80000,20000,,rumba
d565791f962d235d51f09df8804c5bebc0e031be__100000ms,d565791f962d235d51f09df8804c5bebc0e031be,RUMBA Hello (Rumba 24 BPM,D:\projekty\Hudba\music-editor\src\data\segments\rumba\d565791f962d235d51f09df8804c5bebc0e031be__s100000ms.wav,100000,20000,,rumba
ddd76f222283acfb6772eaac990fd8f2919b232d__0ms,ddd76f222283acfb6772eaac990fd8f2919b232d,RUMBA Imagine   John Lennon u0026 The Plastic Ono Band (w The Flux Fiddlers) (Ultimate Mix 2018)   4K REMASTE,D:\projekty\Hudba\music-editor\src\data\segments\rumba\ddd76f222283acfb6772eaac990fd8f2919b232d__s0ms.wav,0,20000,,rumba
ddd76f222283acfb6772eaac990fd8f2919b232d__20000ms,ddd76f222283acfb6772eaac990fd8f2919b232d,RUMBA Imagine   John Lennon u0026 The Plastic Ono Band (w The Flux Fiddlers) (Ultimate Mix 2018)   4K REMASTE,D:\projekty\Hudba\music-editor\src\data\segments\rumba\ddd76f222283acfb6772eaac990fd8f2919b232d__s20000ms.wav,20000,20000,,rumba
ddd76f222283acfb6772eaac990fd8f2919b232d__40000ms,ddd76f222283acfb6772eaac990fd8f2919b232d,RUMBA Imagine   John Lennon u0026 The Plastic Ono Band (w The Flux Fiddlers) (Ultimate Mix 2018)   4K REMASTE,D:\projekty\Hudba\music-editor\src\data\segments\rumba\ddd76f222283acfb6772eaac990fd8f2919b232d__s40000ms.wav,40000,20000,,rumba
ddd76f222283acfb6772eaac990fd8f2919b232d__60000ms,ddd76f222283acfb6772eaac990fd8f2919b232d,RUMBA Imagine   John Lennon u0026 The Plastic Ono Band (w The Flux Fiddlers) (Ultimate Mix 2018)   4K REMASTE,D:\projekty\Hudba\music-editor\src\data\segments\rumba\ddd76f222283acfb6772eaac990fd8f2919b232d__s60000ms.wav,60000,20000,,rumba
ddd76f222283acfb6772eaac990fd8f2919b232d__80000ms,ddd76f222283acfb6772eaac990fd8f2919b232d,RUMBA Imagine   John Lennon u0026 The Plastic Ono Band (w The Flux Fiddlers) (Ultimate Mix 2018)   4K REMASTE,D:\projekty\Hudba\music-editor\src\data\segments\rumba\ddd76f222283acfb6772eaac990fd8f2919b232d__s80000ms.wav,80000,20000,,rumba
ddd76f222283acfb6772eaac990fd8f2919b232d__100000ms,ddd76f222283acfb6772eaac990fd8f2919b232d,RUMBA Imagine   John Lennon u0026 The Plastic Ono Band (w The Flux Fiddlers) (Ultimate Mix 2018)   4K REMASTE,D:\projekty\Hudba\music-editor\src\data\segments\rumba\ddd76f222283acfb6772eaac990fd8f2919b232d__s100000ms.wav,100000,20000,,rumba
ddd76f222283acfb6772eaac990fd8f2919b232d__120000ms,ddd76f222283acfb6772eaac990fd8f2919b232d,RUMBA Imagine   John Lennon u0026 The Plastic Ono Band (w The Flux Fiddlers) (Ultimate Mix 2018)   4K REMASTE,D:\projekty\Hudba\music-editor\src\data\segments\rumba\ddd76f222283acfb6772eaac990fd8f2919b232d__s120000ms.wav,120000,20000,,rumba
ddd76f222283acfb6772eaac990fd8f2919b232d__140000ms,ddd76f222283acfb6772eaac990fd8f2919b232d,RUMBA Imagine   John Lennon u0026 The Plastic Ono Band (w The Flux Fiddlers) (Ultimate Mix 2018)   4K REMASTE,D:\projekty\Hudba\music-editor\src\data\segments\rumba\ddd76f222283acfb6772eaac990fd8f2919b232d__s140000ms.wav,140000,20000,,rumba
ddd76f222283acfb6772eaac990fd8f2919b232d__160000ms,ddd76f222283acfb6772eaac990fd8f2919b232d,RUMBA Imagine   John Lennon u0026 The Plastic Ono Band (w The Flux Fiddlers) (Ultimate Mix 2018)   4K REMASTE,D:\projekty\Hudba\music-editor\src\data\segments\rumba\ddd76f222283acfb6772eaac990fd8f2919b232d__s160000ms.wav,160000,20000,,rumba
ddd76f222283acfb6772eaac990fd8f2919b232d__180000ms,ddd76f222283acfb6772eaac990fd8f2919b232d,RUMBA Imagine   John Lennon u0026 The Plastic Ono Band (w The Flux Fiddlers) (Ultimate Mix 2018)   4K REMASTE,D:\projekty\Hudba\music-editor\src\data\segments\rumba\ddd76f222283acfb6772eaac990fd8f2919b232d__s180000ms.wav,180000,14299,,rumba
24641726f1bd4898ece04e8bcd7e76dd32c3b4ec__0ms,24641726f1bd4898ece04e8bcd7e76dd32c3b4ec,Rumba Mestizzo - Te Quiero,D:\projekty\Hudba\music-editor\src\data\segments\rumba\24641726f1bd4898ece04e8bcd7e76dd32c3b4ec__s0ms.wav,0,20000,,rumba
24641726f1bd4898ece04e8bcd7e76dd32c3b4ec__20000ms,24641726f1bd4898ece04e8bcd7e76dd32c3b4ec,Rumba Mestizzo - Te Quiero,D:\projekty\Hudba\music-editor\src\data\segments\rumba\24641726f1bd4898ece04e8bcd7e76dd32c3b4ec__s20000ms.wav,20000,20000,,rumba
24641726f1bd4898ece04e8bcd7e76dd32c3b4ec__40000ms,24641726f1bd4898ece04e8bcd7e76dd32c3b4ec,Rumba Mestizzo - Te Quiero,D:\projekty\Hudba\music-editor\src\data\segments\rumba\24641726f1bd4898ece04e8bcd7e76dd32c3b4ec__s40000ms.wav,40000,20000,,rumba
24641726f1bd4898ece04e8bcd7e76dd32c3b4ec__60000ms,24641726f1bd4898ece04e8bcd7e76dd32c3b4ec,Rumba Mestizzo - Te Quiero,D:\projekty\Hudba\music-editor\src\data\segments\rumba\24641726f1bd4898ece04e8bcd7e76dd32c3b4ec__s60000ms.wav,60000,20000,,rumba
24641726f1bd4898ece04e8bcd7e76dd32c3b4ec__80000ms,24641726f1bd4898ece04e8bcd7e76dd32c3b4ec,Rumba Mestizzo - Te Quiero,D:\projekty\Hudba\music-editor\src\data\segments\rumba\24641726f1bd4898ece04e8bcd7e76dd32c3b4ec__s80000ms.wav,80000,20000,,rumba
24641726f1bd4898ece04e8bcd7e76dd32c3b4ec__100000ms,24641726f1bd4898ece04e8bcd7e76dd32c3b4ec,Rumba Mestizzo - Te Quiero,D:\projekty\Hudba\music-editor\src\data\segments\rumba\24641726f1bd4898ece04e8bcd7e76dd32c3b4ec__s100000ms.wav,100000,20000,,rumba
24641726f1bd4898ece04e8bcd7e76dd32c3b4ec__120000ms,24641726f1bd4898ece04e8bcd7e76dd32c3b4ec,Rumba Mestizzo - Te Quiero,D:\projekty\Hudba\music-editor\src\data\segments\rumba\24641726f1bd4898ece04e8bcd7e76dd32c3b4ec__s120000ms.wav,120000,20000,,rumba
24641726f1bd4898ece04e8bcd7e76dd32c3b4ec__140000ms,24641726f1bd4898ece04e8bcd7e76dd32c3b4ec,Rumba Mestizzo - Te Quiero,D:\projekty\Hudba\music-editor\src\data\segments\rumba\24641726f1bd4898ece04e8bcd7e76dd32c3b4ec__s140000ms.wav,140000,20000,,rumba
24641726f1bd4898ece04e8bcd7e76dd32c3b4ec__160000ms,24641726f1bd4898ece04e8bcd7e76dd32c3b4ec,Rumba Mestizzo - Te Quiero,D:\projekty\Hudba\music-editor\src\data\segments\rumba\24641726f1bd4898ece04e8bcd7e76dd32c3b4ec__s160000ms.wav,160000,20000,,rumba
24641726f1bd4898ece04e8bcd7e76dd32c3b4ec__180000ms,24641726f1bd4898ece04e8bcd7e76dd32c3b4ec,Rumba Mestizzo - Te Quiero,D:\projekty\Hudba\music-editor\src\data\segments\rumba\24641726f1bd4898ece04e8bcd7e76dd32c3b4ec__s180000ms.wav,180000,20000,,rumba
24641726f1bd4898ece04e8bcd7e76dd32c3b4ec__200000ms,24641726f1bd4898ece04e8bcd7e76dd32c3b4ec,Rumba Mestizzo - Te Quiero,D:\projekty\Hudba\music-editor\src\data\segments\rumba\24641726f1bd4898ece04e8bcd7e76dd32c3b4ec__s200000ms.wav,200000,20000,,rumba
24641726f1bd4898ece04e8bcd7e76dd32c3b4ec__220000ms,24641726f1bd4898ece04e8bcd7e76dd32c3b4ec,Rumba Mestizzo - Te Quiero,D:\projekty\Hudba\music-editor\src\data\segments\rumba\24641726f1bd4898ece04e8bcd7e76dd32c3b4ec__s220000ms.wav,220000,14188,,rumba
dc475c6f8f2d294598790a24623543edcc3f012a__0ms,dc475c6f8f2d294598790a24623543edcc3f012a,RUMBA Muchas mas,D:\projekty\Hudba\music-editor\src\data\segments\rumba\dc475c6f8f2d294598790a24623543edcc3f012a__s0ms.wav,0,20000,,rumba
dc475c6f8f2d294598790a24623543edcc3f012a__20000ms,dc475c6f8f2d294598790a24623543edcc3f012a,RUMBA Muchas mas,D:\projekty\Hudba\music-editor\src\data\segments\rumba\dc475c6f8f2d294598790a24623543edcc3f012a__s20000ms.wav,20000,20000,,rumba
dc475c6f8f2d294598790a24623543edcc3f012a__40000ms,dc475c6f8f2d294598790a24623543edcc3f012a,RUMBA Muchas mas,D:\projekty\Hudba\music-editor\src\data\segments\rumba\dc475c6f8f2d294598790a24623543edcc3f012a__s40000ms.wav,40000,20000,,rumba
dc475c6f8f2d294598790a24623543edcc3f012a__60000ms,dc475c6f8f2d294598790a24623543edcc3f012a,RUMBA Muchas mas,D:\projekty\Hudba\music-editor\src\data\segments\rumba\dc475c6f8f2d294598790a24623543edcc3f012a__s60000ms.wav,60000,20000,,rumba
dc475c6f8f2d294598790a24623543edcc3f012a__80000ms,dc475c6f8f2d294598790a24623543edcc3f012a,RUMBA Muchas mas,D:\projekty\Hudba\music-editor\src\data\segments\rumba\dc475c6f8f2d294598790a24623543edcc3f012a__s80000ms.wav,80000,20000,,rumba
dc475c6f8f2d294598790a24623543edcc3f012a__100000ms,dc475c6f8f2d294598790a24623543edcc3f012a,RUMBA Muchas mas,D:\projekty\Hudba\music-editor\src\data\segments\rumba\dc475c6f8f2d294598790a24623543edcc3f012a__s100000ms.wav,100000,20000,,rumba
dc475c6f8f2d294598790a24623543edcc3f012a__120000ms,dc475c6f8f2d294598790a24623543edcc3f012a,RUMBA Muchas mas,D:\projekty\Hudba\music-editor\src\data\segments\rumba\dc475c6f8f2d294598790a24623543edcc3f012a__s120000ms.wav,120000,20000,,rumba
dc475c6f8f2d294598790a24623543edcc3f012a__140000ms,dc475c6f8f2d294598790a24623543edcc3f012a,RUMBA Muchas mas,D:\projekty\Hudba\music-editor\src\data\segments\rumba\dc475c6f8f2d294598790a24623543edcc3f012a__s140000ms.wav,140000,20000,,rumba
dc475c6f8f2d294598790a24623543edcc3f012a__160000ms,dc475c6f8f2d294598790a24623543edcc3f012a,RUMBA Muchas mas,D:\projekty\Hudba\music-editor\src\data\segments\rumba\dc475c6f8f2d294598790a24623543edcc3f012a__s160000ms.wav,160000,20000,,rumba
dc475c6f8f2d294598790a24623543edcc3f012a__180000ms,dc475c6f8f2d294598790a24623543edcc3f012a,RUMBA Muchas mas,D:\projekty\Hudba\music-editor\src\data\segments\rumba\dc475c6f8f2d294598790a24623543edcc3f012a__s180000ms.wav,180000,20000,,rumba
dc475c6f8f2d294598790a24623543edcc3f012a__200000ms,dc475c6f8f2d294598790a24623543edcc3f012a,RUMBA Muchas mas,D:\projekty\Hudba\music-editor\src\data\segments\rumba\dc475c6f8f2d294598790a24623543edcc3f012a__s200000ms.wav,200000,20000,,rumba
dc475c6f8f2d294598790a24623543edcc3f012a__220000ms,dc475c6f8f2d294598790a24623543edcc3f012a,RUMBA Muchas mas,D:\projekty\Hudba\music-editor\src\data\segments\rumba\dc475c6f8f2d294598790a24623543edcc3f012a__s220000ms.wav,220000,20000,,rumba
dc475c6f8f2d294598790a24623543edcc3f012a__240000ms,dc475c6f8f2d294598790a24623543edcc3f012a,RUMBA Muchas mas,D:\projekty\Hudba\music-editor\src\data\segments\rumba\dc475c6f8f2d294598790a24623543edcc3f012a__s240000ms.wav,240000,17358,,rumba
7a0adb36940e4d06acefd9ca4196bce1cbbe3a76__0ms,7a0adb36940e4d06acefd9ca4196bce1cbbe3a76,Rumba music   Dusk Till Dawn   Dj Nassos B (23 BPM,D:\projekty\Hudba\music-editor\src\data\segments\rumba\7a0adb36940e4d06acefd9ca4196bce1cbbe3a76__s0ms.wav,0,20000,,rumba
7a0adb36940e4d06acefd9ca4196bce1cbbe3a76__20000ms,7a0adb36940e4d06acefd9ca4196bce1cbbe3a76,Rumba music   Dusk Till Dawn   Dj Nassos B (23 BPM,D:\projekty\Hudba\music-editor\src\data\segments\rumba\7a0adb36940e4d06acefd9ca4196bce1cbbe3a76__s20000ms.wav,20000,20000,,rumba
7a0adb36940e4d06acefd9ca4196bce1cbbe3a76__40000ms,7a0adb36940e4d06acefd9ca4196bce1cbbe3a76,Rumba music   Dusk Till Dawn   Dj Nassos B (23 BPM,D:\projekty\Hudba\music-editor\src\data\segments\rumba\7a0adb36940e4d06acefd9ca4196bce1cbbe3a76__s40000ms.wav,40000,20000,,rumba
7a0adb36940e4d06acefd9ca4196bce1cbbe3a76__60000ms,7a0adb36940e4d06acefd9ca4196bce1cbbe3a76,Rumba music   Dusk Till Dawn   Dj Nassos B (23 BPM,D:\projekty\Hudba\music-editor\src\data\segments\rumba\7a0adb36940e4d06acefd9ca4196bce1cbbe3a76__s60000ms.wav,60000,20000,,rumba
7a0adb36940e4d06acefd9ca4196bce1cbbe3a76__80000ms,7a0adb36940e4d06acefd9ca4196bce1cbbe3a76,Rumba music   Dusk Till Dawn   Dj Nassos B (23 BPM,D:\projekty\Hudba\music-editor\src\data\segments\rumba\7a0adb36940e4d06acefd9ca4196bce1cbbe3a76__s80000ms.wav,80000,20000,,rumba
7a0adb36940e4d06acefd9ca4196bce1cbbe3a76__100000ms,7a0adb36940e4d06acefd9ca4196bce1cbbe3a76,Rumba music   Dusk Till Dawn   Dj Nassos B (23 BPM,D:\projekty\Hudba\music-editor\src\data\segments\rumba\7a0adb36940e4d06acefd9ca4196bce1cbbe3a76__s100000ms.wav,100000,20000,,rumba
7a0adb36940e4d06acefd9ca4196bce1cbbe3a76__120000ms,7a0adb36940e4d06acefd9ca4196bce1cbbe3a76,Rumba music   Dusk Till Dawn   Dj Nassos B (23 BPM,D:\projekty\Hudba\music-editor\src\data\segments\rumba\7a0adb36940e4d06acefd9ca4196bce1cbbe3a76__s120000ms.wav,120000,20000,,rumba
7a0adb36940e4d06acefd9ca4196bce1cbbe3a76__140000ms,7a0adb36940e4d06acefd9ca4196bce1cbbe3a76,Rumba music   Dusk Till Dawn   Dj Nassos B (23 BPM,D:\projekty\Hudba\music-editor\src\data\segments\rumba\7a0adb36940e4d06acefd9ca4196bce1cbbe3a76__s140000ms.wav,140000,20000,,rumba
7a0adb36940e4d06acefd9ca4196bce1cbbe3a76__160000ms,7a0adb36940e4d06acefd9ca4196bce1cbbe3a76,Rumba music   Dusk Till Dawn   Dj Nassos B (23 BPM,D:\projekty\Hudba\music-editor\src\data\segments\rumba\7a0adb36940e4d06acefd9ca4196bce1cbbe3a76__s160000ms.wav,160000,20000,,rumba
7a0adb36940e4d06acefd9ca4196bce1cbbe3a76__180000ms,7a0adb36940e4d06acefd9ca4196bce1cbbe3a76,Rumba music   Dusk Till Dawn   Dj Nassos B (23 BPM,D:\projekty\Hudba\music-editor\src\data\segments\rumba\7a0adb36940e4d06acefd9ca4196bce1cbbe3a76__s180000ms.wav,180000,13306,,rumba
e015c5d2bc31dfc1869c4eda68f2de6c077d2023__0ms,e015c5d2bc31dfc1869c4eda68f2de6c077d2023,Rumba music Antonio Minas – Mi Gran Amor Te Di,D:\projekty\Hudba\music-editor\src\data\segments\rumba\e015c5d2bc31dfc1869c4eda68f2de6c077d2023__s0ms.wav,0,20000,,rumba
e015c5d2bc31dfc1869c4eda68f2de6c077d2023__20000ms,e015c5d2bc31dfc1869c4eda68f2de6c077d2023,Rumba music Antonio Minas – Mi Gran Amor Te Di,D:\projekty\Hudba\music-editor\src\data\segments\rumba\e015c5d2bc31dfc1869c4eda68f2de6c077d2023__s20000ms.wav,20000,20000,,rumba
e015c5d2bc31dfc1869c4eda68f2de6c077d2023__40000ms,e015c5d2bc31dfc1869c4eda68f2de6c077d2023,Rumba music Antonio Minas – Mi Gran Amor Te Di,D:\projekty\Hudba\music-editor\src\data\segments\rumba\e015c5d2bc31dfc1869c4eda68f2de6c077d2023__s40000ms.wav,40000,20000,,rumba
e015c5d2bc31dfc1869c4eda68f2de6c077d2023__60000ms,e015c5d2bc31dfc1869c4eda68f2de6c077d2023,Rumba music Antonio Minas – Mi Gran Amor Te Di,D:\projekty\Hudba\music-editor\src\data\segments\rumba\e015c5d2bc31dfc1869c4eda68f2de6c077d2023__s60000ms.wav,60000,20000,,rumba
e015c5d2bc31dfc1869c4eda68f2de6c077d2023__80000ms,e015c5d2bc31dfc1869c4eda68f2de6c077d2023,Rumba music Antonio Minas – Mi Gran Amor Te Di,D:\projekty\Hudba\music-editor\src\data\segments\rumba\e015c5d2bc31dfc1869c4eda68f2de6c077d2023__s80000ms.wav,80000,20000,,rumba
e015c5d2bc31dfc1869c4eda68f2de6c077d2023__100000ms,e015c5d2bc31dfc1869c4eda68f2de6c077d2023,Rumba music Antonio Minas – Mi Gran Amor Te Di,D:\projekty\Hudba\music-editor\src\data\segments\rumba\e015c5d2bc31dfc1869c4eda68f2de6c077d2023__s100000ms.wav,100000,20000,,rumba
e015c5d2bc31dfc1869c4eda68f2de6c077d2023__120000ms,e015c5d2bc31dfc1869c4eda68f2de6c077d2023,Rumba music Antonio Minas – Mi Gran Amor Te Di,D:\projekty\Hudba\music-editor\src\data\segments\rumba\e015c5d2bc31dfc1869c4eda68f2de6c077d2023__s120000ms.wav,120000,20000,,rumba
e015c5d2bc31dfc1869c4eda68f2de6c077d2023__140000ms,e015c5d2bc31dfc1869c4eda68f2de6c077d2023,Rumba music Antonio Minas – Mi Gran Amor Te Di,D:\projekty\Hudba\music-editor\src\data\segments\rumba\e015c5d2bc31dfc1869c4eda68f2de6c077d2023__s140000ms.wav,140000,20000,,rumba
e015c5d2bc31dfc1869c4eda68f2de6c077d2023__160000ms,e015c5d2bc31dfc1869c4eda68f2de6c077d2023,Rumba music Antonio Minas – Mi Gran Amor Te Di,D:\projekty\Hudba\music-editor\src\data\segments\rumba\e015c5d2bc31dfc1869c4eda68f2de6c077d2023__s160000ms.wav,160000,20000,,rumba
e015c5d2bc31dfc1869c4eda68f2de6c077d2023__180000ms,e015c5d2bc31dfc1869c4eda68f2de6c077d2023,Rumba music Antonio Minas – Mi Gran Amor Te Di,D:\projekty\Hudba\music-editor\src\data\segments\rumba\e015c5d2bc31dfc1869c4eda68f2de6c077d2023__s180000ms.wav,180000,20000,,rumba
e015c5d2bc31dfc1869c4eda68f2de6c077d2023__200000ms,e015c5d2bc31dfc1869c4eda68f2de6c077d2023,Rumba music Antonio Minas – Mi Gran Amor Te Di,D:\projekty\Hudba\music-editor\src\data\segments\rumba\e015c5d2bc31dfc1869c4eda68f2de6c077d2023__s200000ms.wav,200000,20000,,rumba
972b1042fb4d40cbb81b8c5f6c138477fd277299__0ms,972b1042fb4d40cbb81b8c5f6c138477fd277299,Rumba music DJ Marc – One Shining Moment,D:\projekty\Hudba\music-editor\src\data\segments\rumba\972b1042fb4d40cbb81b8c5f6c138477fd277299__s0ms.wav,0,20000,,rumba
972b1042fb4d40cbb81b8c5f6c138477fd277299__20000ms,972b1042fb4d40cbb81b8c5f6c138477fd277299,Rumba music DJ Marc – One Shining Moment,D:\projekty\Hudba\music-editor\src\data\segments\rumba\972b1042fb4d40cbb81b8c5f6c138477fd277299__s20000ms.wav,20000,20000,,rumba
972b1042fb4d40cbb81b8c5f6c138477fd277299__40000ms,972b1042fb4d40cbb81b8c5f6c138477fd277299,Rumba music DJ Marc – One Shining Moment,D:\projekty\Hudba\music-editor\src\data\segments\rumba\972b1042fb4d40cbb81b8c5f6c138477fd277299__s40000ms.wav,40000,20000,,rumba
972b1042fb4d40cbb81b8c5f6c138477fd277299__60000ms,972b1042fb4d40cbb81b8c5f6c138477fd277299,Rumba music DJ Marc – One Shining Moment,D:\projekty\Hudba\music-editor\src\data\segments\rumba\972b1042fb4d40cbb81b8c5f6c138477fd277299__s60000ms.wav,60000,20000,,rumba
972b1042fb4d40cbb81b8c5f6c138477fd277299__80000ms,972b1042fb4d40cbb81b8c5f6c138477fd277299,Rumba music DJ Marc – One Shining Moment,D:\projekty\Hudba\music-editor\src\data\segments\rumba\972b1042fb4d40cbb81b8c5f6c138477fd277299__s80000ms.wav,80000,20000,,rumba
972b1042fb4d40cbb81b8c5f6c138477fd277299__100000ms,972b1042fb4d40cbb81b8c5f6c138477fd277299,Rumba music DJ Marc – One Shining Moment,D:\projekty\Hudba\music-editor\src\data\segments\rumba\972b1042fb4d40cbb81b8c5f6c138477fd277299__s100000ms.wav,100000,20000,,rumba
972b1042fb4d40cbb81b8c5f6c138477fd277299__120000ms,972b1042fb4d40cbb81b8c5f6c138477fd277299,Rumba music DJ Marc – One Shining Moment,D:\projekty\Hudba\music-editor\src\data\segments\rumba\972b1042fb4d40cbb81b8c5f6c138477fd277299__s120000ms.wav,120000,20000,,rumba
972b1042fb4d40cbb81b8c5f6c138477fd277299__140000ms,972b1042fb4d40cbb81b8c5f6c138477fd277299,Rumba music DJ Marc – One Shining Moment,D:\projekty\Hudba\music-editor\src\data\segments\rumba\972b1042fb4d40cbb81b8c5f6c138477fd277299__s140000ms.wav,140000,20000,,rumba
972b1042fb4d40cbb81b8c5f6c138477fd277299__160000ms,972b1042fb4d40cbb81b8c5f6c138477fd277299,Rumba music DJ Marc – One Shining Moment,D:\projekty\Hudba\music-editor\src\data\segments\rumba\972b1042fb4d40cbb81b8c5f6c138477fd277299__s160000ms.wav,160000,20000,,rumba
972b1042fb4d40cbb81b8c5f6c138477fd277299__180000ms,972b1042fb4d40cbb81b8c5f6c138477fd277299,Rumba music DJ Marc – One Shining Moment,D:\projekty\Hudba\music-editor\src\data\segments\rumba\972b1042fb4d40cbb81b8c5f6c138477fd277299__s180000ms.wav,180000,20000,,rumba
972b1042fb4d40cbb81b8c5f6c138477fd277299__200000ms,972b1042fb4d40cbb81b8c5f6c138477fd277299,Rumba music DJ Marc – One Shining Moment,D:\projekty\Hudba\music-editor\src\data\segments\rumba\972b1042fb4d40cbb81b8c5f6c138477fd277299__s200000ms.wav,200000,20000,,rumba
972b1042fb4d40cbb81b8c5f6c138477fd277299__220000ms,972b1042fb4d40cbb81b8c5f6c138477fd277299,Rumba music DJ Marc – One Shining Moment,D:\projekty\Hudba\music-editor\src\data\segments\rumba\972b1042fb4d40cbb81b8c5f6c138477fd277299__s220000ms.wav,220000,20000,,rumba
972b1042fb4d40cbb81b8c5f6c138477fd277299__240000ms,972b1042fb4d40cbb81b8c5f6c138477fd277299,Rumba music DJ Marc – One Shining Moment,D:\projekty\Hudba\music-editor\src\data\segments\rumba\972b1042fb4d40cbb81b8c5f6c138477fd277299__s240000ms.wav,240000,20000,,rumba
972b1042fb4d40cbb81b8c5f6c138477fd277299__260000ms,972b1042fb4d40cbb81b8c5f6c138477fd277299,Rumba music DJ Marc – One Shining Moment,D:\projekty\Hudba\music-editor\src\data\segments\rumba\972b1042fb4d40cbb81b8c5f6c138477fd277299__s260000ms.wav,260000,10838,,rumba
8e82083ab05ceb69970a0cb5daf8651b2d1b48f4__0ms,8e82083ab05ceb69970a0cb5daf8651b2d1b48f4,Rumba music Jose Feliciano – Cuando Pienso En Ti,D:\projekty\Hudba\music-editor\src\data\segments\rumba\8e82083ab05ceb69970a0cb5daf8651b2d1b48f4__s0ms.wav,0,20000,,rumba
8e82083ab05ceb69970a0cb5daf8651b2d1b48f4__20000ms,8e82083ab05ceb69970a0cb5daf8651b2d1b48f4,Rumba music Jose Feliciano – Cuando Pienso En Ti,D:\projekty\Hudba\music-editor\src\data\segments\rumba\8e82083ab05ceb69970a0cb5daf8651b2d1b48f4__s20000ms.wav,20000,20000,,rumba
8e82083ab05ceb69970a0cb5daf8651b2d1b48f4__40000ms,8e82083ab05ceb69970a0cb5daf8651b2d1b48f4,Rumba music Jose Feliciano – Cuando Pienso En Ti,D:\projekty\Hudba\music-editor\src\data\segments\rumba\8e82083ab05ceb69970a0cb5daf8651b2d1b48f4__s40000ms.wav,40000,20000,,rumba
8e82083ab05ceb69970a0cb5daf8651b2d1b48f4__60000ms,8e82083ab05ceb69970a0cb5daf8651b2d1b48f4,Rumba music Jose Feliciano – Cuando Pienso En Ti,D:\projekty\Hudba\music-editor\src\data\segments\rumba\8e82083ab05ceb69970a0cb5daf8651b2d1b48f4__s60000ms.wav,60000,20000,,rumba
8e82083ab05ceb69970a0cb5daf8651b2d1b48f4__80000ms,8e82083ab05ceb69970a0cb5daf8651b2d1b48f4,Rumba music Jose Feliciano – Cuando Pienso En Ti,D:\projekty\Hudba\music-editor\src\data\segments\rumba\8e82083ab05ceb69970a0cb5daf8651b2d1b48f4__s80000ms.wav,80000,20000,,rumba
8e82083ab05ceb69970a0cb5daf8651b2d1b48f4__100000ms,8e82083ab05ceb69970a0cb5daf8651b2d1b48f4,Rumba music Jose Feliciano – Cuando Pienso En Ti,D:\projekty\Hudba\music-editor\src\data\segments\rumba\8e82083ab05ceb69970a0cb5daf8651b2d1b48f4__s100000ms.wav,100000,20000,,rumba
8e82083ab05ceb69970a0cb5daf8651b2d1b48f4__120000ms,8e82083ab05ceb69970a0cb5daf8651b2d1b48f4,Rumba music Jose Feliciano – Cuando Pienso En Ti,D:\projekty\Hudba\music-editor\src\data\segments\rumba\8e82083ab05ceb69970a0cb5daf8651b2d1b48f4__s120000ms.wav,120000,20000,,rumba
8e82083ab05ceb69970a0cb5daf8651b2d1b48f4__140000ms,8e82083ab05ceb69970a0cb5daf8651b2d1b48f4,Rumba music Jose Feliciano – Cuando Pienso En Ti,D:\projekty\Hudba\music-editor\src\data\segments\rumba\8e82083ab05ceb69970a0cb5daf8651b2d1b48f4__s140000ms.wav,140000,20000,,rumba
8e82083ab05ceb69970a0cb5daf8651b2d1b48f4__160000ms,8e82083ab05ceb69970a0cb5daf8651b2d1b48f4,Rumba music Jose Feliciano – Cuando Pienso En Ti,D:\projekty\Hudba\music-editor\src\data\segments\rumba\8e82083ab05ceb69970a0cb5daf8651b2d1b48f4__s160000ms.wav,160000,20000,,rumba
8e82083ab05ceb69970a0cb5daf8651b2d1b48f4__180000ms,8e82083ab05ceb69970a0cb5daf8651b2d1b48f4,Rumba music Jose Feliciano – Cuando Pienso En Ti,D:\projekty\Hudba\music-editor\src\data\segments\rumba\8e82083ab05ceb69970a0cb5daf8651b2d1b48f4__s180000ms.wav,180000,20000,,rumba
dac41d2f294ffe78392a1389f2265d1ceaf3eeb0__0ms,dac41d2f294ffe78392a1389f2265d1ceaf3eeb0,RUMBA No Diggity (Rumba  23 BPM,D:\projekty\Hudba\music-editor\src\data\segments\rumba\dac41d2f294ffe78392a1389f2265d1ceaf3eeb0__s0ms.wav,0,20000,,rumba
dac41d2f294ffe78392a1389f2265d1ceaf3eeb0__20000ms,dac41d2f294ffe78392a1389f2265d1ceaf3eeb0,RUMBA No Diggity (Rumba  23 BPM,D:\projekty\Hudba\music-editor\src\data\segments\rumba\dac41d2f294ffe78392a1389f2265d1ceaf3eeb0__s20000ms.wav,20000,20000,,rumba
dac41d2f294ffe78392a1389f2265d1ceaf3eeb0__40000ms,dac41d2f294ffe78392a1389f2265d1ceaf3eeb0,RUMBA No Diggity (Rumba  23 BPM,D:\projekty\Hudba\music-editor\src\data\segments\rumba\dac41d2f294ffe78392a1389f2265d1ceaf3eeb0__s40000ms.wav,40000,20000,,rumba
dac41d2f294ffe78392a1389f2265d1ceaf3eeb0__60000ms,dac41d2f294ffe78392a1389f2265d1ceaf3eeb0,RUMBA No Diggity (Rumba  23 BPM,D:\projekty\Hudba\music-editor\src\data\segments\rumba\dac41d2f294ffe78392a1389f2265d1ceaf3eeb0__s60000ms.wav,60000,20000,,rumba
dac41d2f294ffe78392a1389f2265d1ceaf3eeb0__80000ms,dac41d2f294ffe78392a1389f2265d1ceaf3eeb0,RUMBA No Diggity (Rumba  23 BPM,D:\projekty\Hudba\music-editor\src\data\segments\rumba\dac41d2f294ffe78392a1389f2265d1ceaf3eeb0__s80000ms.wav,80000,20000,,rumba
dac41d2f294ffe78392a1389f2265d1ceaf3eeb0__100000ms,dac41d2f294ffe78392a1389f2265d1ceaf3eeb0,RUMBA No Diggity (Rumba  23 BPM,D:\projekty\Hudba\music-editor\src\data\segments\rumba\dac41d2f294ffe78392a1389f2265d1ceaf3eeb0__s100000ms.wav,100000,20000,,rumba
dac41d2f294ffe78392a1389f2265d1ceaf3eeb0__120000ms,dac41d2f294ffe78392a1389f2265d1ceaf3eeb0,RUMBA No Diggity (Rumba  23 BPM,D:\projekty\Hudba\music-editor\src\data\segments\rumba\dac41d2f294ffe78392a1389f2265d1ceaf3eeb0__s120000ms.wav,120000,20000,,rumba
dac41d2f294ffe78392a1389f2265d1ceaf3eeb0__140000ms,dac41d2f294ffe78392a1389f2265d1ceaf3eeb0,RUMBA No Diggity (Rumba  23 BPM,D:\projekty\Hudba\music-editor\src\data\segments\rumba\dac41d2f294ffe78392a1389f2265d1ceaf3eeb0__s140000ms.wav,140000,20000,,rumba
dac41d2f294ffe78392a1389f2265d1ceaf3eeb0__160000ms,dac41d2f294ffe78392a1389f2265d1ceaf3eeb0,RUMBA No Diggity (Rumba  23 BPM,D:\projekty\Hudba\music-editor\src\data\segments\rumba\dac41d2f294ffe78392a1389f2265d1ceaf3eeb0__s160000ms.wav,160000,20000,,rumba
dac41d2f294ffe78392a1389f2265d1ceaf3eeb0__180000ms,dac41d2f294ffe78392a1389f2265d1ceaf3eeb0,RUMBA No Diggity (Rumba  23 BPM,D:\projekty\Hudba\music-editor\src\data\segments\rumba\dac41d2f294ffe78392a1389f2265d1ceaf3eeb0__s180000ms.wav,180000,20000,,rumba
dac41d2f294ffe78392a1389f2265d1ceaf3eeb0__200000ms,dac41d2f294ffe78392a1389f2265d1ceaf3eeb0,RUMBA No Diggity (Rumba  23 BPM,D:\projekty\Hudba\music-editor\src\data\segments\rumba\dac41d2f294ffe78392a1389f2265d1ceaf3eeb0__s200000ms.wav,200000,20000,,rumba
dac41d2f294ffe78392a1389f2265d1ceaf3eeb0__220000ms,dac41d2f294ffe78392a1389f2265d1ceaf3eeb0,RUMBA No Diggity (Rumba  23 BPM,D:\projekty\Hudba\music-editor\src\data\segments\rumba\dac41d2f294ffe78392a1389f2265d1ceaf3eeb0__s220000ms.wav,220000,20000,,rumba
b8de26c831485c903c8ec59325f43979d3269243__0ms,b8de26c831485c903c8ec59325f43979d3269243,RUMBA SDS  Fields Of Gold (Rumba 25 BPM,D:\projekty\Hudba\music-editor\src\data\segments\rumba\b8de26c831485c903c8ec59325f43979d3269243__s0ms.wav,0,20000,,rumba
b8de26c831485c903c8ec59325f43979d3269243__20000ms,b8de26c831485c903c8ec59325f43979d3269243,RUMBA SDS  Fields Of Gold (Rumba 25 BPM,D:\projekty\Hudba\music-editor\src\data\segments\rumba\b8de26c831485c903c8ec59325f43979d3269243__s20000ms.wav,20000,20000,,rumba
b8de26c831485c903c8ec59325f43979d3269243__40000ms,b8de26c831485c903c8ec59325f43979d3269243,RUMBA SDS  Fields Of Gold (Rumba 25 BPM,D:\projekty\Hudba\music-editor\src\data\segments\rumba\b8de26c831485c903c8ec59325f43979d3269243__s40000ms.wav,40000,20000,,rumba
b8de26c831485c903c8ec59325f43979d3269243__60000ms,b8de26c831485c903c8ec59325f43979d3269243,RUMBA SDS  Fields Of Gold (Rumba 25 BPM,D:\projekty\Hudba\music-editor\src\data\segments\rumba\b8de26c831485c903c8ec59325f43979d3269243__s60000ms.wav,60000,20000,,rumba
b8de26c831485c903c8ec59325f43979d3269243__80000ms,b8de26c831485c903c8ec59325f43979d3269243,RUMBA SDS  Fields Of Gold (Rumba 25 BPM,D:\projekty\Hudba\music-editor\src\data\segments\rumba\b8de26c831485c903c8ec59325f43979d3269243__s80000ms.wav,80000,20000,,rumba
b8de26c831485c903c8ec59325f43979d3269243__100000ms,b8de26c831485c903c8ec59325f43979d3269243,RUMBA SDS  Fields Of Gold (Rumba 25 BPM,D:\projekty\Hudba\music-editor\src\data\segments\rumba\b8de26c831485c903c8ec59325f43979d3269243__s100000ms.wav,100000,20000,,rumba
b0a74ec53ed0842f4af175093a48ff3010918414__0ms,b0a74ec53ed0842f4af175093a48ff3010918414,RUMBA SDS Uncover (Rumba 25 BPM,D:\projekty\Hudba\music-editor\src\data\segments\rumba\b0a74ec53ed0842f4af175093a48ff3010918414__s0ms.wav,0,20000,,rumba
b0a74ec53ed0842f4af175093a48ff3010918414__20000ms,b0a74ec53ed0842f4af175093a48ff3010918414,RUMBA SDS Uncover (Rumba 25 BPM,D:\projekty\Hudba\music-editor\src\data\segments\rumba\b0a74ec53ed0842f4af175093a48ff3010918414__s20000ms.wav,20000,20000,,rumba
b0a74ec53ed0842f4af175093a48ff3010918414__40000ms,b0a74ec53ed0842f4af175093a48ff3010918414,RUMBA SDS Uncover (Rumba 25 BPM,D:\projekty\Hudba\music-editor\src\data\segments\rumba\b0a74ec53ed0842f4af175093a48ff3010918414__s40000ms.wav,40000,20000,,rumba
b0a74ec53ed0842f4af175093a48ff3010918414__60000ms,b0a74ec53ed0842f4af175093a48ff3010918414,RUMBA SDS Uncover (Rumba 25 BPM,D:\projekty\Hudba\music-editor\src\data\segments\rumba\b0a74ec53ed0842f4af175093a48ff3010918414__s60000ms.wav,60000,20000,,rumba
b0a74ec53ed0842f4af175093a48ff3010918414__80000ms,b0a74ec53ed0842f4af175093a48ff3010918414,RUMBA SDS Uncover (Rumba 25 BPM,D:\projekty\Hudba\music-editor\src\data\segments\rumba\b0a74ec53ed0842f4af175093a48ff3010918414__s80000ms.wav,80000,20000,,rumba
b0a74ec53ed0842f4af175093a48ff3010918414__100000ms,b0a74ec53ed0842f4af175093a48ff3010918414,RUMBA SDS Uncover (Rumba 25 BPM,D:\projekty\Hudba\music-editor\src\data\segments\rumba\b0a74ec53ed0842f4af175093a48ff3010918414__s100000ms.wav,100000,20000,,rumba
f485c5a1e678eb5376f7262b4f91c21ff2283f20__0ms,f485c5a1e678eb5376f7262b4f91c21ff2283f20,RUMBA Soi Nada,D:\projekty\Hudba\music-editor\src\data\segments\rumba\f485c5a1e678eb5376f7262b4f91c21ff2283f20__s0ms.wav,0,20000,,rumba
f485c5a1e678eb5376f7262b4f91c21ff2283f20__20000ms,f485c5a1e678eb5376f7262b4f91c21ff2283f20,RUMBA Soi Nada,D:\projekty\Hudba\music-editor\src\data\segments\rumba\f485c5a1e678eb5376f7262b4f91c21ff2283f20__s20000ms.wav,20000,20000,,rumba
f485c5a1e678eb5376f7262b4f91c21ff2283f20__40000ms,f485c5a1e678eb5376f7262b4f91c21ff2283f20,RUMBA Soi Nada,D:\projekty\Hudba\music-editor\src\data\segments\rumba\f485c5a1e678eb5376f7262b4f91c21ff2283f20__s40000ms.wav,40000,20000,,rumba
f485c5a1e678eb5376f7262b4f91c21ff2283f20__60000ms,f485c5a1e678eb5376f7262b4f91c21ff2283f20,RUMBA Soi Nada,D:\projekty\Hudba\music-editor\src\data\segments\rumba\f485c5a1e678eb5376f7262b4f91c21ff2283f20__s60000ms.wav,60000,20000,,rumba
f485c5a1e678eb5376f7262b4f91c21ff2283f20__80000ms,f485c5a1e678eb5376f7262b4f91c21ff2283f20,RUMBA Soi Nada,D:\projekty\Hudba\music-editor\src\data\segments\rumba\f485c5a1e678eb5376f7262b4f91c21ff2283f20__s80000ms.wav,80000,20000,,rumba
f485c5a1e678eb5376f7262b4f91c21ff2283f20__100000ms,f485c5a1e678eb5376f7262b4f91c21ff2283f20,RUMBA Soi Nada,D:\projekty\Hudba\music-editor\src\data\segments\rumba\f485c5a1e678eb5376f7262b4f91c21ff2283f20__s100000ms.wav,100000,20000,,rumba
f485c5a1e678eb5376f7262b4f91c21ff2283f20__120000ms,f485c5a1e678eb5376f7262b4f91c21ff2283f20,RUMBA Soi Nada,D:\projekty\Hudba\music-editor\src\data\segments\rumba\f485c5a1e678eb5376f7262b4f91c21ff2283f20__s120000ms.wav,120000,20000,,rumba
f485c5a1e678eb5376f7262b4f91c21ff2283f20__140000ms,f485c5a1e678eb5376f7262b4f91c21ff2283f20,RUMBA Soi Nada,D:\projekty\Hudba\music-editor\src\data\segments\rumba\f485c5a1e678eb5376f7262b4f91c21ff2283f20__s140000ms.wav,140000,20000,,rumba
a95ac9df8ee3adc12488b2724d79f75ddc30170c__0ms,a95ac9df8ee3adc12488b2724d79f75ddc30170c,RUMBA Sometimes (Rumba  26 Bpm,D:\projekty\Hudba\music-editor\src\data\segments\rumba\a95ac9df8ee3adc12488b2724d79f75ddc30170c__s0ms.wav,0,20000,,rumba
a95ac9df8ee3adc12488b2724d79f75ddc30170c__20000ms,a95ac9df8ee3adc12488b2724d79f75ddc30170c,RUMBA Sometimes (Rumba  26 Bpm,D:\projekty\Hudba\music-editor\src\data\segments\rumba\a95ac9df8ee3adc12488b2724d79f75ddc30170c__s20000ms.wav,20000,20000,,rumba
a95ac9df8ee3adc12488b2724d79f75ddc30170c__40000ms,a95ac9df8ee3adc12488b2724d79f75ddc30170c,RUMBA Sometimes (Rumba  26 Bpm,D:\projekty\Hudba\music-editor\src\data\segments\rumba\a95ac9df8ee3adc12488b2724d79f75ddc30170c__s40000ms.wav,40000,20000,,rumba
a95ac9df8ee3adc12488b2724d79f75ddc30170c__60000ms,a95ac9df8ee3adc12488b2724d79f75ddc30170c,RUMBA Sometimes (Rumba  26 Bpm,D:\projekty\Hudba\music-editor\src\data\segments\rumba\a95ac9df8ee3adc12488b2724d79f75ddc30170c__s60000ms.wav,60000,20000,,rumba
a95ac9df8ee3adc12488b2724d79f75ddc30170c__80000ms,a95ac9df8ee3adc12488b2724d79f75ddc30170c,RUMBA Sometimes (Rumba  26 Bpm,D:\projekty\Hudba\music-editor\src\data\segments\rumba\a95ac9df8ee3adc12488b2724d79f75ddc30170c__s80000ms.wav,80000,20000,,rumba
a95ac9df8ee3adc12488b2724d79f75ddc30170c__100000ms,a95ac9df8ee3adc12488b2724d79f75ddc30170c,RUMBA Sometimes (Rumba  26 Bpm,D:\projekty\Hudba\music-editor\src\data\segments\rumba\a95ac9df8ee3adc12488b2724d79f75ddc30170c__s100000ms.wav,100000,20000,,rumba
a95ac9df8ee3adc12488b2724d79f75ddc30170c__120000ms,a95ac9df8ee3adc12488b2724d79f75ddc30170c,RUMBA Sometimes (Rumba  26 Bpm,D:\projekty\Hudba\music-editor\src\data\segments\rumba\a95ac9df8ee3adc12488b2724d79f75ddc30170c__s120000ms.wav,120000,20000,,rumba
a95ac9df8ee3adc12488b2724d79f75ddc30170c__140000ms,a95ac9df8ee3adc12488b2724d79f75ddc30170c,RUMBA Sometimes (Rumba  26 Bpm,D:\projekty\Hudba\music-editor\src\data\segments\rumba\a95ac9df8ee3adc12488b2724d79f75ddc30170c__s140000ms.wav,140000,20000,,rumba
a95ac9df8ee3adc12488b2724d79f75ddc30170c__160000ms,a95ac9df8ee3adc12488b2724d79f75ddc30170c,RUMBA Sometimes (Rumba  26 Bpm,D:\projekty\Hudba\music-editor\src\data\segments\rumba\a95ac9df8ee3adc12488b2724d79f75ddc30170c__s160000ms.wav,160000,20000,,rumba
a95ac9df8ee3adc12488b2724d79f75ddc30170c__180000ms,a95ac9df8ee3adc12488b2724d79f75ddc30170c,RUMBA Sometimes (Rumba  26 Bpm,D:\projekty\Hudba\music-editor\src\data\segments\rumba\a95ac9df8ee3adc12488b2724d79f75ddc30170c__s180000ms.wav,180000,20000,,rumba
a95ac9df8ee3adc12488b2724d79f75ddc30170c__200000ms,a95ac9df8ee3adc12488b2724d79f75ddc30170c,RUMBA Sometimes (Rumba  26 Bpm,D:\projekty\Hudba\music-editor\src\data\segments\rumba\a95ac9df8ee3adc12488b2724d79f75ddc30170c__s200000ms.wav,200000,20000,,rumba
9b80085fdf5da7f88956641a80c55abc7decc993__0ms,9b80085fdf5da7f88956641a80c55abc7decc993,RUMBA Take That,D:\projekty\Hudba\music-editor\src\data\segments\rumba\9b80085fdf5da7f88956641a80c55abc7decc993__s0ms.wav,0,20000,,rumba
9b80085fdf5da7f88956641a80c55abc7decc993__20000ms,9b80085fdf5da7f88956641a80c55abc7decc993,RUMBA Take That,D:\projekty\Hudba\music-editor\src\data\segments\rumba\9b80085fdf5da7f88956641a80c55abc7decc993__s20000ms.wav,20000,20000,,rumba
9b80085fdf5da7f88956641a80c55abc7decc993__40000ms,9b80085fdf5da7f88956641a80c55abc7decc993,RUMBA Take That,D:\projekty\Hudba\music-editor\src\data\segments\rumba\9b80085fdf5da7f88956641a80c55abc7decc993__s40000ms.wav,40000,20000,,rumba
9b80085fdf5da7f88956641a80c55abc7decc993__60000ms,9b80085fdf5da7f88956641a80c55abc7decc993,RUMBA Take That,D:\projekty\Hudba\music-editor\src\data\segments\rumba\9b80085fdf5da7f88956641a80c55abc7decc993__s60000ms.wav,60000,20000,,rumba
9b80085fdf5da7f88956641a80c55abc7decc993__80000ms,9b80085fdf5da7f88956641a80c55abc7decc993,RUMBA Take That,D:\projekty\Hudba\music-editor\src\data\segments\rumba\9b80085fdf5da7f88956641a80c55abc7decc993__s80000ms.wav,80000,20000,,rumba
9b80085fdf5da7f88956641a80c55abc7decc993__100000ms,9b80085fdf5da7f88956641a80c55abc7decc993,RUMBA Take That,D:\projekty\Hudba\music-editor\src\data\segments\rumba\9b80085fdf5da7f88956641a80c55abc7decc993__s100000ms.wav,100000,20000,,rumba
9b80085fdf5da7f88956641a80c55abc7decc993__120000ms,9b80085fdf5da7f88956641a80c55abc7decc993,RUMBA Take That,D:\projekty\Hudba\music-editor\src\data\segments\rumba\9b80085fdf5da7f88956641a80c55abc7decc993__s120000ms.wav,120000,20000,,rumba
9b80085fdf5da7f88956641a80c55abc7decc993__140000ms,9b80085fdf5da7f88956641a80c55abc7decc993,RUMBA Take That,D:\projekty\Hudba\music-editor\src\data\segments\rumba\9b80085fdf5da7f88956641a80c55abc7decc993__s140000ms.wav,140000,20000,,rumba
9b80085fdf5da7f88956641a80c55abc7decc993__160000ms,9b80085fdf5da7f88956641a80c55abc7decc993,RUMBA Take That,D:\projekty\Hudba\music-editor\src\data\segments\rumba\9b80085fdf5da7f88956641a80c55abc7decc993__s160000ms.wav,160000,20000,,rumba
9b80085fdf5da7f88956641a80c55abc7decc993__180000ms,9b80085fdf5da7f88956641a80c55abc7decc993,RUMBA Take That,D:\projekty\Hudba\music-editor\src\data\segments\rumba\9b80085fdf5da7f88956641a80c55abc7decc993__s180000ms.wav,180000,20000,,rumba
9b80085fdf5da7f88956641a80c55abc7decc993__200000ms,9b80085fdf5da7f88956641a80c55abc7decc993,RUMBA Take That,D:\projekty\Hudba\music-editor\src\data\segments\rumba\9b80085fdf5da7f88956641a80c55abc7decc993__s200000ms.wav,200000,20000,,rumba
115e179d685a5511bcaebf62490b019b17dbbd29__0ms,115e179d685a5511bcaebf62490b019b17dbbd29,Rumba Tu recuerdo conmig,D:\projekty\Hudba\music-editor\src\data\segments\rumba\115e179d685a5511bcaebf62490b019b17dbbd29__s0ms.wav,0,20000,,rumba
115e179d685a5511bcaebf62490b019b17dbbd29__20000ms,115e179d685a5511bcaebf62490b019b17dbbd29,Rumba Tu recuerdo conmig,D:\projekty\Hudba\music-editor\src\data\segments\rumba\115e179d685a5511bcaebf62490b019b17dbbd29__s20000ms.wav,20000,20000,,rumba
115e179d685a5511bcaebf62490b019b17dbbd29__40000ms,115e179d685a5511bcaebf62490b019b17dbbd29,Rumba Tu recuerdo conmig,D:\projekty\Hudba\music-editor\src\data\segments\rumba\115e179d685a5511bcaebf62490b019b17dbbd29__s40000ms.wav,40000,20000,,rumba
115e179d685a5511bcaebf62490b019b17dbbd29__60000ms,115e179d685a5511bcaebf62490b019b17dbbd29,Rumba Tu recuerdo conmig,D:\projekty\Hudba\music-editor\src\data\segments\rumba\115e179d685a5511bcaebf62490b019b17dbbd29__s60000ms.wav,60000,20000,,rumba
115e179d685a5511bcaebf62490b019b17dbbd29__80000ms,115e179d685a5511bcaebf62490b019b17dbbd29,Rumba Tu recuerdo conmig,D:\projekty\Hudba\music-editor\src\data\segments\rumba\115e179d685a5511bcaebf62490b019b17dbbd29__s80000ms.wav,80000,20000,,rumba
115e179d685a5511bcaebf62490b019b17dbbd29__100000ms,115e179d685a5511bcaebf62490b019b17dbbd29,Rumba Tu recuerdo conmig,D:\projekty\Hudba\music-editor\src\data\segments\rumba\115e179d685a5511bcaebf62490b019b17dbbd29__s100000ms.wav,100000,20000,,rumba
115e179d685a5511bcaebf62490b019b17dbbd29__120000ms,115e179d685a5511bcaebf62490b019b17dbbd29,Rumba Tu recuerdo conmig,D:\projekty\Hudba\music-editor\src\data\segments\rumba\115e179d685a5511bcaebf62490b019b17dbbd29__s120000ms.wav,120000,20000,,rumba
115e179d685a5511bcaebf62490b019b17dbbd29__140000ms,115e179d685a5511bcaebf62490b019b17dbbd29,Rumba Tu recuerdo conmig,D:\projekty\Hudba\music-editor\src\data\segments\rumba\115e179d685a5511bcaebf62490b019b17dbbd29__s140000ms.wav,140000,20000,,rumba
115e179d685a5511bcaebf62490b019b17dbbd29__160000ms,115e179d685a5511bcaebf62490b019b17dbbd29,Rumba Tu recuerdo conmig,D:\projekty\Hudba\music-editor\src\data\segments\rumba\115e179d685a5511bcaebf62490b019b17dbbd29__s160000ms.wav,160000,20000,,rumba
115e179d685a5511bcaebf62490b019b17dbbd29__180000ms,115e179d685a5511bcaebf62490b019b17dbbd29,Rumba Tu recuerdo conmig,D:\projekty\Hudba\music-editor\src\data\segments\rumba\115e179d685a5511bcaebf62490b019b17dbbd29__s180000ms.wav,180000,20000,,rumba
115e179d685a5511bcaebf62490b019b17dbbd29__200000ms,115e179d685a5511bcaebf62490b019b17dbbd29,Rumba Tu recuerdo conmig,D:\projekty\Hudba\music-editor\src\data\segments\rumba\115e179d685a5511bcaebf62490b019b17dbbd29__s200000ms.wav,200000,20000,,rumba
115e179d685a5511bcaebf62490b019b17dbbd29__220000ms,115e179d685a5511bcaebf62490b019b17dbbd29,Rumba Tu recuerdo conmig,D:\projekty\Hudba\music-editor\src\data\segments\rumba\115e179d685a5511bcaebf62490b019b17dbbd29__s220000ms.wav,220000,20000,,rumba
115e179d685a5511bcaebf62490b019b17dbbd29__240000ms,115e179d685a5511bcaebf62490b019b17dbbd29,Rumba Tu recuerdo conmig,D:\projekty\Hudba\music-editor\src\data\segments\rumba\115e179d685a5511bcaebf62490b019b17dbbd29__s240000ms.wav,240000,20000,,rumba
115e179d685a5511bcaebf62490b019b17dbbd29__260000ms,115e179d685a5511bcaebf62490b019b17dbbd29,Rumba Tu recuerdo conmig,D:\projekty\Hudba\music-editor\src\data\segments\rumba\115e179d685a5511bcaebf62490b019b17dbbd29__s260000ms.wav,260000,20000,,rumba
115e179d685a5511bcaebf62490b019b17dbbd29__280000ms,115e179d685a5511bcaebf62490b019b17dbbd29,Rumba Tu recuerdo conmig,D:\projekty\Hudba\music-editor\src\data\segments\rumba\115e179d685a5511bcaebf62490b019b17dbbd29__s280000ms.wav,280000,8157,,rumba
ed8db33f8ad3f64a54ebfcf5dbd828dfc09db3d4__0ms,ed8db33f8ad3f64a54ebfcf5dbd828dfc09db3d4,RUMBA Voyage Voyage (Rumba 25BPM,D:\projekty\Hudba\music-editor\src\data\segments\rumba\ed8db33f8ad3f64a54ebfcf5dbd828dfc09db3d4__s0ms.wav,0,20000,,rumba
ed8db33f8ad3f64a54ebfcf5dbd828dfc09db3d4__20000ms,ed8db33f8ad3f64a54ebfcf5dbd828dfc09db3d4,RUMBA Voyage Voyage (Rumba 25BPM,D:\projekty\Hudba\music-editor\src\data\segments\rumba\ed8db33f8ad3f64a54ebfcf5dbd828dfc09db3d4__s20000ms.wav,20000,20000,,rumba
ed8db33f8ad3f64a54ebfcf5dbd828dfc09db3d4__40000ms,ed8db33f8ad3f64a54ebfcf5dbd828dfc09db3d4,RUMBA Voyage Voyage (Rumba 25BPM,D:\projekty\Hudba\music-editor\src\data\segments\rumba\ed8db33f8ad3f64a54ebfcf5dbd828dfc09db3d4__s40000ms.wav,40000,20000,,rumba
ed8db33f8ad3f64a54ebfcf5dbd828dfc09db3d4__60000ms,ed8db33f8ad3f64a54ebfcf5dbd828dfc09db3d4,RUMBA Voyage Voyage (Rumba 25BPM,D:\projekty\Hudba\music-editor\src\data\segments\rumba\ed8db33f8ad3f64a54ebfcf5dbd828dfc09db3d4__s60000ms.wav,60000,20000,,rumba
ed8db33f8ad3f64a54ebfcf5dbd828dfc09db3d4__80000ms,ed8db33f8ad3f64a54ebfcf5dbd828dfc09db3d4,RUMBA Voyage Voyage (Rumba 25BPM,D:\projekty\Hudba\music-editor\src\data\segments\rumba\ed8db33f8ad3f64a54ebfcf5dbd828dfc09db3d4__s80000ms.wav,80000,20000,,rumba
ed8db33f8ad3f64a54ebfcf5dbd828dfc09db3d4__100000ms,ed8db33f8ad3f64a54ebfcf5dbd828dfc09db3d4,RUMBA Voyage Voyage (Rumba 25BPM,D:\projekty\Hudba\music-editor\src\data\segments\rumba\ed8db33f8ad3f64a54ebfcf5dbd828dfc09db3d4__s100000ms.wav,100000,20000,,rumba
ed8db33f8ad3f64a54ebfcf5dbd828dfc09db3d4__120000ms,ed8db33f8ad3f64a54ebfcf5dbd828dfc09db3d4,RUMBA Voyage Voyage (Rumba 25BPM,D:\projekty\Hudba\music-editor\src\data\segments\rumba\ed8db33f8ad3f64a54ebfcf5dbd828dfc09db3d4__s120000ms.wav,120000,20000,,rumba
ed8db33f8ad3f64a54ebfcf5dbd828dfc09db3d4__140000ms,ed8db33f8ad3f64a54ebfcf5dbd828dfc09db3d4,RUMBA Voyage Voyage (Rumba 25BPM,D:\projekty\Hudba\music-editor\src\data\segments\rumba\ed8db33f8ad3f64a54ebfcf5dbd828dfc09db3d4__s140000ms.wav,140000,20000,,rumba
ed8db33f8ad3f64a54ebfcf5dbd828dfc09db3d4__160000ms,ed8db33f8ad3f64a54ebfcf5dbd828dfc09db3d4,RUMBA Voyage Voyage (Rumba 25BPM,D:\projekty\Hudba\music-editor\src\data\segments\rumba\ed8db33f8ad3f64a54ebfcf5dbd828dfc09db3d4__s160000ms.wav,160000,20000,,rumba
ed8db33f8ad3f64a54ebfcf5dbd828dfc09db3d4__180000ms,ed8db33f8ad3f64a54ebfcf5dbd828dfc09db3d4,RUMBA Voyage Voyage (Rumba 25BPM,D:\projekty\Hudba\music-editor\src\data\segments\rumba\ed8db33f8ad3f64a54ebfcf5dbd828dfc09db3d4__s180000ms.wav,180000,20000,,rumba
ed8db33f8ad3f64a54ebfcf5dbd828dfc09db3d4__200000ms,ed8db33f8ad3f64a54ebfcf5dbd828dfc09db3d4,RUMBA Voyage Voyage (Rumba 25BPM,D:\projekty\Hudba\music-editor\src\data\segments\rumba\ed8db33f8ad3f64a54ebfcf5dbd828dfc09db3d4__s200000ms.wav,200000,20000,,rumba
ed8db33f8ad3f64a54ebfcf5dbd828dfc09db3d4__220000ms,ed8db33f8ad3f64a54ebfcf5dbd828dfc09db3d4,RUMBA Voyage Voyage (Rumba 25BPM,D:\projekty\Hudba\music-editor\src\data\segments\rumba\ed8db33f8ad3f64a54ebfcf5dbd828dfc09db3d4__s220000ms.wav,220000,20000,,rumba
ed8db33f8ad3f64a54ebfcf5dbd828dfc09db3d4__240000ms,ed8db33f8ad3f64a54ebfcf5dbd828dfc09db3d4,RUMBA Voyage Voyage (Rumba 25BPM,D:\projekty\Hudba\music-editor\src\data\segments\rumba\ed8db33f8ad3f64a54ebfcf5dbd828dfc09db3d4__s240000ms.wav,240000,8059,,rumba
78c6738264ea3bf7a593fab0c39bd870df076d48__0ms,78c6738264ea3bf7a593fab0c39bd870df076d48,RUMBA White Christmas (Rumba  26 BPM,D:\projekty\Hudba\music-editor\src\data\segments\rumba\78c6738264ea3bf7a593fab0c39bd870df076d48__s0ms.wav,0,20000,,rumba
78c6738264ea3bf7a593fab0c39bd870df076d48__20000ms,78c6738264ea3bf7a593fab0c39bd870df076d48,RUMBA White Christmas (Rumba  26 BPM,D:\projekty\Hudba\music-editor\src\data\segments\rumba\78c6738264ea3bf7a593fab0c39bd870df076d48__s20000ms.wav,20000,20000,,rumba
78c6738264ea3bf7a593fab0c39bd870df076d48__40000ms,78c6738264ea3bf7a593fab0c39bd870df076d48,RUMBA White Christmas (Rumba  26 BPM,D:\projekty\Hudba\music-editor\src\data\segments\rumba\78c6738264ea3bf7a593fab0c39bd870df076d48__s40000ms.wav,40000,20000,,rumba
78c6738264ea3bf7a593fab0c39bd870df076d48__60000ms,78c6738264ea3bf7a593fab0c39bd870df076d48,RUMBA White Christmas (Rumba  26 BPM,D:\projekty\Hudba\music-editor\src\data\segments\rumba\78c6738264ea3bf7a593fab0c39bd870df076d48__s60000ms.wav,60000,20000,,rumba
78c6738264ea3bf7a593fab0c39bd870df076d48__80000ms,78c6738264ea3bf7a593fab0c39bd870df076d48,RUMBA White Christmas (Rumba  26 BPM,D:\projekty\Hudba\music-editor\src\data\segments\rumba\78c6738264ea3bf7a593fab0c39bd870df076d48__s80000ms.wav,80000,20000,,rumba
78c6738264ea3bf7a593fab0c39bd870df076d48__100000ms,78c6738264ea3bf7a593fab0c39bd870df076d48,RUMBA White Christmas (Rumba  26 BPM,D:\projekty\Hudba\music-editor\src\data\segments\rumba\78c6738264ea3bf7a593fab0c39bd870df076d48__s100000ms.wav,100000,20000,,rumba
78c6738264ea3bf7a593fab0c39bd870df076d48__120000ms,78c6738264ea3bf7a593fab0c39bd870df076d48,RUMBA White Christmas (Rumba  26 BPM,D:\projekty\Hudba\music-editor\src\data\segments\rumba\78c6738264ea3bf7a593fab0c39bd870df076d48__s120000ms.wav,120000,20000,,rumba
78c6738264ea3bf7a593fab0c39bd870df076d48__140000ms,78c6738264ea3bf7a593fab0c39bd870df076d48,RUMBA White Christmas (Rumba  26 BPM,D:\projekty\Hudba\music-editor\src\data\segments\rumba\78c6738264ea3bf7a593fab0c39bd870df076d48__s140000ms.wav,140000,20000,,rumba
78c6738264ea3bf7a593fab0c39bd870df076d48__160000ms,78c6738264ea3bf7a593fab0c39bd870df076d48,RUMBA White Christmas (Rumba  26 BPM,D:\projekty\Hudba\music-editor\src\data\segments\rumba\78c6738264ea3bf7a593fab0c39bd870df076d48__s160000ms.wav,160000,20000,,rumba
b766a27cd6490d63c16946bcb762509c2b6e83df__0ms,b766a27cd6490d63c16946bcb762509c2b6e83df,RUMBA White Christmas (Rumba  27BPM,D:\projekty\Hudba\music-editor\src\data\segments\rumba\b766a27cd6490d63c16946bcb762509c2b6e83df__s0ms.wav,0,20000,,rumba
b766a27cd6490d63c16946bcb762509c2b6e83df__20000ms,b766a27cd6490d63c16946bcb762509c2b6e83df,RUMBA White Christmas (Rumba  27BPM,D:\projekty\Hudba\music-editor\src\data\segments\rumba\b766a27cd6490d63c16946bcb762509c2b6e83df__s20000ms.wav,20000,20000,,rumba
b766a27cd6490d63c16946bcb762509c2b6e83df__40000ms,b766a27cd6490d63c16946bcb762509c2b6e83df,RUMBA White Christmas (Rumba  27BPM,D:\projekty\Hudba\music-editor\src\data\segments\rumba\b766a27cd6490d63c16946bcb762509c2b6e83df__s40000ms.wav,40000,20000,,rumba
b766a27cd6490d63c16946bcb762509c2b6e83df__60000ms,b766a27cd6490d63c16946bcb762509c2b6e83df,RUMBA White Christmas (Rumba  27BPM,D:\projekty\Hudba\music-editor\src\data\segments\rumba\b766a27cd6490d63c16946bcb762509c2b6e83df__s60000ms.wav,60000,20000,,rumba
b766a27cd6490d63c16946bcb762509c2b6e83df__80000ms,b766a27cd6490d63c16946bcb762509c2b6e83df,RUMBA White Christmas (Rumba  27BPM,D:\projekty\Hudba\music-editor\src\data\segments\rumba\b766a27cd6490d63c16946bcb762509c2b6e83df__s80000ms.wav,80000,20000,,rumba
b766a27cd6490d63c16946bcb762509c2b6e83df__100000ms,b766a27cd6490d63c16946bcb762509c2b6e83df,RUMBA White Christmas (Rumba  27BPM,D:\projekty\Hudba\music-editor\src\data\segments\rumba\b766a27cd6490d63c16946bcb762509c2b6e83df__s100000ms.wav,100000,20000,,rumba
b766a27cd6490d63c16946bcb762509c2b6e83df__120000ms,b766a27cd6490d63c16946bcb762509c2b6e83df,RUMBA White Christmas (Rumba  27BPM,D:\projekty\Hudba\music-editor\src\data\segments\rumba\b766a27cd6490d63c16946bcb762509c2b6e83df__s120000ms.wav,120000,20000,,rumba
b766a27cd6490d63c16946bcb762509c2b6e83df__140000ms,b766a27cd6490d63c16946bcb762509c2b6e83df,RUMBA White Christmas (Rumba  27BPM,D:\projekty\Hudba\music-editor\src\data\segments\rumba\b766a27cd6490d63c16946bcb762509c2b6e83df__s140000ms.wav,140000,11197,,rumba
b8887e7c5c179d2a144e25a7e4bf1969c7966f68__0ms,b8887e7c5c179d2a144e25a7e4bf1969c7966f68,RUMBA Winter Wonderland (Rumba  27BPM,D:\projekty\Hudba\music-editor\src\data\segments\rumba\b8887e7c5c179d2a144e25a7e4bf1969c7966f68__s0ms.wav,0,20000,,rumba
b8887e7c5c179d2a144e25a7e4bf1969c7966f68__20000ms,b8887e7c5c179d2a144e25a7e4bf1969c7966f68,RUMBA Winter Wonderland (Rumba  27BPM,D:\projekty\Hudba\music-editor\src\data\segments\rumba\b8887e7c5c179d2a144e25a7e4bf1969c7966f68__s20000ms.wav,20000,20000,,rumba
b8887e7c5c179d2a144e25a7e4bf1969c7966f68__40000ms,b8887e7c5c179d2a144e25a7e4bf1969c7966f68,RUMBA Winter Wonderland (Rumba  27BPM,D:\projekty\Hudba\music-editor\src\data\segments\rumba\b8887e7c5c179d2a144e25a7e4bf1969c7966f68__s40000ms.wav,40000,20000,,rumba
b8887e7c5c179d2a144e25a7e4bf1969c7966f68__60000ms,b8887e7c5c179d2a144e25a7e4bf1969c7966f68,RUMBA Winter Wonderland (Rumba  27BPM,D:\projekty\Hudba\music-editor\src\data\segments\rumba\b8887e7c5c179d2a144e25a7e4bf1969c7966f68__s60000ms.wav,60000,20000,,rumba
b8887e7c5c179d2a144e25a7e4bf1969c7966f68__80000ms,b8887e7c5c179d2a144e25a7e4bf1969c7966f68,RUMBA Winter Wonderland (Rumba  27BPM,D:\projekty\Hudba\music-editor\src\data\segments\rumba\b8887e7c5c179d2a144e25a7e4bf1969c7966f68__s80000ms.wav,80000,20000,,rumba
b8887e7c5c179d2a144e25a7e4bf1969c7966f68__100000ms,b8887e7c5c179d2a144e25a7e4bf1969c7966f68,RUMBA Winter Wonderland (Rumba  27BPM,D:\projekty\Hudba\music-editor\src\data\segments\rumba\b8887e7c5c179d2a144e25a7e4bf1969c7966f68__s100000ms.wav,100000,20000,,rumba
b8887e7c5c179d2a144e25a7e4bf1969c7966f68__120000ms,b8887e7c5c179d2a144e25a7e4bf1969c7966f68,RUMBA Winter Wonderland (Rumba  27BPM,D:\projekty\Hudba\music-editor\src\data\segments\rumba\b8887e7c5c179d2a144e25a7e4bf1969c7966f68__s120000ms.wav,120000,20000,,rumba
b8887e7c5c179d2a144e25a7e4bf1969c7966f68__140000ms,b8887e7c5c179d2a144e25a7e4bf1969c7966f68,RUMBA Winter Wonderland (Rumba  27BPM,D:\projekty\Hudba\music-editor\src\data\segments\rumba\b8887e7c5c179d2a144e25a7e4bf1969c7966f68__s140000ms.wav,140000,13443,,rumba
260c8bf576b8a4cd8e7984af7df41bf61ead658a__0ms,260c8bf576b8a4cd8e7984af7df41bf61ead658a,RUMBA WRD Music Ltd   Ballroom & Latin   New Release Very  Latin 6 – ‘Girls Like You’ (orig Maroon 5) (rumba) from WRD Music & Dj Ice   Facebook,D:\projekty\Hudba\music-editor\src\data\segments\rumba\260c8bf576b8a4cd8e7984af7df41bf61ead658a__s0ms.wav,0,20000,,rumba
260c8bf576b8a4cd8e7984af7df41bf61ead658a__20000ms,260c8bf576b8a4cd8e7984af7df41bf61ead658a,RUMBA WRD Music Ltd   Ballroom & Latin   New Release Very  Latin 6 – ‘Girls Like You’ (orig Maroon 5) (rumba) from WRD Music & Dj Ice   Facebook,D:\projekty\Hudba\music-editor\src\data\segments\rumba\260c8bf576b8a4cd8e7984af7df41bf61ead658a__s20000ms.wav,20000,20000,,rumba
260c8bf576b8a4cd8e7984af7df41bf61ead658a__40000ms,260c8bf576b8a4cd8e7984af7df41bf61ead658a,RUMBA WRD Music Ltd   Ballroom & Latin   New Release Very  Latin 6 – ‘Girls Like You’ (orig Maroon 5) (rumba) from WRD Music & Dj Ice   Facebook,D:\projekty\Hudba\music-editor\src\data\segments\rumba\260c8bf576b8a4cd8e7984af7df41bf61ead658a__s40000ms.wav,40000,20000,,rumba
260c8bf576b8a4cd8e7984af7df41bf61ead658a__60000ms,260c8bf576b8a4cd8e7984af7df41bf61ead658a,RUMBA WRD Music Ltd   Ballroom & Latin   New Release Very  Latin 6 – ‘Girls Like You’ (orig Maroon 5) (rumba) from WRD Music & Dj Ice   Facebook,D:\projekty\Hudba\music-editor\src\data\segments\rumba\260c8bf576b8a4cd8e7984af7df41bf61ead658a__s60000ms.wav,60000,20000,,rumba
260c8bf576b8a4cd8e7984af7df41bf61ead658a__80000ms,260c8bf576b8a4cd8e7984af7df41bf61ead658a,RUMBA WRD Music Ltd   Ballroom & Latin   New Release Very  Latin 6 – ‘Girls Like You’ (orig Maroon 5) (rumba) from WRD Music & Dj Ice   Facebook,D:\projekty\Hudba\music-editor\src\data\segments\rumba\260c8bf576b8a4cd8e7984af7df41bf61ead658a__s80000ms.wav,80000,20000,,rumba
e4975dbcaf6b85ae4d9da6890c99bf172e9bd757__0ms,e4975dbcaf6b85ae4d9da6890c99bf172e9bd757,SAMBA    JFla   Shape Of You (DJ Maksy Samba Remix) 51bpm,D:\projekty\Hudba\music-editor\src\data\segments\samba\e4975dbcaf6b85ae4d9da6890c99bf172e9bd757__s0ms.wav,0,20000,,samba
e4975dbcaf6b85ae4d9da6890c99bf172e9bd757__20000ms,e4975dbcaf6b85ae4d9da6890c99bf172e9bd757,SAMBA    JFla   Shape Of You (DJ Maksy Samba Remix) 51bpm,D:\projekty\Hudba\music-editor\src\data\segments\samba\e4975dbcaf6b85ae4d9da6890c99bf172e9bd757__s20000ms.wav,20000,20000,,samba
e4975dbcaf6b85ae4d9da6890c99bf172e9bd757__40000ms,e4975dbcaf6b85ae4d9da6890c99bf172e9bd757,SAMBA    JFla   Shape Of You (DJ Maksy Samba Remix) 51bpm,D:\projekty\Hudba\music-editor\src\data\segments\samba\e4975dbcaf6b85ae4d9da6890c99bf172e9bd757__s40000ms.wav,40000,20000,,samba
e4975dbcaf6b85ae4d9da6890c99bf172e9bd757__60000ms,e4975dbcaf6b85ae4d9da6890c99bf172e9bd757,SAMBA    JFla   Shape Of You (DJ Maksy Samba Remix) 51bpm,D:\projekty\Hudba\music-editor\src\data\segments\samba\e4975dbcaf6b85ae4d9da6890c99bf172e9bd757__s60000ms.wav,60000,20000,,samba
e4975dbcaf6b85ae4d9da6890c99bf172e9bd757__80000ms,e4975dbcaf6b85ae4d9da6890c99bf172e9bd757,SAMBA    JFla   Shape Of You (DJ Maksy Samba Remix) 51bpm,D:\projekty\Hudba\music-editor\src\data\segments\samba\e4975dbcaf6b85ae4d9da6890c99bf172e9bd757__s80000ms.wav,80000,20000,,samba
e4975dbcaf6b85ae4d9da6890c99bf172e9bd757__100000ms,e4975dbcaf6b85ae4d9da6890c99bf172e9bd757,SAMBA    JFla   Shape Of You (DJ Maksy Samba Remix) 51bpm,D:\projekty\Hudba\music-editor\src\data\segments\samba\e4975dbcaf6b85ae4d9da6890c99bf172e9bd757__s100000ms.wav,100000,20000,,samba
e4975dbcaf6b85ae4d9da6890c99bf172e9bd757__120000ms,e4975dbcaf6b85ae4d9da6890c99bf172e9bd757,SAMBA    JFla   Shape Of You (DJ Maksy Samba Remix) 51bpm,D:\projekty\Hudba\music-editor\src\data\segments\samba\e4975dbcaf6b85ae4d9da6890c99bf172e9bd757__s120000ms.wav,120000,20000,,samba
e4975dbcaf6b85ae4d9da6890c99bf172e9bd757__140000ms,e4975dbcaf6b85ae4d9da6890c99bf172e9bd757,SAMBA    JFla   Shape Of You (DJ Maksy Samba Remix) 51bpm,D:\projekty\Hudba\music-editor\src\data\segments\samba\e4975dbcaf6b85ae4d9da6890c99bf172e9bd757__s140000ms.wav,140000,20000,,samba
982c6fa41ee1274151306dc9b1fb7a353d928045__0ms,982c6fa41ee1274151306dc9b1fb7a353d928045,Samba   2 Brazil! (remix),D:\projekty\Hudba\music-editor\src\data\segments\samba\982c6fa41ee1274151306dc9b1fb7a353d928045__s0ms.wav,0,20000,,samba
982c6fa41ee1274151306dc9b1fb7a353d928045__20000ms,982c6fa41ee1274151306dc9b1fb7a353d928045,Samba   2 Brazil! (remix),D:\projekty\Hudba\music-editor\src\data\segments\samba\982c6fa41ee1274151306dc9b1fb7a353d928045__s20000ms.wav,20000,20000,,samba
982c6fa41ee1274151306dc9b1fb7a353d928045__40000ms,982c6fa41ee1274151306dc9b1fb7a353d928045,Samba   2 Brazil! (remix),D:\projekty\Hudba\music-editor\src\data\segments\samba\982c6fa41ee1274151306dc9b1fb7a353d928045__s40000ms.wav,40000,20000,,samba
982c6fa41ee1274151306dc9b1fb7a353d928045__60000ms,982c6fa41ee1274151306dc9b1fb7a353d928045,Samba   2 Brazil! (remix),D:\projekty\Hudba\music-editor\src\data\segments\samba\982c6fa41ee1274151306dc9b1fb7a353d928045__s60000ms.wav,60000,20000,,samba
982c6fa41ee1274151306dc9b1fb7a353d928045__80000ms,982c6fa41ee1274151306dc9b1fb7a353d928045,Samba   2 Brazil! (remix),D:\projekty\Hudba\music-editor\src\data\segments\samba\982c6fa41ee1274151306dc9b1fb7a353d928045__s80000ms.wav,80000,20000,,samba
982c6fa41ee1274151306dc9b1fb7a353d928045__100000ms,982c6fa41ee1274151306dc9b1fb7a353d928045,Samba   2 Brazil! (remix),D:\projekty\Hudba\music-editor\src\data\segments\samba\982c6fa41ee1274151306dc9b1fb7a353d928045__s100000ms.wav,100000,20000,,samba
982c6fa41ee1274151306dc9b1fb7a353d928045__120000ms,982c6fa41ee1274151306dc9b1fb7a353d928045,Samba   2 Brazil! (remix),D:\projekty\Hudba\music-editor\src\data\segments\samba\982c6fa41ee1274151306dc9b1fb7a353d928045__s120000ms.wav,120000,20000,,samba
982c6fa41ee1274151306dc9b1fb7a353d928045__140000ms,982c6fa41ee1274151306dc9b1fb7a353d928045,Samba   2 Brazil! (remix),D:\projekty\Hudba\music-editor\src\data\segments\samba\982c6fa41ee1274151306dc9b1fb7a353d928045__s140000ms.wav,140000,20000,,samba
982c6fa41ee1274151306dc9b1fb7a353d928045__160000ms,982c6fa41ee1274151306dc9b1fb7a353d928045,Samba   2 Brazil! (remix),D:\projekty\Hudba\music-editor\src\data\segments\samba\982c6fa41ee1274151306dc9b1fb7a353d928045__s160000ms.wav,160000,20000,,samba
982c6fa41ee1274151306dc9b1fb7a353d928045__180000ms,982c6fa41ee1274151306dc9b1fb7a353d928045,Samba   2 Brazil! (remix),D:\projekty\Hudba\music-editor\src\data\segments\samba\982c6fa41ee1274151306dc9b1fb7a353d928045__s180000ms.wav,180000,20000,,samba
982c6fa41ee1274151306dc9b1fb7a353d928045__200000ms,982c6fa41ee1274151306dc9b1fb7a353d928045,Samba   2 Brazil! (remix),D:\projekty\Hudba\music-editor\src\data\segments\samba\982c6fa41ee1274151306dc9b1fb7a353d928045__s200000ms.wav,200000,20000,,samba
8884334f5273a9c4cab6f8534696762795bf4e6c__0ms,8884334f5273a9c4cab6f8534696762795bf4e6c,SAMBA   Alvaro Soler   Animal,D:\projekty\Hudba\music-editor\src\data\segments\samba\8884334f5273a9c4cab6f8534696762795bf4e6c__s0ms.wav,0,20000,,samba
8884334f5273a9c4cab6f8534696762795bf4e6c__20000ms,8884334f5273a9c4cab6f8534696762795bf4e6c,SAMBA   Alvaro Soler   Animal,D:\projekty\Hudba\music-editor\src\data\segments\samba\8884334f5273a9c4cab6f8534696762795bf4e6c__s20000ms.wav,20000,20000,,samba
8884334f5273a9c4cab6f8534696762795bf4e6c__40000ms,8884334f5273a9c4cab6f8534696762795bf4e6c,SAMBA   Alvaro Soler   Animal,D:\projekty\Hudba\music-editor\src\data\segments\samba\8884334f5273a9c4cab6f8534696762795bf4e6c__s40000ms.wav,40000,20000,,samba
8884334f5273a9c4cab6f8534696762795bf4e6c__60000ms,8884334f5273a9c4cab6f8534696762795bf4e6c,SAMBA   Alvaro Soler   Animal,D:\projekty\Hudba\music-editor\src\data\segments\samba\8884334f5273a9c4cab6f8534696762795bf4e6c__s60000ms.wav,60000,20000,,samba
8884334f5273a9c4cab6f8534696762795bf4e6c__80000ms,8884334f5273a9c4cab6f8534696762795bf4e6c,SAMBA   Alvaro Soler   Animal,D:\projekty\Hudba\music-editor\src\data\segments\samba\8884334f5273a9c4cab6f8534696762795bf4e6c__s80000ms.wav,80000,20000,,samba
8884334f5273a9c4cab6f8534696762795bf4e6c__100000ms,8884334f5273a9c4cab6f8534696762795bf4e6c,SAMBA   Alvaro Soler   Animal,D:\projekty\Hudba\music-editor\src\data\segments\samba\8884334f5273a9c4cab6f8534696762795bf4e6c__s100000ms.wav,100000,20000,,samba
8884334f5273a9c4cab6f8534696762795bf4e6c__120000ms,8884334f5273a9c4cab6f8534696762795bf4e6c,SAMBA   Alvaro Soler   Animal,D:\projekty\Hudba\music-editor\src\data\segments\samba\8884334f5273a9c4cab6f8534696762795bf4e6c__s120000ms.wav,120000,20000,,samba
8884334f5273a9c4cab6f8534696762795bf4e6c__140000ms,8884334f5273a9c4cab6f8534696762795bf4e6c,SAMBA   Alvaro Soler   Animal,D:\projekty\Hudba\music-editor\src\data\segments\samba\8884334f5273a9c4cab6f8534696762795bf4e6c__s140000ms.wav,140000,20000,,samba
8884334f5273a9c4cab6f8534696762795bf4e6c__160000ms,8884334f5273a9c4cab6f8534696762795bf4e6c,SAMBA   Alvaro Soler   Animal,D:\projekty\Hudba\music-editor\src\data\segments\samba\8884334f5273a9c4cab6f8534696762795bf4e6c__s160000ms.wav,160000,20000,,samba
8884334f5273a9c4cab6f8534696762795bf4e6c__180000ms,8884334f5273a9c4cab6f8534696762795bf4e6c,SAMBA   Alvaro Soler   Animal,D:\projekty\Hudba\music-editor\src\data\segments\samba\8884334f5273a9c4cab6f8534696762795bf4e6c__s180000ms.wav,180000,20000,,samba
8884334f5273a9c4cab6f8534696762795bf4e6c__200000ms,8884334f5273a9c4cab6f8534696762795bf4e6c,SAMBA   Alvaro Soler   Animal,D:\projekty\Hudba\music-editor\src\data\segments\samba\8884334f5273a9c4cab6f8534696762795bf4e6c__s200000ms.wav,200000,20000,,samba
8884334f5273a9c4cab6f8534696762795bf4e6c__220000ms,8884334f5273a9c4cab6f8534696762795bf4e6c,SAMBA   Alvaro Soler   Animal,D:\projekty\Hudba\music-editor\src\data\segments\samba\8884334f5273a9c4cab6f8534696762795bf4e6c__s220000ms.wav,220000,17349,,samba
d165c7c103f23df6bd319251056f476aa692097d__0ms,d165c7c103f23df6bd319251056f476aa692097d,"Samba   Calm Down   Rema, Selena Gomez (Ballroom Bar Remix",D:\projekty\Hudba\music-editor\src\data\segments\samba\d165c7c103f23df6bd319251056f476aa692097d__s0ms.wav,0,20000,,samba
d165c7c103f23df6bd319251056f476aa692097d__20000ms,d165c7c103f23df6bd319251056f476aa692097d,"Samba   Calm Down   Rema, Selena Gomez (Ballroom Bar Remix",D:\projekty\Hudba\music-editor\src\data\segments\samba\d165c7c103f23df6bd319251056f476aa692097d__s20000ms.wav,20000,20000,,samba
d165c7c103f23df6bd319251056f476aa692097d__40000ms,d165c7c103f23df6bd319251056f476aa692097d,"Samba   Calm Down   Rema, Selena Gomez (Ballroom Bar Remix",D:\projekty\Hudba\music-editor\src\data\segments\samba\d165c7c103f23df6bd319251056f476aa692097d__s40000ms.wav,40000,20000,,samba
d165c7c103f23df6bd319251056f476aa692097d__60000ms,d165c7c103f23df6bd319251056f476aa692097d,"Samba   Calm Down   Rema, Selena Gomez (Ballroom Bar Remix",D:\projekty\Hudba\music-editor\src\data\segments\samba\d165c7c103f23df6bd319251056f476aa692097d__s60000ms.wav,60000,20000,,samba
d165c7c103f23df6bd319251056f476aa692097d__80000ms,d165c7c103f23df6bd319251056f476aa692097d,"Samba   Calm Down   Rema, Selena Gomez (Ballroom Bar Remix",D:\projekty\Hudba\music-editor\src\data\segments\samba\d165c7c103f23df6bd319251056f476aa692097d__s80000ms.wav,80000,20000,,samba
d165c7c103f23df6bd319251056f476aa692097d__100000ms,d165c7c103f23df6bd319251056f476aa692097d,"Samba   Calm Down   Rema, Selena Gomez (Ballroom Bar Remix",D:\projekty\Hudba\music-editor\src\data\segments\samba\d165c7c103f23df6bd319251056f476aa692097d__s100000ms.wav,100000,20000,,samba
d165c7c103f23df6bd319251056f476aa692097d__120000ms,d165c7c103f23df6bd319251056f476aa692097d,"Samba   Calm Down   Rema, Selena Gomez (Ballroom Bar Remix",D:\projekty\Hudba\music-editor\src\data\segments\samba\d165c7c103f23df6bd319251056f476aa692097d__s120000ms.wav,120000,20000,,samba
d165c7c103f23df6bd319251056f476aa692097d__140000ms,d165c7c103f23df6bd319251056f476aa692097d,"Samba   Calm Down   Rema, Selena Gomez (Ballroom Bar Remix",D:\projekty\Hudba\music-editor\src\data\segments\samba\d165c7c103f23df6bd319251056f476aa692097d__s140000ms.wav,140000,20000,,samba
d165c7c103f23df6bd319251056f476aa692097d__160000ms,d165c7c103f23df6bd319251056f476aa692097d,"Samba   Calm Down   Rema, Selena Gomez (Ballroom Bar Remix",D:\projekty\Hudba\music-editor\src\data\segments\samba\d165c7c103f23df6bd319251056f476aa692097d__s160000ms.wav,160000,20000,,samba
d165c7c103f23df6bd319251056f476aa692097d__180000ms,d165c7c103f23df6bd319251056f476aa692097d,"Samba   Calm Down   Rema, Selena Gomez (Ballroom Bar Remix",D:\projekty\Hudba\music-editor\src\data\segments\samba\d165c7c103f23df6bd319251056f476aa692097d__s180000ms.wav,180000,20000,,samba
d165c7c103f23df6bd319251056f476aa692097d__200000ms,d165c7c103f23df6bd319251056f476aa692097d,"Samba   Calm Down   Rema, Selena Gomez (Ballroom Bar Remix",D:\projekty\Hudba\music-editor\src\data\segments\samba\d165c7c103f23df6bd319251056f476aa692097d__s200000ms.wav,200000,20000,,samba
d165c7c103f23df6bd319251056f476aa692097d__220000ms,d165c7c103f23df6bd319251056f476aa692097d,"Samba   Calm Down   Rema, Selena Gomez (Ballroom Bar Remix",D:\projekty\Hudba\music-editor\src\data\segments\samba\d165c7c103f23df6bd319251056f476aa692097d__s220000ms.wav,220000,18393,,samba
f37d77c3e9e189d038e3d5addb3f1de90e280ec5__0ms,f37d77c3e9e189d038e3d5addb3f1de90e280ec5,SAMBA   CDM u0026 DJ ICE   Limbo (Daddy Yankee Cover,D:\projekty\Hudba\music-editor\src\data\segments\samba\f37d77c3e9e189d038e3d5addb3f1de90e280ec5__s0ms.wav,0,20000,,samba
f37d77c3e9e189d038e3d5addb3f1de90e280ec5__20000ms,f37d77c3e9e189d038e3d5addb3f1de90e280ec5,SAMBA   CDM u0026 DJ ICE   Limbo (Daddy Yankee Cover,D:\projekty\Hudba\music-editor\src\data\segments\samba\f37d77c3e9e189d038e3d5addb3f1de90e280ec5__s20000ms.wav,20000,20000,,samba
f37d77c3e9e189d038e3d5addb3f1de90e280ec5__40000ms,f37d77c3e9e189d038e3d5addb3f1de90e280ec5,SAMBA   CDM u0026 DJ ICE   Limbo (Daddy Yankee Cover,D:\projekty\Hudba\music-editor\src\data\segments\samba\f37d77c3e9e189d038e3d5addb3f1de90e280ec5__s40000ms.wav,40000,20000,,samba
f37d77c3e9e189d038e3d5addb3f1de90e280ec5__60000ms,f37d77c3e9e189d038e3d5addb3f1de90e280ec5,SAMBA   CDM u0026 DJ ICE   Limbo (Daddy Yankee Cover,D:\projekty\Hudba\music-editor\src\data\segments\samba\f37d77c3e9e189d038e3d5addb3f1de90e280ec5__s60000ms.wav,60000,20000,,samba
f6ca76e127b9688501c0d3fe5f0b7541eb3349a4__0ms,f6ca76e127b9688501c0d3fe5f0b7541eb3349a4,SAMBA   Dj Ice   Instruction (Jax Jones Cover,D:\projekty\Hudba\music-editor\src\data\segments\samba\f6ca76e127b9688501c0d3fe5f0b7541eb3349a4__s0ms.wav,0,20000,,samba
f6ca76e127b9688501c0d3fe5f0b7541eb3349a4__20000ms,f6ca76e127b9688501c0d3fe5f0b7541eb3349a4,SAMBA   Dj Ice   Instruction (Jax Jones Cover,D:\projekty\Hudba\music-editor\src\data\segments\samba\f6ca76e127b9688501c0d3fe5f0b7541eb3349a4__s20000ms.wav,20000,20000,,samba
f6ca76e127b9688501c0d3fe5f0b7541eb3349a4__40000ms,f6ca76e127b9688501c0d3fe5f0b7541eb3349a4,SAMBA   Dj Ice   Instruction (Jax Jones Cover,D:\projekty\Hudba\music-editor\src\data\segments\samba\f6ca76e127b9688501c0d3fe5f0b7541eb3349a4__s40000ms.wav,40000,20000,,samba
f6ca76e127b9688501c0d3fe5f0b7541eb3349a4__60000ms,f6ca76e127b9688501c0d3fe5f0b7541eb3349a4,SAMBA   Dj Ice   Instruction (Jax Jones Cover,D:\projekty\Hudba\music-editor\src\data\segments\samba\f6ca76e127b9688501c0d3fe5f0b7541eb3349a4__s60000ms.wav,60000,20000,,samba
f6ca76e127b9688501c0d3fe5f0b7541eb3349a4__80000ms,f6ca76e127b9688501c0d3fe5f0b7541eb3349a4,SAMBA   Dj Ice   Instruction (Jax Jones Cover,D:\projekty\Hudba\music-editor\src\data\segments\samba\f6ca76e127b9688501c0d3fe5f0b7541eb3349a4__s80000ms.wav,80000,20000,,samba
5ef91c56175aac619b72cff25adca366048ad1bb__0ms,5ef91c56175aac619b72cff25adca366048ad1bb,Samba   El Bimbo   Rudi Boh,D:\projekty\Hudba\music-editor\src\data\segments\samba\5ef91c56175aac619b72cff25adca366048ad1bb__s0ms.wav,0,20000,,samba
5ef91c56175aac619b72cff25adca366048ad1bb__20000ms,5ef91c56175aac619b72cff25adca366048ad1bb,Samba   El Bimbo   Rudi Boh,D:\projekty\Hudba\music-editor\src\data\segments\samba\5ef91c56175aac619b72cff25adca366048ad1bb__s20000ms.wav,20000,20000,,samba
5ef91c56175aac619b72cff25adca366048ad1bb__40000ms,5ef91c56175aac619b72cff25adca366048ad1bb,Samba   El Bimbo   Rudi Boh,D:\projekty\Hudba\music-editor\src\data\segments\samba\5ef91c56175aac619b72cff25adca366048ad1bb__s40000ms.wav,40000,20000,,samba
5ef91c56175aac619b72cff25adca366048ad1bb__60000ms,5ef91c56175aac619b72cff25adca366048ad1bb,Samba   El Bimbo   Rudi Boh,D:\projekty\Hudba\music-editor\src\data\segments\samba\5ef91c56175aac619b72cff25adca366048ad1bb__s60000ms.wav,60000,20000,,samba
5ef91c56175aac619b72cff25adca366048ad1bb__80000ms,5ef91c56175aac619b72cff25adca366048ad1bb,Samba   El Bimbo   Rudi Boh,D:\projekty\Hudba\music-editor\src\data\segments\samba\5ef91c56175aac619b72cff25adca366048ad1bb__s80000ms.wav,80000,20000,,samba
5ef91c56175aac619b72cff25adca366048ad1bb__100000ms,5ef91c56175aac619b72cff25adca366048ad1bb,Samba   El Bimbo   Rudi Boh,D:\projekty\Hudba\music-editor\src\data\segments\samba\5ef91c56175aac619b72cff25adca366048ad1bb__s100000ms.wav,100000,20000,,samba
5ef91c56175aac619b72cff25adca366048ad1bb__120000ms,5ef91c56175aac619b72cff25adca366048ad1bb,Samba   El Bimbo   Rudi Boh,D:\projekty\Hudba\music-editor\src\data\segments\samba\5ef91c56175aac619b72cff25adca366048ad1bb__s120000ms.wav,120000,20000,,samba
5ef91c56175aac619b72cff25adca366048ad1bb__140000ms,5ef91c56175aac619b72cff25adca366048ad1bb,Samba   El Bimbo   Rudi Boh,D:\projekty\Hudba\music-editor\src\data\segments\samba\5ef91c56175aac619b72cff25adca366048ad1bb__s140000ms.wav,140000,20000,,samba
5ef91c56175aac619b72cff25adca366048ad1bb__160000ms,5ef91c56175aac619b72cff25adca366048ad1bb,Samba   El Bimbo   Rudi Boh,D:\projekty\Hudba\music-editor\src\data\segments\samba\5ef91c56175aac619b72cff25adca366048ad1bb__s160000ms.wav,160000,8647,,samba
0d1e05da69ada9639e0bbec6931e98e825c4c7ac__0ms,0d1e05da69ada9639e0bbec6931e98e825c4c7ac,Samba   Gasolina   Boricua Boy,D:\projekty\Hudba\music-editor\src\data\segments\samba\0d1e05da69ada9639e0bbec6931e98e825c4c7ac__s0ms.wav,0,20000,,samba
0d1e05da69ada9639e0bbec6931e98e825c4c7ac__20000ms,0d1e05da69ada9639e0bbec6931e98e825c4c7ac,Samba   Gasolina   Boricua Boy,D:\projekty\Hudba\music-editor\src\data\segments\samba\0d1e05da69ada9639e0bbec6931e98e825c4c7ac__s20000ms.wav,20000,20000,,samba
0d1e05da69ada9639e0bbec6931e98e825c4c7ac__40000ms,0d1e05da69ada9639e0bbec6931e98e825c4c7ac,Samba   Gasolina   Boricua Boy,D:\projekty\Hudba\music-editor\src\data\segments\samba\0d1e05da69ada9639e0bbec6931e98e825c4c7ac__s40000ms.wav,40000,20000,,samba
0d1e05da69ada9639e0bbec6931e98e825c4c7ac__60000ms,0d1e05da69ada9639e0bbec6931e98e825c4c7ac,Samba   Gasolina   Boricua Boy,D:\projekty\Hudba\music-editor\src\data\segments\samba\0d1e05da69ada9639e0bbec6931e98e825c4c7ac__s60000ms.wav,60000,20000,,samba
0d1e05da69ada9639e0bbec6931e98e825c4c7ac__80000ms,0d1e05da69ada9639e0bbec6931e98e825c4c7ac,Samba   Gasolina   Boricua Boy,D:\projekty\Hudba\music-editor\src\data\segments\samba\0d1e05da69ada9639e0bbec6931e98e825c4c7ac__s80000ms.wav,80000,11533,,samba
0d64be4bb358e1eccbf50415b941ea5671ea33b2__0ms,0d64be4bb358e1eccbf50415b941ea5671ea33b2,Samba   Habibi   Kendji Girac (Ballroom Bar Remix,D:\projekty\Hudba\music-editor\src\data\segments\samba\0d64be4bb358e1eccbf50415b941ea5671ea33b2__s0ms.wav,0,20000,,samba
0d64be4bb358e1eccbf50415b941ea5671ea33b2__20000ms,0d64be4bb358e1eccbf50415b941ea5671ea33b2,Samba   Habibi   Kendji Girac (Ballroom Bar Remix,D:\projekty\Hudba\music-editor\src\data\segments\samba\0d64be4bb358e1eccbf50415b941ea5671ea33b2__s20000ms.wav,20000,20000,,samba
0d64be4bb358e1eccbf50415b941ea5671ea33b2__40000ms,0d64be4bb358e1eccbf50415b941ea5671ea33b2,Samba   Habibi   Kendji Girac (Ballroom Bar Remix,D:\projekty\Hudba\music-editor\src\data\segments\samba\0d64be4bb358e1eccbf50415b941ea5671ea33b2__s40000ms.wav,40000,20000,,samba
0d64be4bb358e1eccbf50415b941ea5671ea33b2__60000ms,0d64be4bb358e1eccbf50415b941ea5671ea33b2,Samba   Habibi   Kendji Girac (Ballroom Bar Remix,D:\projekty\Hudba\music-editor\src\data\segments\samba\0d64be4bb358e1eccbf50415b941ea5671ea33b2__s60000ms.wav,60000,20000,,samba
0d64be4bb358e1eccbf50415b941ea5671ea33b2__80000ms,0d64be4bb358e1eccbf50415b941ea5671ea33b2,Samba   Habibi   Kendji Girac (Ballroom Bar Remix,D:\projekty\Hudba\music-editor\src\data\segments\samba\0d64be4bb358e1eccbf50415b941ea5671ea33b2__s80000ms.wav,80000,20000,,samba
0d64be4bb358e1eccbf50415b941ea5671ea33b2__100000ms,0d64be4bb358e1eccbf50415b941ea5671ea33b2,Samba   Habibi   Kendji Girac (Ballroom Bar Remix,D:\projekty\Hudba\music-editor\src\data\segments\samba\0d64be4bb358e1eccbf50415b941ea5671ea33b2__s100000ms.wav,100000,20000,,samba
0d64be4bb358e1eccbf50415b941ea5671ea33b2__120000ms,0d64be4bb358e1eccbf50415b941ea5671ea33b2,Samba   Habibi   Kendji Girac (Ballroom Bar Remix,D:\projekty\Hudba\music-editor\src\data\segments\samba\0d64be4bb358e1eccbf50415b941ea5671ea33b2__s120000ms.wav,120000,20000,,samba
0d64be4bb358e1eccbf50415b941ea5671ea33b2__140000ms,0d64be4bb358e1eccbf50415b941ea5671ea33b2,Samba   Habibi   Kendji Girac (Ballroom Bar Remix,D:\projekty\Hudba\music-editor\src\data\segments\samba\0d64be4bb358e1eccbf50415b941ea5671ea33b2__s140000ms.wav,140000,20000,,samba
0d64be4bb358e1eccbf50415b941ea5671ea33b2__160000ms,0d64be4bb358e1eccbf50415b941ea5671ea33b2,Samba   Habibi   Kendji Girac (Ballroom Bar Remix,D:\projekty\Hudba\music-editor\src\data\segments\samba\0d64be4bb358e1eccbf50415b941ea5671ea33b2__s160000ms.wav,160000,17162,,samba
1f149f4315a74d86fa200ef38d46bc0035f01d40__0ms,1f149f4315a74d86fa200ef38d46bc0035f01d40,Samba   Kill Bill   SZA (AllKeys Remix,D:\projekty\Hudba\music-editor\src\data\segments\samba\1f149f4315a74d86fa200ef38d46bc0035f01d40__s0ms.wav,0,20000,,samba
1f149f4315a74d86fa200ef38d46bc0035f01d40__20000ms,1f149f4315a74d86fa200ef38d46bc0035f01d40,Samba   Kill Bill   SZA (AllKeys Remix,D:\projekty\Hudba\music-editor\src\data\segments\samba\1f149f4315a74d86fa200ef38d46bc0035f01d40__s20000ms.wav,20000,20000,,samba
1f149f4315a74d86fa200ef38d46bc0035f01d40__40000ms,1f149f4315a74d86fa200ef38d46bc0035f01d40,Samba   Kill Bill   SZA (AllKeys Remix,D:\projekty\Hudba\music-editor\src\data\segments\samba\1f149f4315a74d86fa200ef38d46bc0035f01d40__s40000ms.wav,40000,20000,,samba
1f149f4315a74d86fa200ef38d46bc0035f01d40__60000ms,1f149f4315a74d86fa200ef38d46bc0035f01d40,Samba   Kill Bill   SZA (AllKeys Remix,D:\projekty\Hudba\music-editor\src\data\segments\samba\1f149f4315a74d86fa200ef38d46bc0035f01d40__s60000ms.wav,60000,20000,,samba
1f149f4315a74d86fa200ef38d46bc0035f01d40__80000ms,1f149f4315a74d86fa200ef38d46bc0035f01d40,Samba   Kill Bill   SZA (AllKeys Remix,D:\projekty\Hudba\music-editor\src\data\segments\samba\1f149f4315a74d86fa200ef38d46bc0035f01d40__s80000ms.wav,80000,20000,,samba
1f149f4315a74d86fa200ef38d46bc0035f01d40__100000ms,1f149f4315a74d86fa200ef38d46bc0035f01d40,Samba   Kill Bill   SZA (AllKeys Remix,D:\projekty\Hudba\music-editor\src\data\segments\samba\1f149f4315a74d86fa200ef38d46bc0035f01d40__s100000ms.wav,100000,20000,,samba
1f149f4315a74d86fa200ef38d46bc0035f01d40__120000ms,1f149f4315a74d86fa200ef38d46bc0035f01d40,Samba   Kill Bill   SZA (AllKeys Remix,D:\projekty\Hudba\music-editor\src\data\segments\samba\1f149f4315a74d86fa200ef38d46bc0035f01d40__s120000ms.wav,120000,10534,,samba
b5c8bb57c38e624d103a75fce46a59655cb6ab7d__0ms,b5c8bb57c38e624d103a75fce46a59655cb6ab7d,SAMBA   Olivato Dancesport Orchestra Rio Branco,D:\projekty\Hudba\music-editor\src\data\segments\samba\b5c8bb57c38e624d103a75fce46a59655cb6ab7d__s0ms.wav,0,20000,,samba
b5c8bb57c38e624d103a75fce46a59655cb6ab7d__20000ms,b5c8bb57c38e624d103a75fce46a59655cb6ab7d,SAMBA   Olivato Dancesport Orchestra Rio Branco,D:\projekty\Hudba\music-editor\src\data\segments\samba\b5c8bb57c38e624d103a75fce46a59655cb6ab7d__s20000ms.wav,20000,20000,,samba
b5c8bb57c38e624d103a75fce46a59655cb6ab7d__40000ms,b5c8bb57c38e624d103a75fce46a59655cb6ab7d,SAMBA   Olivato Dancesport Orchestra Rio Branco,D:\projekty\Hudba\music-editor\src\data\segments\samba\b5c8bb57c38e624d103a75fce46a59655cb6ab7d__s40000ms.wav,40000,20000,,samba
b5c8bb57c38e624d103a75fce46a59655cb6ab7d__60000ms,b5c8bb57c38e624d103a75fce46a59655cb6ab7d,SAMBA   Olivato Dancesport Orchestra Rio Branco,D:\projekty\Hudba\music-editor\src\data\segments\samba\b5c8bb57c38e624d103a75fce46a59655cb6ab7d__s60000ms.wav,60000,20000,,samba
b5c8bb57c38e624d103a75fce46a59655cb6ab7d__80000ms,b5c8bb57c38e624d103a75fce46a59655cb6ab7d,SAMBA   Olivato Dancesport Orchestra Rio Branco,D:\projekty\Hudba\music-editor\src\data\segments\samba\b5c8bb57c38e624d103a75fce46a59655cb6ab7d__s80000ms.wav,80000,20000,,samba
b5c8bb57c38e624d103a75fce46a59655cb6ab7d__100000ms,b5c8bb57c38e624d103a75fce46a59655cb6ab7d,SAMBA   Olivato Dancesport Orchestra Rio Branco,D:\projekty\Hudba\music-editor\src\data\segments\samba\b5c8bb57c38e624d103a75fce46a59655cb6ab7d__s100000ms.wav,100000,20000,,samba
072e187e396c7af7dbf1372be7fb0166b4e4a8af__0ms,072e187e396c7af7dbf1372be7fb0166b4e4a8af,Samba   Revolution   (Samba _ 50 Bpm),D:\projekty\Hudba\music-editor\src\data\segments\samba\072e187e396c7af7dbf1372be7fb0166b4e4a8af__s0ms.wav,0,20000,,samba
072e187e396c7af7dbf1372be7fb0166b4e4a8af__20000ms,072e187e396c7af7dbf1372be7fb0166b4e4a8af,Samba   Revolution   (Samba _ 50 Bpm),D:\projekty\Hudba\music-editor\src\data\segments\samba\072e187e396c7af7dbf1372be7fb0166b4e4a8af__s20000ms.wav,20000,20000,,samba
072e187e396c7af7dbf1372be7fb0166b4e4a8af__40000ms,072e187e396c7af7dbf1372be7fb0166b4e4a8af,Samba   Revolution   (Samba _ 50 Bpm),D:\projekty\Hudba\music-editor\src\data\segments\samba\072e187e396c7af7dbf1372be7fb0166b4e4a8af__s40000ms.wav,40000,20000,,samba
072e187e396c7af7dbf1372be7fb0166b4e4a8af__60000ms,072e187e396c7af7dbf1372be7fb0166b4e4a8af,Samba   Revolution   (Samba _ 50 Bpm),D:\projekty\Hudba\music-editor\src\data\segments\samba\072e187e396c7af7dbf1372be7fb0166b4e4a8af__s60000ms.wav,60000,20000,,samba
072e187e396c7af7dbf1372be7fb0166b4e4a8af__80000ms,072e187e396c7af7dbf1372be7fb0166b4e4a8af,Samba   Revolution   (Samba _ 50 Bpm),D:\projekty\Hudba\music-editor\src\data\segments\samba\072e187e396c7af7dbf1372be7fb0166b4e4a8af__s80000ms.wav,80000,20000,,samba
072e187e396c7af7dbf1372be7fb0166b4e4a8af__100000ms,072e187e396c7af7dbf1372be7fb0166b4e4a8af,Samba   Revolution   (Samba _ 50 Bpm),D:\projekty\Hudba\music-editor\src\data\segments\samba\072e187e396c7af7dbf1372be7fb0166b4e4a8af__s100000ms.wav,100000,20000,,samba
072e187e396c7af7dbf1372be7fb0166b4e4a8af__120000ms,072e187e396c7af7dbf1372be7fb0166b4e4a8af,Samba   Revolution   (Samba _ 50 Bpm),D:\projekty\Hudba\music-editor\src\data\segments\samba\072e187e396c7af7dbf1372be7fb0166b4e4a8af__s120000ms.wav,120000,20000,,samba
072e187e396c7af7dbf1372be7fb0166b4e4a8af__140000ms,072e187e396c7af7dbf1372be7fb0166b4e4a8af,Samba   Revolution   (Samba _ 50 Bpm),D:\projekty\Hudba\music-editor\src\data\segments\samba\072e187e396c7af7dbf1372be7fb0166b4e4a8af__s140000ms.wav,140000,20000,,samba
072e187e396c7af7dbf1372be7fb0166b4e4a8af__160000ms,072e187e396c7af7dbf1372be7fb0166b4e4a8af,Samba   Revolution   (Samba _ 50 Bpm),D:\projekty\Hudba\music-editor\src\data\segments\samba\072e187e396c7af7dbf1372be7fb0166b4e4a8af__s160000ms.wav,160000,20000,,samba
072e187e396c7af7dbf1372be7fb0166b4e4a8af__180000ms,072e187e396c7af7dbf1372be7fb0166b4e4a8af,Samba   Revolution   (Samba _ 50 Bpm),D:\projekty\Hudba\music-editor\src\data\segments\samba\072e187e396c7af7dbf1372be7fb0166b4e4a8af__s180000ms.wav,180000,14952,,samba
1ffb2681ff2474356b052c82212ac666bf634f26__0ms,1ffb2681ff2474356b052c82212ac666bf634f26,SAMBA   Rockabye Baby   Clean Bandit feat Sean Paul  Anne Marie (Samba 51 BPM),D:\projekty\Hudba\music-editor\src\data\segments\samba\1ffb2681ff2474356b052c82212ac666bf634f26__s0ms.wav,0,20000,,samba
1ffb2681ff2474356b052c82212ac666bf634f26__20000ms,1ffb2681ff2474356b052c82212ac666bf634f26,SAMBA   Rockabye Baby   Clean Bandit feat Sean Paul  Anne Marie (Samba 51 BPM),D:\projekty\Hudba\music-editor\src\data\segments\samba\1ffb2681ff2474356b052c82212ac666bf634f26__s20000ms.wav,20000,20000,,samba
1ffb2681ff2474356b052c82212ac666bf634f26__40000ms,1ffb2681ff2474356b052c82212ac666bf634f26,SAMBA   Rockabye Baby   Clean Bandit feat Sean Paul  Anne Marie (Samba 51 BPM),D:\projekty\Hudba\music-editor\src\data\segments\samba\1ffb2681ff2474356b052c82212ac666bf634f26__s40000ms.wav,40000,20000,,samba
1ffb2681ff2474356b052c82212ac666bf634f26__60000ms,1ffb2681ff2474356b052c82212ac666bf634f26,SAMBA   Rockabye Baby   Clean Bandit feat Sean Paul  Anne Marie (Samba 51 BPM),D:\projekty\Hudba\music-editor\src\data\segments\samba\1ffb2681ff2474356b052c82212ac666bf634f26__s60000ms.wav,60000,20000,,samba
1ffb2681ff2474356b052c82212ac666bf634f26__80000ms,1ffb2681ff2474356b052c82212ac666bf634f26,SAMBA   Rockabye Baby   Clean Bandit feat Sean Paul  Anne Marie (Samba 51 BPM),D:\projekty\Hudba\music-editor\src\data\segments\samba\1ffb2681ff2474356b052c82212ac666bf634f26__s80000ms.wav,80000,20000,,samba
1ffb2681ff2474356b052c82212ac666bf634f26__100000ms,1ffb2681ff2474356b052c82212ac666bf634f26,SAMBA   Rockabye Baby   Clean Bandit feat Sean Paul  Anne Marie (Samba 51 BPM),D:\projekty\Hudba\music-editor\src\data\segments\samba\1ffb2681ff2474356b052c82212ac666bf634f26__s100000ms.wav,100000,20000,,samba
1ffb2681ff2474356b052c82212ac666bf634f26__120000ms,1ffb2681ff2474356b052c82212ac666bf634f26,SAMBA   Rockabye Baby   Clean Bandit feat Sean Paul  Anne Marie (Samba 51 BPM),D:\projekty\Hudba\music-editor\src\data\segments\samba\1ffb2681ff2474356b052c82212ac666bf634f26__s120000ms.wav,120000,20000,,samba
1ffb2681ff2474356b052c82212ac666bf634f26__140000ms,1ffb2681ff2474356b052c82212ac666bf634f26,SAMBA   Rockabye Baby   Clean Bandit feat Sean Paul  Anne Marie (Samba 51 BPM),D:\projekty\Hudba\music-editor\src\data\segments\samba\1ffb2681ff2474356b052c82212ac666bf634f26__s140000ms.wav,140000,20000,,samba
1ffb2681ff2474356b052c82212ac666bf634f26__160000ms,1ffb2681ff2474356b052c82212ac666bf634f26,SAMBA   Rockabye Baby   Clean Bandit feat Sean Paul  Anne Marie (Samba 51 BPM),D:\projekty\Hudba\music-editor\src\data\segments\samba\1ffb2681ff2474356b052c82212ac666bf634f26__s160000ms.wav,160000,20000,,samba
1ffb2681ff2474356b052c82212ac666bf634f26__180000ms,1ffb2681ff2474356b052c82212ac666bf634f26,SAMBA   Rockabye Baby   Clean Bandit feat Sean Paul  Anne Marie (Samba 51 BPM),D:\projekty\Hudba\music-editor\src\data\segments\samba\1ffb2681ff2474356b052c82212ac666bf634f26__s180000ms.wav,180000,20000,,samba
1ffb2681ff2474356b052c82212ac666bf634f26__200000ms,1ffb2681ff2474356b052c82212ac666bf634f26,SAMBA   Rockabye Baby   Clean Bandit feat Sean Paul  Anne Marie (Samba 51 BPM),D:\projekty\Hudba\music-editor\src\data\segments\samba\1ffb2681ff2474356b052c82212ac666bf634f26__s200000ms.wav,200000,20000,,samba
da9d1fed1e286b7e71f702d2b4608b32e0ebe146__0ms,da9d1fed1e286b7e71f702d2b4608b32e0ebe146,Samba   Silent Nigh,D:\projekty\Hudba\music-editor\src\data\segments\samba\da9d1fed1e286b7e71f702d2b4608b32e0ebe146__s0ms.wav,0,20000,,samba
da9d1fed1e286b7e71f702d2b4608b32e0ebe146__20000ms,da9d1fed1e286b7e71f702d2b4608b32e0ebe146,Samba   Silent Nigh,D:\projekty\Hudba\music-editor\src\data\segments\samba\da9d1fed1e286b7e71f702d2b4608b32e0ebe146__s20000ms.wav,20000,20000,,samba
da9d1fed1e286b7e71f702d2b4608b32e0ebe146__40000ms,da9d1fed1e286b7e71f702d2b4608b32e0ebe146,Samba   Silent Nigh,D:\projekty\Hudba\music-editor\src\data\segments\samba\da9d1fed1e286b7e71f702d2b4608b32e0ebe146__s40000ms.wav,40000,20000,,samba
da9d1fed1e286b7e71f702d2b4608b32e0ebe146__60000ms,da9d1fed1e286b7e71f702d2b4608b32e0ebe146,Samba   Silent Nigh,D:\projekty\Hudba\music-editor\src\data\segments\samba\da9d1fed1e286b7e71f702d2b4608b32e0ebe146__s60000ms.wav,60000,20000,,samba
da9d1fed1e286b7e71f702d2b4608b32e0ebe146__80000ms,da9d1fed1e286b7e71f702d2b4608b32e0ebe146,Samba   Silent Nigh,D:\projekty\Hudba\music-editor\src\data\segments\samba\da9d1fed1e286b7e71f702d2b4608b32e0ebe146__s80000ms.wav,80000,20000,,samba
da9d1fed1e286b7e71f702d2b4608b32e0ebe146__100000ms,da9d1fed1e286b7e71f702d2b4608b32e0ebe146,Samba   Silent Nigh,D:\projekty\Hudba\music-editor\src\data\segments\samba\da9d1fed1e286b7e71f702d2b4608b32e0ebe146__s100000ms.wav,100000,20000,,samba
da9d1fed1e286b7e71f702d2b4608b32e0ebe146__120000ms,da9d1fed1e286b7e71f702d2b4608b32e0ebe146,Samba   Silent Nigh,D:\projekty\Hudba\music-editor\src\data\segments\samba\da9d1fed1e286b7e71f702d2b4608b32e0ebe146__s120000ms.wav,120000,20000,,samba
3e5a9caec932981fb34e91c4cce99c1df65fd0af__0ms,3e5a9caec932981fb34e91c4cce99c1df65fd0af,Samba   Spice up Your Life,D:\projekty\Hudba\music-editor\src\data\segments\samba\3e5a9caec932981fb34e91c4cce99c1df65fd0af__s0ms.wav,0,20000,,samba
3e5a9caec932981fb34e91c4cce99c1df65fd0af__20000ms,3e5a9caec932981fb34e91c4cce99c1df65fd0af,Samba   Spice up Your Life,D:\projekty\Hudba\music-editor\src\data\segments\samba\3e5a9caec932981fb34e91c4cce99c1df65fd0af__s20000ms.wav,20000,20000,,samba
3e5a9caec932981fb34e91c4cce99c1df65fd0af__40000ms,3e5a9caec932981fb34e91c4cce99c1df65fd0af,Samba   Spice up Your Life,D:\projekty\Hudba\music-editor\src\data\segments\samba\3e5a9caec932981fb34e91c4cce99c1df65fd0af__s40000ms.wav,40000,20000,,samba
3e5a9caec932981fb34e91c4cce99c1df65fd0af__60000ms,3e5a9caec932981fb34e91c4cce99c1df65fd0af,Samba   Spice up Your Life,D:\projekty\Hudba\music-editor\src\data\segments\samba\3e5a9caec932981fb34e91c4cce99c1df65fd0af__s60000ms.wav,60000,20000,,samba
3e5a9caec932981fb34e91c4cce99c1df65fd0af__80000ms,3e5a9caec932981fb34e91c4cce99c1df65fd0af,Samba   Spice up Your Life,D:\projekty\Hudba\music-editor\src\data\segments\samba\3e5a9caec932981fb34e91c4cce99c1df65fd0af__s80000ms.wav,80000,20000,,samba
3e5a9caec932981fb34e91c4cce99c1df65fd0af__100000ms,3e5a9caec932981fb34e91c4cce99c1df65fd0af,Samba   Spice up Your Life,D:\projekty\Hudba\music-editor\src\data\segments\samba\3e5a9caec932981fb34e91c4cce99c1df65fd0af__s100000ms.wav,100000,20000,,samba
3e5a9caec932981fb34e91c4cce99c1df65fd0af__120000ms,3e5a9caec932981fb34e91c4cce99c1df65fd0af,Samba   Spice up Your Life,D:\projekty\Hudba\music-editor\src\data\segments\samba\3e5a9caec932981fb34e91c4cce99c1df65fd0af__s120000ms.wav,120000,20000,,samba
3e5a9caec932981fb34e91c4cce99c1df65fd0af__140000ms,3e5a9caec932981fb34e91c4cce99c1df65fd0af,Samba   Spice up Your Life,D:\projekty\Hudba\music-editor\src\data\segments\samba\3e5a9caec932981fb34e91c4cce99c1df65fd0af__s140000ms.wav,140000,20000,,samba
3e5a9caec932981fb34e91c4cce99c1df65fd0af__160000ms,3e5a9caec932981fb34e91c4cce99c1df65fd0af,Samba   Spice up Your Life,D:\projekty\Hudba\music-editor\src\data\segments\samba\3e5a9caec932981fb34e91c4cce99c1df65fd0af__s160000ms.wav,160000,20000,,samba
3e5a9caec932981fb34e91c4cce99c1df65fd0af__180000ms,3e5a9caec932981fb34e91c4cce99c1df65fd0af,Samba   Spice up Your Life,D:\projekty\Hudba\music-editor\src\data\segments\samba\3e5a9caec932981fb34e91c4cce99c1df65fd0af__s180000ms.wav,180000,20000,,samba
3e5a9caec932981fb34e91c4cce99c1df65fd0af__200000ms,3e5a9caec932981fb34e91c4cce99c1df65fd0af,Samba   Spice up Your Life,D:\projekty\Hudba\music-editor\src\data\segments\samba\3e5a9caec932981fb34e91c4cce99c1df65fd0af__s200000ms.wav,200000,20000,,samba
3e5a9caec932981fb34e91c4cce99c1df65fd0af__220000ms,3e5a9caec932981fb34e91c4cce99c1df65fd0af,Samba   Spice up Your Life,D:\projekty\Hudba\music-editor\src\data\segments\samba\3e5a9caec932981fb34e91c4cce99c1df65fd0af__s220000ms.wav,220000,20000,,samba
3e5a9caec932981fb34e91c4cce99c1df65fd0af__240000ms,3e5a9caec932981fb34e91c4cce99c1df65fd0af,Samba   Spice up Your Life,D:\projekty\Hudba\music-editor\src\data\segments\samba\3e5a9caec932981fb34e91c4cce99c1df65fd0af__s240000ms.wav,240000,20000,,samba
3e5a9caec932981fb34e91c4cce99c1df65fd0af__260000ms,3e5a9caec932981fb34e91c4cce99c1df65fd0af,Samba   Spice up Your Life,D:\projekty\Hudba\music-editor\src\data\segments\samba\3e5a9caec932981fb34e91c4cce99c1df65fd0af__s260000ms.wav,260000,20000,,samba
7a0c6fae5edb432e87af7f1b0e4450433cbcbe18__0ms,7a0c6fae5edb432e87af7f1b0e4450433cbcbe18,Samba   Swalla (feat Nicki Minaj u0026 Ty Dolla $ign)   Jason Derul,D:\projekty\Hudba\music-editor\src\data\segments\samba\7a0c6fae5edb432e87af7f1b0e4450433cbcbe18__s0ms.wav,0,20000,,samba
7a0c6fae5edb432e87af7f1b0e4450433cbcbe18__20000ms,7a0c6fae5edb432e87af7f1b0e4450433cbcbe18,Samba   Swalla (feat Nicki Minaj u0026 Ty Dolla $ign)   Jason Derul,D:\projekty\Hudba\music-editor\src\data\segments\samba\7a0c6fae5edb432e87af7f1b0e4450433cbcbe18__s20000ms.wav,20000,20000,,samba
7a0c6fae5edb432e87af7f1b0e4450433cbcbe18__40000ms,7a0c6fae5edb432e87af7f1b0e4450433cbcbe18,Samba   Swalla (feat Nicki Minaj u0026 Ty Dolla $ign)   Jason Derul,D:\projekty\Hudba\music-editor\src\data\segments\samba\7a0c6fae5edb432e87af7f1b0e4450433cbcbe18__s40000ms.wav,40000,20000,,samba
7a0c6fae5edb432e87af7f1b0e4450433cbcbe18__60000ms,7a0c6fae5edb432e87af7f1b0e4450433cbcbe18,Samba   Swalla (feat Nicki Minaj u0026 Ty Dolla $ign)   Jason Derul,D:\projekty\Hudba\music-editor\src\data\segments\samba\7a0c6fae5edb432e87af7f1b0e4450433cbcbe18__s60000ms.wav,60000,20000,,samba
7a0c6fae5edb432e87af7f1b0e4450433cbcbe18__80000ms,7a0c6fae5edb432e87af7f1b0e4450433cbcbe18,Samba   Swalla (feat Nicki Minaj u0026 Ty Dolla $ign)   Jason Derul,D:\projekty\Hudba\music-editor\src\data\segments\samba\7a0c6fae5edb432e87af7f1b0e4450433cbcbe18__s80000ms.wav,80000,20000,,samba
7a0c6fae5edb432e87af7f1b0e4450433cbcbe18__100000ms,7a0c6fae5edb432e87af7f1b0e4450433cbcbe18,Samba   Swalla (feat Nicki Minaj u0026 Ty Dolla $ign)   Jason Derul,D:\projekty\Hudba\music-editor\src\data\segments\samba\7a0c6fae5edb432e87af7f1b0e4450433cbcbe18__s100000ms.wav,100000,20000,,samba
7a0c6fae5edb432e87af7f1b0e4450433cbcbe18__120000ms,7a0c6fae5edb432e87af7f1b0e4450433cbcbe18,Samba   Swalla (feat Nicki Minaj u0026 Ty Dolla $ign)   Jason Derul,D:\projekty\Hudba\music-editor\src\data\segments\samba\7a0c6fae5edb432e87af7f1b0e4450433cbcbe18__s120000ms.wav,120000,20000,,samba
7a0c6fae5edb432e87af7f1b0e4450433cbcbe18__140000ms,7a0c6fae5edb432e87af7f1b0e4450433cbcbe18,Samba   Swalla (feat Nicki Minaj u0026 Ty Dolla $ign)   Jason Derul,D:\projekty\Hudba\music-editor\src\data\segments\samba\7a0c6fae5edb432e87af7f1b0e4450433cbcbe18__s140000ms.wav,140000,20000,,samba
7a0c6fae5edb432e87af7f1b0e4450433cbcbe18__160000ms,7a0c6fae5edb432e87af7f1b0e4450433cbcbe18,Samba   Swalla (feat Nicki Minaj u0026 Ty Dolla $ign)   Jason Derul,D:\projekty\Hudba\music-editor\src\data\segments\samba\7a0c6fae5edb432e87af7f1b0e4450433cbcbe18__s160000ms.wav,160000,20000,,samba
7a0c6fae5edb432e87af7f1b0e4450433cbcbe18__180000ms,7a0c6fae5edb432e87af7f1b0e4450433cbcbe18,Samba   Swalla (feat Nicki Minaj u0026 Ty Dolla $ign)   Jason Derul,D:\projekty\Hudba\music-editor\src\data\segments\samba\7a0c6fae5edb432e87af7f1b0e4450433cbcbe18__s180000ms.wav,180000,20000,,samba
7a0c6fae5edb432e87af7f1b0e4450433cbcbe18__200000ms,7a0c6fae5edb432e87af7f1b0e4450433cbcbe18,Samba   Swalla (feat Nicki Minaj u0026 Ty Dolla $ign)   Jason Derul,D:\projekty\Hudba\music-editor\src\data\segments\samba\7a0c6fae5edb432e87af7f1b0e4450433cbcbe18__s200000ms.wav,200000,8013,,samba
7096a59f7dc04109b54d778c1fd030863c37e3a2__0ms,7096a59f7dc04109b54d778c1fd030863c37e3a2,Samba   The Horns   DJ Katc,D:\projekty\Hudba\music-editor\src\data\segments\samba\7096a59f7dc04109b54d778c1fd030863c37e3a2__s0ms.wav,0,20000,,samba
7096a59f7dc04109b54d778c1fd030863c37e3a2__20000ms,7096a59f7dc04109b54d778c1fd030863c37e3a2,Samba   The Horns   DJ Katc,D:\projekty\Hudba\music-editor\src\data\segments\samba\7096a59f7dc04109b54d778c1fd030863c37e3a2__s20000ms.wav,20000,20000,,samba
7096a59f7dc04109b54d778c1fd030863c37e3a2__40000ms,7096a59f7dc04109b54d778c1fd030863c37e3a2,Samba   The Horns   DJ Katc,D:\projekty\Hudba\music-editor\src\data\segments\samba\7096a59f7dc04109b54d778c1fd030863c37e3a2__s40000ms.wav,40000,20000,,samba
7096a59f7dc04109b54d778c1fd030863c37e3a2__60000ms,7096a59f7dc04109b54d778c1fd030863c37e3a2,Samba   The Horns   DJ Katc,D:\projekty\Hudba\music-editor\src\data\segments\samba\7096a59f7dc04109b54d778c1fd030863c37e3a2__s60000ms.wav,60000,20000,,samba
7096a59f7dc04109b54d778c1fd030863c37e3a2__80000ms,7096a59f7dc04109b54d778c1fd030863c37e3a2,Samba   The Horns   DJ Katc,D:\projekty\Hudba\music-editor\src\data\segments\samba\7096a59f7dc04109b54d778c1fd030863c37e3a2__s80000ms.wav,80000,20000,,samba
7096a59f7dc04109b54d778c1fd030863c37e3a2__100000ms,7096a59f7dc04109b54d778c1fd030863c37e3a2,Samba   The Horns   DJ Katc,D:\projekty\Hudba\music-editor\src\data\segments\samba\7096a59f7dc04109b54d778c1fd030863c37e3a2__s100000ms.wav,100000,12483,,samba
c3c04ad540cb542422de7a2bf12ef1d8039263e0__0ms,c3c04ad540cb542422de7a2bf12ef1d8039263e0,SAMBA  La Trumpeta Alessandro Olivato,D:\projekty\Hudba\music-editor\src\data\segments\samba\c3c04ad540cb542422de7a2bf12ef1d8039263e0__s0ms.wav,0,20000,,samba
c3c04ad540cb542422de7a2bf12ef1d8039263e0__20000ms,c3c04ad540cb542422de7a2bf12ef1d8039263e0,SAMBA  La Trumpeta Alessandro Olivato,D:\projekty\Hudba\music-editor\src\data\segments\samba\c3c04ad540cb542422de7a2bf12ef1d8039263e0__s20000ms.wav,20000,20000,,samba
c3c04ad540cb542422de7a2bf12ef1d8039263e0__40000ms,c3c04ad540cb542422de7a2bf12ef1d8039263e0,SAMBA  La Trumpeta Alessandro Olivato,D:\projekty\Hudba\music-editor\src\data\segments\samba\c3c04ad540cb542422de7a2bf12ef1d8039263e0__s40000ms.wav,40000,20000,,samba
c3c04ad540cb542422de7a2bf12ef1d8039263e0__60000ms,c3c04ad540cb542422de7a2bf12ef1d8039263e0,SAMBA  La Trumpeta Alessandro Olivato,D:\projekty\Hudba\music-editor\src\data\segments\samba\c3c04ad540cb542422de7a2bf12ef1d8039263e0__s60000ms.wav,60000,20000,,samba
c3c04ad540cb542422de7a2bf12ef1d8039263e0__80000ms,c3c04ad540cb542422de7a2bf12ef1d8039263e0,SAMBA  La Trumpeta Alessandro Olivato,D:\projekty\Hudba\music-editor\src\data\segments\samba\c3c04ad540cb542422de7a2bf12ef1d8039263e0__s80000ms.wav,80000,20000,,samba
c3c04ad540cb542422de7a2bf12ef1d8039263e0__100000ms,c3c04ad540cb542422de7a2bf12ef1d8039263e0,SAMBA  La Trumpeta Alessandro Olivato,D:\projekty\Hudba\music-editor\src\data\segments\samba\c3c04ad540cb542422de7a2bf12ef1d8039263e0__s100000ms.wav,100000,20000,,samba
c3c04ad540cb542422de7a2bf12ef1d8039263e0__120000ms,c3c04ad540cb542422de7a2bf12ef1d8039263e0,SAMBA  La Trumpeta Alessandro Olivato,D:\projekty\Hudba\music-editor\src\data\segments\samba\c3c04ad540cb542422de7a2bf12ef1d8039263e0__s120000ms.wav,120000,14217,,samba
86bea2de9ab48a374744843a2679989b1f598461__0ms,86bea2de9ab48a374744843a2679989b1f598461,SAMBA A Stodo Rito O la la,D:\projekty\Hudba\music-editor\src\data\segments\samba\86bea2de9ab48a374744843a2679989b1f598461__s0ms.wav,0,20000,,samba
86bea2de9ab48a374744843a2679989b1f598461__20000ms,86bea2de9ab48a374744843a2679989b1f598461,SAMBA A Stodo Rito O la la,D:\projekty\Hudba\music-editor\src\data\segments\samba\86bea2de9ab48a374744843a2679989b1f598461__s20000ms.wav,20000,20000,,samba
86bea2de9ab48a374744843a2679989b1f598461__40000ms,86bea2de9ab48a374744843a2679989b1f598461,SAMBA A Stodo Rito O la la,D:\projekty\Hudba\music-editor\src\data\segments\samba\86bea2de9ab48a374744843a2679989b1f598461__s40000ms.wav,40000,20000,,samba
86bea2de9ab48a374744843a2679989b1f598461__60000ms,86bea2de9ab48a374744843a2679989b1f598461,SAMBA A Stodo Rito O la la,D:\projekty\Hudba\music-editor\src\data\segments\samba\86bea2de9ab48a374744843a2679989b1f598461__s60000ms.wav,60000,20000,,samba
86bea2de9ab48a374744843a2679989b1f598461__80000ms,86bea2de9ab48a374744843a2679989b1f598461,SAMBA A Stodo Rito O la la,D:\projekty\Hudba\music-editor\src\data\segments\samba\86bea2de9ab48a374744843a2679989b1f598461__s80000ms.wav,80000,20000,,samba
86bea2de9ab48a374744843a2679989b1f598461__100000ms,86bea2de9ab48a374744843a2679989b1f598461,SAMBA A Stodo Rito O la la,D:\projekty\Hudba\music-editor\src\data\segments\samba\86bea2de9ab48a374744843a2679989b1f598461__s100000ms.wav,100000,20000,,samba
86bea2de9ab48a374744843a2679989b1f598461__120000ms,86bea2de9ab48a374744843a2679989b1f598461,SAMBA A Stodo Rito O la la,D:\projekty\Hudba\music-editor\src\data\segments\samba\86bea2de9ab48a374744843a2679989b1f598461__s120000ms.wav,120000,20000,,samba
86bea2de9ab48a374744843a2679989b1f598461__140000ms,86bea2de9ab48a374744843a2679989b1f598461,SAMBA A Stodo Rito O la la,D:\projekty\Hudba\music-editor\src\data\segments\samba\86bea2de9ab48a374744843a2679989b1f598461__s140000ms.wav,140000,20000,,samba
86bea2de9ab48a374744843a2679989b1f598461__160000ms,86bea2de9ab48a374744843a2679989b1f598461,SAMBA A Stodo Rito O la la,D:\projekty\Hudba\music-editor\src\data\segments\samba\86bea2de9ab48a374744843a2679989b1f598461__s160000ms.wav,160000,13061,,samba
5dbe8002400f92ec4ec04e36e2f27920e2b3406f__0ms,5dbe8002400f92ec4ec04e36e2f27920e2b3406f,SAMBA A$AP Rocky upravená  Praise The Lord (Lyrics) Feat Skept,D:\projekty\Hudba\music-editor\src\data\segments\samba\5dbe8002400f92ec4ec04e36e2f27920e2b3406f__s0ms.wav,0,20000,,samba
5dbe8002400f92ec4ec04e36e2f27920e2b3406f__20000ms,5dbe8002400f92ec4ec04e36e2f27920e2b3406f,SAMBA A$AP Rocky upravená  Praise The Lord (Lyrics) Feat Skept,D:\projekty\Hudba\music-editor\src\data\segments\samba\5dbe8002400f92ec4ec04e36e2f27920e2b3406f__s20000ms.wav,20000,20000,,samba
5dbe8002400f92ec4ec04e36e2f27920e2b3406f__40000ms,5dbe8002400f92ec4ec04e36e2f27920e2b3406f,SAMBA A$AP Rocky upravená  Praise The Lord (Lyrics) Feat Skept,D:\projekty\Hudba\music-editor\src\data\segments\samba\5dbe8002400f92ec4ec04e36e2f27920e2b3406f__s40000ms.wav,40000,20000,,samba
5dbe8002400f92ec4ec04e36e2f27920e2b3406f__60000ms,5dbe8002400f92ec4ec04e36e2f27920e2b3406f,SAMBA A$AP Rocky upravená  Praise The Lord (Lyrics) Feat Skept,D:\projekty\Hudba\music-editor\src\data\segments\samba\5dbe8002400f92ec4ec04e36e2f27920e2b3406f__s60000ms.wav,60000,20000,,samba
5dbe8002400f92ec4ec04e36e2f27920e2b3406f__80000ms,5dbe8002400f92ec4ec04e36e2f27920e2b3406f,SAMBA A$AP Rocky upravená  Praise The Lord (Lyrics) Feat Skept,D:\projekty\Hudba\music-editor\src\data\segments\samba\5dbe8002400f92ec4ec04e36e2f27920e2b3406f__s80000ms.wav,80000,20000,,samba
5dbe8002400f92ec4ec04e36e2f27920e2b3406f__100000ms,5dbe8002400f92ec4ec04e36e2f27920e2b3406f,SAMBA A$AP Rocky upravená  Praise The Lord (Lyrics) Feat Skept,D:\projekty\Hudba\music-editor\src\data\segments\samba\5dbe8002400f92ec4ec04e36e2f27920e2b3406f__s100000ms.wav,100000,20000,,samba
5dbe8002400f92ec4ec04e36e2f27920e2b3406f__120000ms,5dbe8002400f92ec4ec04e36e2f27920e2b3406f,SAMBA A$AP Rocky upravená  Praise The Lord (Lyrics) Feat Skept,D:\projekty\Hudba\music-editor\src\data\segments\samba\5dbe8002400f92ec4ec04e36e2f27920e2b3406f__s120000ms.wav,120000,20000,,samba
5dbe8002400f92ec4ec04e36e2f27920e2b3406f__140000ms,5dbe8002400f92ec4ec04e36e2f27920e2b3406f,SAMBA A$AP Rocky upravená  Praise The Lord (Lyrics) Feat Skept,D:\projekty\Hudba\music-editor\src\data\segments\samba\5dbe8002400f92ec4ec04e36e2f27920e2b3406f__s140000ms.wav,140000,20000,,samba
74c245b83b20b89782fa447515dc41ce44f2b454__0ms,74c245b83b20b89782fa447515dc41ce44f2b454,SAMBA Afro Bongo (Rework,D:\projekty\Hudba\music-editor\src\data\segments\samba\74c245b83b20b89782fa447515dc41ce44f2b454__s0ms.wav,0,20000,,samba
74c245b83b20b89782fa447515dc41ce44f2b454__20000ms,74c245b83b20b89782fa447515dc41ce44f2b454,SAMBA Afro Bongo (Rework,D:\projekty\Hudba\music-editor\src\data\segments\samba\74c245b83b20b89782fa447515dc41ce44f2b454__s20000ms.wav,20000,20000,,samba
74c245b83b20b89782fa447515dc41ce44f2b454__40000ms,74c245b83b20b89782fa447515dc41ce44f2b454,SAMBA Afro Bongo (Rework,D:\projekty\Hudba\music-editor\src\data\segments\samba\74c245b83b20b89782fa447515dc41ce44f2b454__s40000ms.wav,40000,20000,,samba
74c245b83b20b89782fa447515dc41ce44f2b454__60000ms,74c245b83b20b89782fa447515dc41ce44f2b454,SAMBA Afro Bongo (Rework,D:\projekty\Hudba\music-editor\src\data\segments\samba\74c245b83b20b89782fa447515dc41ce44f2b454__s60000ms.wav,60000,20000,,samba
74c245b83b20b89782fa447515dc41ce44f2b454__80000ms,74c245b83b20b89782fa447515dc41ce44f2b454,SAMBA Afro Bongo (Rework,D:\projekty\Hudba\music-editor\src\data\segments\samba\74c245b83b20b89782fa447515dc41ce44f2b454__s80000ms.wav,80000,20000,,samba
74c245b83b20b89782fa447515dc41ce44f2b454__100000ms,74c245b83b20b89782fa447515dc41ce44f2b454,SAMBA Afro Bongo (Rework,D:\projekty\Hudba\music-editor\src\data\segments\samba\74c245b83b20b89782fa447515dc41ce44f2b454__s100000ms.wav,100000,20000,,samba
74c245b83b20b89782fa447515dc41ce44f2b454__120000ms,74c245b83b20b89782fa447515dc41ce44f2b454,SAMBA Afro Bongo (Rework,D:\projekty\Hudba\music-editor\src\data\segments\samba\74c245b83b20b89782fa447515dc41ce44f2b454__s120000ms.wav,120000,20000,,samba
74c245b83b20b89782fa447515dc41ce44f2b454__140000ms,74c245b83b20b89782fa447515dc41ce44f2b454,SAMBA Afro Bongo (Rework,D:\projekty\Hudba\music-editor\src\data\segments\samba\74c245b83b20b89782fa447515dc41ce44f2b454__s140000ms.wav,140000,20000,,samba
c1d869925b6e15c334f24e00a2a573a71e9c8211__0ms,c1d869925b6e15c334f24e00a2a573a71e9c8211,SAMBA Alex Mica feat DEP u0026 Kalif – Latina Loca (Official Video,D:\projekty\Hudba\music-editor\src\data\segments\samba\c1d869925b6e15c334f24e00a2a573a71e9c8211__s0ms.wav,0,20000,,samba
c1d869925b6e15c334f24e00a2a573a71e9c8211__20000ms,c1d869925b6e15c334f24e00a2a573a71e9c8211,SAMBA Alex Mica feat DEP u0026 Kalif – Latina Loca (Official Video,D:\projekty\Hudba\music-editor\src\data\segments\samba\c1d869925b6e15c334f24e00a2a573a71e9c8211__s20000ms.wav,20000,20000,,samba
c1d869925b6e15c334f24e00a2a573a71e9c8211__40000ms,c1d869925b6e15c334f24e00a2a573a71e9c8211,SAMBA Alex Mica feat DEP u0026 Kalif – Latina Loca (Official Video,D:\projekty\Hudba\music-editor\src\data\segments\samba\c1d869925b6e15c334f24e00a2a573a71e9c8211__s40000ms.wav,40000,20000,,samba
c1d869925b6e15c334f24e00a2a573a71e9c8211__60000ms,c1d869925b6e15c334f24e00a2a573a71e9c8211,SAMBA Alex Mica feat DEP u0026 Kalif – Latina Loca (Official Video,D:\projekty\Hudba\music-editor\src\data\segments\samba\c1d869925b6e15c334f24e00a2a573a71e9c8211__s60000ms.wav,60000,20000,,samba
c1d869925b6e15c334f24e00a2a573a71e9c8211__80000ms,c1d869925b6e15c334f24e00a2a573a71e9c8211,SAMBA Alex Mica feat DEP u0026 Kalif – Latina Loca (Official Video,D:\projekty\Hudba\music-editor\src\data\segments\samba\c1d869925b6e15c334f24e00a2a573a71e9c8211__s80000ms.wav,80000,20000,,samba
c1d869925b6e15c334f24e00a2a573a71e9c8211__100000ms,c1d869925b6e15c334f24e00a2a573a71e9c8211,SAMBA Alex Mica feat DEP u0026 Kalif – Latina Loca (Official Video,D:\projekty\Hudba\music-editor\src\data\segments\samba\c1d869925b6e15c334f24e00a2a573a71e9c8211__s100000ms.wav,100000,20000,,samba
c1d869925b6e15c334f24e00a2a573a71e9c8211__120000ms,c1d869925b6e15c334f24e00a2a573a71e9c8211,SAMBA Alex Mica feat DEP u0026 Kalif – Latina Loca (Official Video,D:\projekty\Hudba\music-editor\src\data\segments\samba\c1d869925b6e15c334f24e00a2a573a71e9c8211__s120000ms.wav,120000,20000,,samba
c1d869925b6e15c334f24e00a2a573a71e9c8211__140000ms,c1d869925b6e15c334f24e00a2a573a71e9c8211,SAMBA Alex Mica feat DEP u0026 Kalif – Latina Loca (Official Video,D:\projekty\Hudba\music-editor\src\data\segments\samba\c1d869925b6e15c334f24e00a2a573a71e9c8211__s140000ms.wav,140000,20000,,samba
c1d869925b6e15c334f24e00a2a573a71e9c8211__160000ms,c1d869925b6e15c334f24e00a2a573a71e9c8211,SAMBA Alex Mica feat DEP u0026 Kalif – Latina Loca (Official Video,D:\projekty\Hudba\music-editor\src\data\segments\samba\c1d869925b6e15c334f24e00a2a573a71e9c8211__s160000ms.wav,160000,20000,,samba
c1d869925b6e15c334f24e00a2a573a71e9c8211__180000ms,c1d869925b6e15c334f24e00a2a573a71e9c8211,SAMBA Alex Mica feat DEP u0026 Kalif – Latina Loca (Official Video,D:\projekty\Hudba\music-editor\src\data\segments\samba\c1d869925b6e15c334f24e00a2a573a71e9c8211__s180000ms.wav,180000,13515,,samba
ea812d2097d2b9ee9046f310c23b1106c8b7fa12__0ms,ea812d2097d2b9ee9046f310c23b1106c8b7fa12,SAMBA Ay Papi!   Olivato Dancesport Orchestra BPM5,D:\projekty\Hudba\music-editor\src\data\segments\samba\ea812d2097d2b9ee9046f310c23b1106c8b7fa12__s0ms.wav,0,20000,,samba
ea812d2097d2b9ee9046f310c23b1106c8b7fa12__20000ms,ea812d2097d2b9ee9046f310c23b1106c8b7fa12,SAMBA Ay Papi!   Olivato Dancesport Orchestra BPM5,D:\projekty\Hudba\music-editor\src\data\segments\samba\ea812d2097d2b9ee9046f310c23b1106c8b7fa12__s20000ms.wav,20000,20000,,samba
ea812d2097d2b9ee9046f310c23b1106c8b7fa12__40000ms,ea812d2097d2b9ee9046f310c23b1106c8b7fa12,SAMBA Ay Papi!   Olivato Dancesport Orchestra BPM5,D:\projekty\Hudba\music-editor\src\data\segments\samba\ea812d2097d2b9ee9046f310c23b1106c8b7fa12__s40000ms.wav,40000,20000,,samba
ea812d2097d2b9ee9046f310c23b1106c8b7fa12__60000ms,ea812d2097d2b9ee9046f310c23b1106c8b7fa12,SAMBA Ay Papi!   Olivato Dancesport Orchestra BPM5,D:\projekty\Hudba\music-editor\src\data\segments\samba\ea812d2097d2b9ee9046f310c23b1106c8b7fa12__s60000ms.wav,60000,20000,,samba
ea812d2097d2b9ee9046f310c23b1106c8b7fa12__80000ms,ea812d2097d2b9ee9046f310c23b1106c8b7fa12,SAMBA Ay Papi!   Olivato Dancesport Orchestra BPM5,D:\projekty\Hudba\music-editor\src\data\segments\samba\ea812d2097d2b9ee9046f310c23b1106c8b7fa12__s80000ms.wav,80000,20000,,samba
ea812d2097d2b9ee9046f310c23b1106c8b7fa12__100000ms,ea812d2097d2b9ee9046f310c23b1106c8b7fa12,SAMBA Ay Papi!   Olivato Dancesport Orchestra BPM5,D:\projekty\Hudba\music-editor\src\data\segments\samba\ea812d2097d2b9ee9046f310c23b1106c8b7fa12__s100000ms.wav,100000,20000,,samba
ea812d2097d2b9ee9046f310c23b1106c8b7fa12__120000ms,ea812d2097d2b9ee9046f310c23b1106c8b7fa12,SAMBA Ay Papi!   Olivato Dancesport Orchestra BPM5,D:\projekty\Hudba\music-editor\src\data\segments\samba\ea812d2097d2b9ee9046f310c23b1106c8b7fa12__s120000ms.wav,120000,20000,,samba
ea812d2097d2b9ee9046f310c23b1106c8b7fa12__140000ms,ea812d2097d2b9ee9046f310c23b1106c8b7fa12,SAMBA Ay Papi!   Olivato Dancesport Orchestra BPM5,D:\projekty\Hudba\music-editor\src\data\segments\samba\ea812d2097d2b9ee9046f310c23b1106c8b7fa12__s140000ms.wav,140000,20000,,samba
2e2cbff20a7d5f38385420224411cbe4727b7975__0ms,2e2cbff20a7d5f38385420224411cbe4727b7975,SAMBA baila conmigo  jazz machine (samba,D:\projekty\Hudba\music-editor\src\data\segments\samba\2e2cbff20a7d5f38385420224411cbe4727b7975__s0ms.wav,0,20000,,samba
2e2cbff20a7d5f38385420224411cbe4727b7975__20000ms,2e2cbff20a7d5f38385420224411cbe4727b7975,SAMBA baila conmigo  jazz machine (samba,D:\projekty\Hudba\music-editor\src\data\segments\samba\2e2cbff20a7d5f38385420224411cbe4727b7975__s20000ms.wav,20000,20000,,samba
2e2cbff20a7d5f38385420224411cbe4727b7975__40000ms,2e2cbff20a7d5f38385420224411cbe4727b7975,SAMBA baila conmigo  jazz machine (samba,D:\projekty\Hudba\music-editor\src\data\segments\samba\2e2cbff20a7d5f38385420224411cbe4727b7975__s40000ms.wav,40000,20000,,samba
2e2cbff20a7d5f38385420224411cbe4727b7975__60000ms,2e2cbff20a7d5f38385420224411cbe4727b7975,SAMBA baila conmigo  jazz machine (samba,D:\projekty\Hudba\music-editor\src\data\segments\samba\2e2cbff20a7d5f38385420224411cbe4727b7975__s60000ms.wav,60000,20000,,samba
2e2cbff20a7d5f38385420224411cbe4727b7975__80000ms,2e2cbff20a7d5f38385420224411cbe4727b7975,SAMBA baila conmigo  jazz machine (samba,D:\projekty\Hudba\music-editor\src\data\segments\samba\2e2cbff20a7d5f38385420224411cbe4727b7975__s80000ms.wav,80000,20000,,samba
2e2cbff20a7d5f38385420224411cbe4727b7975__100000ms,2e2cbff20a7d5f38385420224411cbe4727b7975,SAMBA baila conmigo  jazz machine (samba,D:\projekty\Hudba\music-editor\src\data\segments\samba\2e2cbff20a7d5f38385420224411cbe4727b7975__s100000ms.wav,100000,20000,,samba
2e2cbff20a7d5f38385420224411cbe4727b7975__120000ms,2e2cbff20a7d5f38385420224411cbe4727b7975,SAMBA baila conmigo  jazz machine (samba,D:\projekty\Hudba\music-editor\src\data\segments\samba\2e2cbff20a7d5f38385420224411cbe4727b7975__s120000ms.wav,120000,20000,,samba
2e2cbff20a7d5f38385420224411cbe4727b7975__140000ms,2e2cbff20a7d5f38385420224411cbe4727b7975,SAMBA baila conmigo  jazz machine (samba,D:\projekty\Hudba\music-editor\src\data\segments\samba\2e2cbff20a7d5f38385420224411cbe4727b7975__s140000ms.wav,140000,20000,,samba
2e2cbff20a7d5f38385420224411cbe4727b7975__160000ms,2e2cbff20a7d5f38385420224411cbe4727b7975,SAMBA baila conmigo  jazz machine (samba,D:\projekty\Hudba\music-editor\src\data\segments\samba\2e2cbff20a7d5f38385420224411cbe4727b7975__s160000ms.wav,160000,20000,,samba
2e2cbff20a7d5f38385420224411cbe4727b7975__180000ms,2e2cbff20a7d5f38385420224411cbe4727b7975,SAMBA baila conmigo  jazz machine (samba,D:\projekty\Hudba\music-editor\src\data\segments\samba\2e2cbff20a7d5f38385420224411cbe4727b7975__s180000ms.wav,180000,20000,,samba
2e2cbff20a7d5f38385420224411cbe4727b7975__200000ms,2e2cbff20a7d5f38385420224411cbe4727b7975,SAMBA baila conmigo  jazz machine (samba,D:\projekty\Hudba\music-editor\src\data\segments\samba\2e2cbff20a7d5f38385420224411cbe4727b7975__s200000ms.wav,200000,10756,,samba
4f9ec422e1d9482f828adf7eecbd30d9febf78dc__0ms,4f9ec422e1d9482f828adf7eecbd30d9febf78dc,SAMBA Bamboleo (Samba  53 BPM,D:\projekty\Hudba\music-editor\src\data\segments\samba\4f9ec422e1d9482f828adf7eecbd30d9febf78dc__s0ms.wav,0,20000,,samba
4f9ec422e1d9482f828adf7eecbd30d9febf78dc__20000ms,4f9ec422e1d9482f828adf7eecbd30d9febf78dc,SAMBA Bamboleo (Samba  53 BPM,D:\projekty\Hudba\music-editor\src\data\segments\samba\4f9ec422e1d9482f828adf7eecbd30d9febf78dc__s20000ms.wav,20000,20000,,samba
4f9ec422e1d9482f828adf7eecbd30d9febf78dc__40000ms,4f9ec422e1d9482f828adf7eecbd30d9febf78dc,SAMBA Bamboleo (Samba  53 BPM,D:\projekty\Hudba\music-editor\src\data\segments\samba\4f9ec422e1d9482f828adf7eecbd30d9febf78dc__s40000ms.wav,40000,20000,,samba
4f9ec422e1d9482f828adf7eecbd30d9febf78dc__60000ms,4f9ec422e1d9482f828adf7eecbd30d9febf78dc,SAMBA Bamboleo (Samba  53 BPM,D:\projekty\Hudba\music-editor\src\data\segments\samba\4f9ec422e1d9482f828adf7eecbd30d9febf78dc__s60000ms.wav,60000,20000,,samba
4f9ec422e1d9482f828adf7eecbd30d9febf78dc__80000ms,4f9ec422e1d9482f828adf7eecbd30d9febf78dc,SAMBA Bamboleo (Samba  53 BPM,D:\projekty\Hudba\music-editor\src\data\segments\samba\4f9ec422e1d9482f828adf7eecbd30d9febf78dc__s80000ms.wav,80000,20000,,samba
4f9ec422e1d9482f828adf7eecbd30d9febf78dc__100000ms,4f9ec422e1d9482f828adf7eecbd30d9febf78dc,SAMBA Bamboleo (Samba  53 BPM,D:\projekty\Hudba\music-editor\src\data\segments\samba\4f9ec422e1d9482f828adf7eecbd30d9febf78dc__s100000ms.wav,100000,20000,,samba
4f9ec422e1d9482f828adf7eecbd30d9febf78dc__120000ms,4f9ec422e1d9482f828adf7eecbd30d9febf78dc,SAMBA Bamboleo (Samba  53 BPM,D:\projekty\Hudba\music-editor\src\data\segments\samba\4f9ec422e1d9482f828adf7eecbd30d9febf78dc__s120000ms.wav,120000,20000,,samba
4f9ec422e1d9482f828adf7eecbd30d9febf78dc__140000ms,4f9ec422e1d9482f828adf7eecbd30d9febf78dc,SAMBA Bamboleo (Samba  53 BPM,D:\projekty\Hudba\music-editor\src\data\segments\samba\4f9ec422e1d9482f828adf7eecbd30d9febf78dc__s140000ms.wav,140000,13574,,samba
fd11622956bf6a11ac2390fba0eb391b4190cde9__0ms,fd11622956bf6a11ac2390fba0eb391b4190cde9,SAMBA bbno$ u0026 Rich Brian   edamame (Official Video[1],D:\projekty\Hudba\music-editor\src\data\segments\samba\fd11622956bf6a11ac2390fba0eb391b4190cde9__s0ms.wav,0,20000,,samba
fd11622956bf6a11ac2390fba0eb391b4190cde9__20000ms,fd11622956bf6a11ac2390fba0eb391b4190cde9,SAMBA bbno$ u0026 Rich Brian   edamame (Official Video[1],D:\projekty\Hudba\music-editor\src\data\segments\samba\fd11622956bf6a11ac2390fba0eb391b4190cde9__s20000ms.wav,20000,20000,,samba
fd11622956bf6a11ac2390fba0eb391b4190cde9__40000ms,fd11622956bf6a11ac2390fba0eb391b4190cde9,SAMBA bbno$ u0026 Rich Brian   edamame (Official Video[1],D:\projekty\Hudba\music-editor\src\data\segments\samba\fd11622956bf6a11ac2390fba0eb391b4190cde9__s40000ms.wav,40000,20000,,samba
fd11622956bf6a11ac2390fba0eb391b4190cde9__60000ms,fd11622956bf6a11ac2390fba0eb391b4190cde9,SAMBA bbno$ u0026 Rich Brian   edamame (Official Video[1],D:\projekty\Hudba\music-editor\src\data\segments\samba\fd11622956bf6a11ac2390fba0eb391b4190cde9__s60000ms.wav,60000,20000,,samba
fd11622956bf6a11ac2390fba0eb391b4190cde9__80000ms,fd11622956bf6a11ac2390fba0eb391b4190cde9,SAMBA bbno$ u0026 Rich Brian   edamame (Official Video[1],D:\projekty\Hudba\music-editor\src\data\segments\samba\fd11622956bf6a11ac2390fba0eb391b4190cde9__s80000ms.wav,80000,20000,,samba
fd11622956bf6a11ac2390fba0eb391b4190cde9__100000ms,fd11622956bf6a11ac2390fba0eb391b4190cde9,SAMBA bbno$ u0026 Rich Brian   edamame (Official Video[1],D:\projekty\Hudba\music-editor\src\data\segments\samba\fd11622956bf6a11ac2390fba0eb391b4190cde9__s100000ms.wav,100000,20000,,samba
fd11622956bf6a11ac2390fba0eb391b4190cde9__120000ms,fd11622956bf6a11ac2390fba0eb391b4190cde9,SAMBA bbno$ u0026 Rich Brian   edamame (Official Video[1],D:\projekty\Hudba\music-editor\src\data\segments\samba\fd11622956bf6a11ac2390fba0eb391b4190cde9__s120000ms.wav,120000,20000,,samba
2e3b71e70aad01d6a67a56bdbd47c5ecfe8377ac__0ms,2e3b71e70aad01d6a67a56bdbd47c5ecfe8377ac,Samba Bella Ciao (Samba)   Watazu Remi,D:\projekty\Hudba\music-editor\src\data\segments\samba\2e3b71e70aad01d6a67a56bdbd47c5ecfe8377ac__s0ms.wav,0,20000,,samba
2e3b71e70aad01d6a67a56bdbd47c5ecfe8377ac__20000ms,2e3b71e70aad01d6a67a56bdbd47c5ecfe8377ac,Samba Bella Ciao (Samba)   Watazu Remi,D:\projekty\Hudba\music-editor\src\data\segments\samba\2e3b71e70aad01d6a67a56bdbd47c5ecfe8377ac__s20000ms.wav,20000,20000,,samba
2e3b71e70aad01d6a67a56bdbd47c5ecfe8377ac__40000ms,2e3b71e70aad01d6a67a56bdbd47c5ecfe8377ac,Samba Bella Ciao (Samba)   Watazu Remi,D:\projekty\Hudba\music-editor\src\data\segments\samba\2e3b71e70aad01d6a67a56bdbd47c5ecfe8377ac__s40000ms.wav,40000,20000,,samba
2e3b71e70aad01d6a67a56bdbd47c5ecfe8377ac__60000ms,2e3b71e70aad01d6a67a56bdbd47c5ecfe8377ac,Samba Bella Ciao (Samba)   Watazu Remi,D:\projekty\Hudba\music-editor\src\data\segments\samba\2e3b71e70aad01d6a67a56bdbd47c5ecfe8377ac__s60000ms.wav,60000,20000,,samba
d4a11ebb06c487d348e2ca4618bac71a51f82a81__0ms,d4a11ebb06c487d348e2ca4618bac71a51f82a81,SAMBA Big Band Hötting   Moliendo Cafe (Samba,D:\projekty\Hudba\music-editor\src\data\segments\samba\d4a11ebb06c487d348e2ca4618bac71a51f82a81__s0ms.wav,0,20000,,samba
d4a11ebb06c487d348e2ca4618bac71a51f82a81__20000ms,d4a11ebb06c487d348e2ca4618bac71a51f82a81,SAMBA Big Band Hötting   Moliendo Cafe (Samba,D:\projekty\Hudba\music-editor\src\data\segments\samba\d4a11ebb06c487d348e2ca4618bac71a51f82a81__s20000ms.wav,20000,20000,,samba
d4a11ebb06c487d348e2ca4618bac71a51f82a81__40000ms,d4a11ebb06c487d348e2ca4618bac71a51f82a81,SAMBA Big Band Hötting   Moliendo Cafe (Samba,D:\projekty\Hudba\music-editor\src\data\segments\samba\d4a11ebb06c487d348e2ca4618bac71a51f82a81__s40000ms.wav,40000,20000,,samba
d4a11ebb06c487d348e2ca4618bac71a51f82a81__60000ms,d4a11ebb06c487d348e2ca4618bac71a51f82a81,SAMBA Big Band Hötting   Moliendo Cafe (Samba,D:\projekty\Hudba\music-editor\src\data\segments\samba\d4a11ebb06c487d348e2ca4618bac71a51f82a81__s60000ms.wav,60000,20000,,samba
d4a11ebb06c487d348e2ca4618bac71a51f82a81__80000ms,d4a11ebb06c487d348e2ca4618bac71a51f82a81,SAMBA Big Band Hötting   Moliendo Cafe (Samba,D:\projekty\Hudba\music-editor\src\data\segments\samba\d4a11ebb06c487d348e2ca4618bac71a51f82a81__s80000ms.wav,80000,20000,,samba
d4a11ebb06c487d348e2ca4618bac71a51f82a81__100000ms,d4a11ebb06c487d348e2ca4618bac71a51f82a81,SAMBA Big Band Hötting   Moliendo Cafe (Samba,D:\projekty\Hudba\music-editor\src\data\segments\samba\d4a11ebb06c487d348e2ca4618bac71a51f82a81__s100000ms.wav,100000,20000,,samba
d4a11ebb06c487d348e2ca4618bac71a51f82a81__120000ms,d4a11ebb06c487d348e2ca4618bac71a51f82a81,SAMBA Big Band Hötting   Moliendo Cafe (Samba,D:\projekty\Hudba\music-editor\src\data\segments\samba\d4a11ebb06c487d348e2ca4618bac71a51f82a81__s120000ms.wav,120000,20000,,samba
d4a11ebb06c487d348e2ca4618bac71a51f82a81__140000ms,d4a11ebb06c487d348e2ca4618bac71a51f82a81,SAMBA Big Band Hötting   Moliendo Cafe (Samba,D:\projekty\Hudba\music-editor\src\data\segments\samba\d4a11ebb06c487d348e2ca4618bac71a51f82a81__s140000ms.wav,140000,20000,,samba
d4a11ebb06c487d348e2ca4618bac71a51f82a81__160000ms,d4a11ebb06c487d348e2ca4618bac71a51f82a81,SAMBA Big Band Hötting   Moliendo Cafe (Samba,D:\projekty\Hudba\music-editor\src\data\segments\samba\d4a11ebb06c487d348e2ca4618bac71a51f82a81__s160000ms.wav,160000,16300,,samba
202509f2429a41ec569230499cb1aee24b77fb65__0ms,202509f2429a41ec569230499cb1aee24b77fb65,SAMBA Blanka   Solo [Official Music Video,D:\projekty\Hudba\music-editor\src\data\segments\samba\202509f2429a41ec569230499cb1aee24b77fb65__s0ms.wav,0,20000,,samba
202509f2429a41ec569230499cb1aee24b77fb65__20000ms,202509f2429a41ec569230499cb1aee24b77fb65,SAMBA Blanka   Solo [Official Music Video,D:\projekty\Hudba\music-editor\src\data\segments\samba\202509f2429a41ec569230499cb1aee24b77fb65__s20000ms.wav,20000,20000,,samba
202509f2429a41ec569230499cb1aee24b77fb65__40000ms,202509f2429a41ec569230499cb1aee24b77fb65,SAMBA Blanka   Solo [Official Music Video,D:\projekty\Hudba\music-editor\src\data\segments\samba\202509f2429a41ec569230499cb1aee24b77fb65__s40000ms.wav,40000,20000,,samba
202509f2429a41ec569230499cb1aee24b77fb65__60000ms,202509f2429a41ec569230499cb1aee24b77fb65,SAMBA Blanka   Solo [Official Music Video,D:\projekty\Hudba\music-editor\src\data\segments\samba\202509f2429a41ec569230499cb1aee24b77fb65__s60000ms.wav,60000,20000,,samba
202509f2429a41ec569230499cb1aee24b77fb65__80000ms,202509f2429a41ec569230499cb1aee24b77fb65,SAMBA Blanka   Solo [Official Music Video,D:\projekty\Hudba\music-editor\src\data\segments\samba\202509f2429a41ec569230499cb1aee24b77fb65__s80000ms.wav,80000,20000,,samba
202509f2429a41ec569230499cb1aee24b77fb65__100000ms,202509f2429a41ec569230499cb1aee24b77fb65,SAMBA Blanka   Solo [Official Music Video,D:\projekty\Hudba\music-editor\src\data\segments\samba\202509f2429a41ec569230499cb1aee24b77fb65__s100000ms.wav,100000,20000,,samba
202509f2429a41ec569230499cb1aee24b77fb65__120000ms,202509f2429a41ec569230499cb1aee24b77fb65,SAMBA Blanka   Solo [Official Music Video,D:\projekty\Hudba\music-editor\src\data\segments\samba\202509f2429a41ec569230499cb1aee24b77fb65__s120000ms.wav,120000,20000,,samba
202509f2429a41ec569230499cb1aee24b77fb65__140000ms,202509f2429a41ec569230499cb1aee24b77fb65,SAMBA Blanka   Solo [Official Music Video,D:\projekty\Hudba\music-editor\src\data\segments\samba\202509f2429a41ec569230499cb1aee24b77fb65__s140000ms.wav,140000,17283,,samba
f8da8c5056ef5305c0c693d3fa8b617413c9a30a__0ms,f8da8c5056ef5305c0c693d3fa8b617413c9a30a,SAMBA Boom Boom (Samba 51 BPM,D:\projekty\Hudba\music-editor\src\data\segments\samba\f8da8c5056ef5305c0c693d3fa8b617413c9a30a__s0ms.wav,0,20000,,samba
f8da8c5056ef5305c0c693d3fa8b617413c9a30a__20000ms,f8da8c5056ef5305c0c693d3fa8b617413c9a30a,SAMBA Boom Boom (Samba 51 BPM,D:\projekty\Hudba\music-editor\src\data\segments\samba\f8da8c5056ef5305c0c693d3fa8b617413c9a30a__s20000ms.wav,20000,20000,,samba
f8da8c5056ef5305c0c693d3fa8b617413c9a30a__40000ms,f8da8c5056ef5305c0c693d3fa8b617413c9a30a,SAMBA Boom Boom (Samba 51 BPM,D:\projekty\Hudba\music-editor\src\data\segments\samba\f8da8c5056ef5305c0c693d3fa8b617413c9a30a__s40000ms.wav,40000,20000,,samba
f8da8c5056ef5305c0c693d3fa8b617413c9a30a__60000ms,f8da8c5056ef5305c0c693d3fa8b617413c9a30a,SAMBA Boom Boom (Samba 51 BPM,D:\projekty\Hudba\music-editor\src\data\segments\samba\f8da8c5056ef5305c0c693d3fa8b617413c9a30a__s60000ms.wav,60000,20000,,samba
f8da8c5056ef5305c0c693d3fa8b617413c9a30a__80000ms,f8da8c5056ef5305c0c693d3fa8b617413c9a30a,SAMBA Boom Boom (Samba 51 BPM,D:\projekty\Hudba\music-editor\src\data\segments\samba\f8da8c5056ef5305c0c693d3fa8b617413c9a30a__s80000ms.wav,80000,20000,,samba
f8da8c5056ef5305c0c693d3fa8b617413c9a30a__100000ms,f8da8c5056ef5305c0c693d3fa8b617413c9a30a,SAMBA Boom Boom (Samba 51 BPM,D:\projekty\Hudba\music-editor\src\data\segments\samba\f8da8c5056ef5305c0c693d3fa8b617413c9a30a__s100000ms.wav,100000,20000,,samba
cfbc2647eae3b4ad0c038a2e57535ba578cb9229__0ms,cfbc2647eae3b4ad0c038a2e57535ba578cb9229,SAMBA Cher  upravená Do,D:\projekty\Hudba\music-editor\src\data\segments\samba\cfbc2647eae3b4ad0c038a2e57535ba578cb9229__s0ms.wav,0,20000,,samba
cfbc2647eae3b4ad0c038a2e57535ba578cb9229__20000ms,cfbc2647eae3b4ad0c038a2e57535ba578cb9229,SAMBA Cher  upravená Do,D:\projekty\Hudba\music-editor\src\data\segments\samba\cfbc2647eae3b4ad0c038a2e57535ba578cb9229__s20000ms.wav,20000,20000,,samba
cfbc2647eae3b4ad0c038a2e57535ba578cb9229__40000ms,cfbc2647eae3b4ad0c038a2e57535ba578cb9229,SAMBA Cher  upravená Do,D:\projekty\Hudba\music-editor\src\data\segments\samba\cfbc2647eae3b4ad0c038a2e57535ba578cb9229__s40000ms.wav,40000,20000,,samba
cfbc2647eae3b4ad0c038a2e57535ba578cb9229__60000ms,cfbc2647eae3b4ad0c038a2e57535ba578cb9229,SAMBA Cher  upravená Do,D:\projekty\Hudba\music-editor\src\data\segments\samba\cfbc2647eae3b4ad0c038a2e57535ba578cb9229__s60000ms.wav,60000,20000,,samba
cfbc2647eae3b4ad0c038a2e57535ba578cb9229__80000ms,cfbc2647eae3b4ad0c038a2e57535ba578cb9229,SAMBA Cher  upravená Do,D:\projekty\Hudba\music-editor\src\data\segments\samba\cfbc2647eae3b4ad0c038a2e57535ba578cb9229__s80000ms.wav,80000,20000,,samba
cfbc2647eae3b4ad0c038a2e57535ba578cb9229__100000ms,cfbc2647eae3b4ad0c038a2e57535ba578cb9229,SAMBA Cher  upravená Do,D:\projekty\Hudba\music-editor\src\data\segments\samba\cfbc2647eae3b4ad0c038a2e57535ba578cb9229__s100000ms.wav,100000,20000,,samba
cfbc2647eae3b4ad0c038a2e57535ba578cb9229__120000ms,cfbc2647eae3b4ad0c038a2e57535ba578cb9229,SAMBA Cher  upravená Do,D:\projekty\Hudba\music-editor\src\data\segments\samba\cfbc2647eae3b4ad0c038a2e57535ba578cb9229__s120000ms.wav,120000,20000,,samba
cfbc2647eae3b4ad0c038a2e57535ba578cb9229__140000ms,cfbc2647eae3b4ad0c038a2e57535ba578cb9229,SAMBA Cher  upravená Do,D:\projekty\Hudba\music-editor\src\data\segments\samba\cfbc2647eae3b4ad0c038a2e57535ba578cb9229__s140000ms.wav,140000,20000,,samba
cfbc2647eae3b4ad0c038a2e57535ba578cb9229__160000ms,cfbc2647eae3b4ad0c038a2e57535ba578cb9229,SAMBA Cher  upravená Do,D:\projekty\Hudba\music-editor\src\data\segments\samba\cfbc2647eae3b4ad0c038a2e57535ba578cb9229__s160000ms.wav,160000,20000,,samba
cfbc2647eae3b4ad0c038a2e57535ba578cb9229__180000ms,cfbc2647eae3b4ad0c038a2e57535ba578cb9229,SAMBA Cher  upravená Do,D:\projekty\Hudba\music-editor\src\data\segments\samba\cfbc2647eae3b4ad0c038a2e57535ba578cb9229__s180000ms.wav,180000,20000,,samba
cfbc2647eae3b4ad0c038a2e57535ba578cb9229__200000ms,cfbc2647eae3b4ad0c038a2e57535ba578cb9229,SAMBA Cher  upravená Do,D:\projekty\Hudba\music-editor\src\data\segments\samba\cfbc2647eae3b4ad0c038a2e57535ba578cb9229__s200000ms.wav,200000,20000,,samba
cfbc2647eae3b4ad0c038a2e57535ba578cb9229__220000ms,cfbc2647eae3b4ad0c038a2e57535ba578cb9229,SAMBA Cher  upravená Do,D:\projekty\Hudba\music-editor\src\data\segments\samba\cfbc2647eae3b4ad0c038a2e57535ba578cb9229__s220000ms.wav,220000,16251,,samba
4733c30622a9ba32cea8e7fc5fad281223ce66bb__0ms,4733c30622a9ba32cea8e7fc5fad281223ce66bb,SAMBA Coffee Song (Samba  50 BPM,D:\projekty\Hudba\music-editor\src\data\segments\samba\4733c30622a9ba32cea8e7fc5fad281223ce66bb__s0ms.wav,0,20000,,samba
4733c30622a9ba32cea8e7fc5fad281223ce66bb__20000ms,4733c30622a9ba32cea8e7fc5fad281223ce66bb,SAMBA Coffee Song (Samba  50 BPM,D:\projekty\Hudba\music-editor\src\data\segments\samba\4733c30622a9ba32cea8e7fc5fad281223ce66bb__s20000ms.wav,20000,20000,,samba
4733c30622a9ba32cea8e7fc5fad281223ce66bb__40000ms,4733c30622a9ba32cea8e7fc5fad281223ce66bb,SAMBA Coffee Song (Samba  50 BPM,D:\projekty\Hudba\music-editor\src\data\segments\samba\4733c30622a9ba32cea8e7fc5fad281223ce66bb__s40000ms.wav,40000,20000,,samba
4733c30622a9ba32cea8e7fc5fad281223ce66bb__60000ms,4733c30622a9ba32cea8e7fc5fad281223ce66bb,SAMBA Coffee Song (Samba  50 BPM,D:\projekty\Hudba\music-editor\src\data\segments\samba\4733c30622a9ba32cea8e7fc5fad281223ce66bb__s60000ms.wav,60000,20000,,samba
4733c30622a9ba32cea8e7fc5fad281223ce66bb__80000ms,4733c30622a9ba32cea8e7fc5fad281223ce66bb,SAMBA Coffee Song (Samba  50 BPM,D:\projekty\Hudba\music-editor\src\data\segments\samba\4733c30622a9ba32cea8e7fc5fad281223ce66bb__s80000ms.wav,80000,20000,,samba
4733c30622a9ba32cea8e7fc5fad281223ce66bb__100000ms,4733c30622a9ba32cea8e7fc5fad281223ce66bb,SAMBA Coffee Song (Samba  50 BPM,D:\projekty\Hudba\music-editor\src\data\segments\samba\4733c30622a9ba32cea8e7fc5fad281223ce66bb__s100000ms.wav,100000,20000,,samba
5a1405ec44d0622b0281c0fa8fa958eea3587c32__0ms,5a1405ec44d0622b0281c0fa8fa958eea3587c32,SAMBA Cruzado,D:\projekty\Hudba\music-editor\src\data\segments\samba\5a1405ec44d0622b0281c0fa8fa958eea3587c32__s0ms.wav,0,20000,,samba
5a1405ec44d0622b0281c0fa8fa958eea3587c32__20000ms,5a1405ec44d0622b0281c0fa8fa958eea3587c32,SAMBA Cruzado,D:\projekty\Hudba\music-editor\src\data\segments\samba\5a1405ec44d0622b0281c0fa8fa958eea3587c32__s20000ms.wav,20000,20000,,samba
5a1405ec44d0622b0281c0fa8fa958eea3587c32__40000ms,5a1405ec44d0622b0281c0fa8fa958eea3587c32,SAMBA Cruzado,D:\projekty\Hudba\music-editor\src\data\segments\samba\5a1405ec44d0622b0281c0fa8fa958eea3587c32__s40000ms.wav,40000,20000,,samba
5a1405ec44d0622b0281c0fa8fa958eea3587c32__60000ms,5a1405ec44d0622b0281c0fa8fa958eea3587c32,SAMBA Cruzado,D:\projekty\Hudba\music-editor\src\data\segments\samba\5a1405ec44d0622b0281c0fa8fa958eea3587c32__s60000ms.wav,60000,20000,,samba
5a1405ec44d0622b0281c0fa8fa958eea3587c32__80000ms,5a1405ec44d0622b0281c0fa8fa958eea3587c32,SAMBA Cruzado,D:\projekty\Hudba\music-editor\src\data\segments\samba\5a1405ec44d0622b0281c0fa8fa958eea3587c32__s80000ms.wav,80000,20000,,samba
9486e48348e51f241be35f3ba1ecf4ba97f9f5a8__0ms,9486e48348e51f241be35f3ba1ecf4ba97f9f5a8,SAMBA Daddy Yankee x upravená El Alfa x Lil Jon   Bombón (Official Video,D:\projekty\Hudba\music-editor\src\data\segments\samba\9486e48348e51f241be35f3ba1ecf4ba97f9f5a8__s0ms.wav,0,20000,,samba
9486e48348e51f241be35f3ba1ecf4ba97f9f5a8__20000ms,9486e48348e51f241be35f3ba1ecf4ba97f9f5a8,SAMBA Daddy Yankee x upravená El Alfa x Lil Jon   Bombón (Official Video,D:\projekty\Hudba\music-editor\src\data\segments\samba\9486e48348e51f241be35f3ba1ecf4ba97f9f5a8__s20000ms.wav,20000,20000,,samba
9486e48348e51f241be35f3ba1ecf4ba97f9f5a8__40000ms,9486e48348e51f241be35f3ba1ecf4ba97f9f5a8,SAMBA Daddy Yankee x upravená El Alfa x Lil Jon   Bombón (Official Video,D:\projekty\Hudba\music-editor\src\data\segments\samba\9486e48348e51f241be35f3ba1ecf4ba97f9f5a8__s40000ms.wav,40000,20000,,samba
9486e48348e51f241be35f3ba1ecf4ba97f9f5a8__60000ms,9486e48348e51f241be35f3ba1ecf4ba97f9f5a8,SAMBA Daddy Yankee x upravená El Alfa x Lil Jon   Bombón (Official Video,D:\projekty\Hudba\music-editor\src\data\segments\samba\9486e48348e51f241be35f3ba1ecf4ba97f9f5a8__s60000ms.wav,60000,20000,,samba
9486e48348e51f241be35f3ba1ecf4ba97f9f5a8__80000ms,9486e48348e51f241be35f3ba1ecf4ba97f9f5a8,SAMBA Daddy Yankee x upravená El Alfa x Lil Jon   Bombón (Official Video,D:\projekty\Hudba\music-editor\src\data\segments\samba\9486e48348e51f241be35f3ba1ecf4ba97f9f5a8__s80000ms.wav,80000,20000,,samba
9486e48348e51f241be35f3ba1ecf4ba97f9f5a8__100000ms,9486e48348e51f241be35f3ba1ecf4ba97f9f5a8,SAMBA Daddy Yankee x upravená El Alfa x Lil Jon   Bombón (Official Video,D:\projekty\Hudba\music-editor\src\data\segments\samba\9486e48348e51f241be35f3ba1ecf4ba97f9f5a8__s100000ms.wav,100000,20000,,samba
9486e48348e51f241be35f3ba1ecf4ba97f9f5a8__120000ms,9486e48348e51f241be35f3ba1ecf4ba97f9f5a8,SAMBA Daddy Yankee x upravená El Alfa x Lil Jon   Bombón (Official Video,D:\projekty\Hudba\music-editor\src\data\segments\samba\9486e48348e51f241be35f3ba1ecf4ba97f9f5a8__s120000ms.wav,120000,20000,,samba
9486e48348e51f241be35f3ba1ecf4ba97f9f5a8__140000ms,9486e48348e51f241be35f3ba1ecf4ba97f9f5a8,SAMBA Daddy Yankee x upravená El Alfa x Lil Jon   Bombón (Official Video,D:\projekty\Hudba\music-editor\src\data\segments\samba\9486e48348e51f241be35f3ba1ecf4ba97f9f5a8__s140000ms.wav,140000,20000,,samba
9486e48348e51f241be35f3ba1ecf4ba97f9f5a8__160000ms,9486e48348e51f241be35f3ba1ecf4ba97f9f5a8,SAMBA Daddy Yankee x upravená El Alfa x Lil Jon   Bombón (Official Video,D:\projekty\Hudba\music-editor\src\data\segments\samba\9486e48348e51f241be35f3ba1ecf4ba97f9f5a8__s160000ms.wav,160000,20000,,samba
9486e48348e51f241be35f3ba1ecf4ba97f9f5a8__180000ms,9486e48348e51f241be35f3ba1ecf4ba97f9f5a8,SAMBA Daddy Yankee x upravená El Alfa x Lil Jon   Bombón (Official Video,D:\projekty\Hudba\music-editor\src\data\segments\samba\9486e48348e51f241be35f3ba1ecf4ba97f9f5a8__s180000ms.wav,180000,20000,,samba
9486e48348e51f241be35f3ba1ecf4ba97f9f5a8__200000ms,9486e48348e51f241be35f3ba1ecf4ba97f9f5a8,SAMBA Daddy Yankee x upravená El Alfa x Lil Jon   Bombón (Official Video,D:\projekty\Hudba\music-editor\src\data\segments\samba\9486e48348e51f241be35f3ba1ecf4ba97f9f5a8__s200000ms.wav,200000,10286,,samba
cde29379d33ff46a59c6bf471812619a0f15210e__0ms,cde29379d33ff46a59c6bf471812619a0f15210e,SAMBA Dancing Queen (Quickstep,D:\projekty\Hudba\music-editor\src\data\segments\samba\cde29379d33ff46a59c6bf471812619a0f15210e__s0ms.wav,0,20000,,samba
cde29379d33ff46a59c6bf471812619a0f15210e__20000ms,cde29379d33ff46a59c6bf471812619a0f15210e,SAMBA Dancing Queen (Quickstep,D:\projekty\Hudba\music-editor\src\data\segments\samba\cde29379d33ff46a59c6bf471812619a0f15210e__s20000ms.wav,20000,20000,,samba
cde29379d33ff46a59c6bf471812619a0f15210e__40000ms,cde29379d33ff46a59c6bf471812619a0f15210e,SAMBA Dancing Queen (Quickstep,D:\projekty\Hudba\music-editor\src\data\segments\samba\cde29379d33ff46a59c6bf471812619a0f15210e__s40000ms.wav,40000,20000,,samba
cde29379d33ff46a59c6bf471812619a0f15210e__60000ms,cde29379d33ff46a59c6bf471812619a0f15210e,SAMBA Dancing Queen (Quickstep,D:\projekty\Hudba\music-editor\src\data\segments\samba\cde29379d33ff46a59c6bf471812619a0f15210e__s60000ms.wav,60000,20000,,samba
cde29379d33ff46a59c6bf471812619a0f15210e__80000ms,cde29379d33ff46a59c6bf471812619a0f15210e,SAMBA Dancing Queen (Quickstep,D:\projekty\Hudba\music-editor\src\data\segments\samba\cde29379d33ff46a59c6bf471812619a0f15210e__s80000ms.wav,80000,20000,,samba
cde29379d33ff46a59c6bf471812619a0f15210e__100000ms,cde29379d33ff46a59c6bf471812619a0f15210e,SAMBA Dancing Queen (Quickstep,D:\projekty\Hudba\music-editor\src\data\segments\samba\cde29379d33ff46a59c6bf471812619a0f15210e__s100000ms.wav,100000,20000,,samba
cde29379d33ff46a59c6bf471812619a0f15210e__120000ms,cde29379d33ff46a59c6bf471812619a0f15210e,SAMBA Dancing Queen (Quickstep,D:\projekty\Hudba\music-editor\src\data\segments\samba\cde29379d33ff46a59c6bf471812619a0f15210e__s120000ms.wav,120000,20000,,samba
cde29379d33ff46a59c6bf471812619a0f15210e__140000ms,cde29379d33ff46a59c6bf471812619a0f15210e,SAMBA Dancing Queen (Quickstep,D:\projekty\Hudba\music-editor\src\data\segments\samba\cde29379d33ff46a59c6bf471812619a0f15210e__s140000ms.wav,140000,20000,,samba
cde29379d33ff46a59c6bf471812619a0f15210e__160000ms,cde29379d33ff46a59c6bf471812619a0f15210e,SAMBA Dancing Queen (Quickstep,D:\projekty\Hudba\music-editor\src\data\segments\samba\cde29379d33ff46a59c6bf471812619a0f15210e__s160000ms.wav,160000,20000,,samba
cde29379d33ff46a59c6bf471812619a0f15210e__180000ms,cde29379d33ff46a59c6bf471812619a0f15210e,SAMBA Dancing Queen (Quickstep,D:\projekty\Hudba\music-editor\src\data\segments\samba\cde29379d33ff46a59c6bf471812619a0f15210e__s180000ms.wav,180000,20000,,samba
cde29379d33ff46a59c6bf471812619a0f15210e__200000ms,cde29379d33ff46a59c6bf471812619a0f15210e,SAMBA Dancing Queen (Quickstep,D:\projekty\Hudba\music-editor\src\data\segments\samba\cde29379d33ff46a59c6bf471812619a0f15210e__s200000ms.wav,200000,17104,,samba
91c96e9e35283853cf4a3e61b59663fb57e0f92e__0ms,91c96e9e35283853cf4a3e61b59663fb57e0f92e,SAMBA Devotion   Latin Great Energy 51BP,D:\projekty\Hudba\music-editor\src\data\segments\samba\91c96e9e35283853cf4a3e61b59663fb57e0f92e__s0ms.wav,0,20000,,samba
91c96e9e35283853cf4a3e61b59663fb57e0f92e__20000ms,91c96e9e35283853cf4a3e61b59663fb57e0f92e,SAMBA Devotion   Latin Great Energy 51BP,D:\projekty\Hudba\music-editor\src\data\segments\samba\91c96e9e35283853cf4a3e61b59663fb57e0f92e__s20000ms.wav,20000,20000,,samba
91c96e9e35283853cf4a3e61b59663fb57e0f92e__40000ms,91c96e9e35283853cf4a3e61b59663fb57e0f92e,SAMBA Devotion   Latin Great Energy 51BP,D:\projekty\Hudba\music-editor\src\data\segments\samba\91c96e9e35283853cf4a3e61b59663fb57e0f92e__s40000ms.wav,40000,20000,,samba
91c96e9e35283853cf4a3e61b59663fb57e0f92e__60000ms,91c96e9e35283853cf4a3e61b59663fb57e0f92e,SAMBA Devotion   Latin Great Energy 51BP,D:\projekty\Hudba\music-editor\src\data\segments\samba\91c96e9e35283853cf4a3e61b59663fb57e0f92e__s60000ms.wav,60000,20000,,samba
91c96e9e35283853cf4a3e61b59663fb57e0f92e__80000ms,91c96e9e35283853cf4a3e61b59663fb57e0f92e,SAMBA Devotion   Latin Great Energy 51BP,D:\projekty\Hudba\music-editor\src\data\segments\samba\91c96e9e35283853cf4a3e61b59663fb57e0f92e__s80000ms.wav,80000,20000,,samba
91c96e9e35283853cf4a3e61b59663fb57e0f92e__100000ms,91c96e9e35283853cf4a3e61b59663fb57e0f92e,SAMBA Devotion   Latin Great Energy 51BP,D:\projekty\Hudba\music-editor\src\data\segments\samba\91c96e9e35283853cf4a3e61b59663fb57e0f92e__s100000ms.wav,100000,11203,,samba
a2d9b6f823f8b4a99002ef555b26fb77bd31f38a__0ms,a2d9b6f823f8b4a99002ef555b26fb77bd31f38a,SAMBA Empress Orchestra   I Love You and Do,D:\projekty\Hudba\music-editor\src\data\segments\samba\a2d9b6f823f8b4a99002ef555b26fb77bd31f38a__s0ms.wav,0,20000,,samba
a2d9b6f823f8b4a99002ef555b26fb77bd31f38a__20000ms,a2d9b6f823f8b4a99002ef555b26fb77bd31f38a,SAMBA Empress Orchestra   I Love You and Do,D:\projekty\Hudba\music-editor\src\data\segments\samba\a2d9b6f823f8b4a99002ef555b26fb77bd31f38a__s20000ms.wav,20000,20000,,samba
a2d9b6f823f8b4a99002ef555b26fb77bd31f38a__40000ms,a2d9b6f823f8b4a99002ef555b26fb77bd31f38a,SAMBA Empress Orchestra   I Love You and Do,D:\projekty\Hudba\music-editor\src\data\segments\samba\a2d9b6f823f8b4a99002ef555b26fb77bd31f38a__s40000ms.wav,40000,20000,,samba
a2d9b6f823f8b4a99002ef555b26fb77bd31f38a__60000ms,a2d9b6f823f8b4a99002ef555b26fb77bd31f38a,SAMBA Empress Orchestra   I Love You and Do,D:\projekty\Hudba\music-editor\src\data\segments\samba\a2d9b6f823f8b4a99002ef555b26fb77bd31f38a__s60000ms.wav,60000,20000,,samba
a2d9b6f823f8b4a99002ef555b26fb77bd31f38a__80000ms,a2d9b6f823f8b4a99002ef555b26fb77bd31f38a,SAMBA Empress Orchestra   I Love You and Do,D:\projekty\Hudba\music-editor\src\data\segments\samba\a2d9b6f823f8b4a99002ef555b26fb77bd31f38a__s80000ms.wav,80000,20000,,samba
a2d9b6f823f8b4a99002ef555b26fb77bd31f38a__100000ms,a2d9b6f823f8b4a99002ef555b26fb77bd31f38a,SAMBA Empress Orchestra   I Love You and Do,D:\projekty\Hudba\music-editor\src\data\segments\samba\a2d9b6f823f8b4a99002ef555b26fb77bd31f38a__s100000ms.wav,100000,20000,,samba
7c0df8fb084242219866f586180afe141edfa548__0ms,7c0df8fb084242219866f586180afe141edfa548,SAMBA First Arabian Samba (Samba  50 BPM,D:\projekty\Hudba\music-editor\src\data\segments\samba\7c0df8fb084242219866f586180afe141edfa548__s0ms.wav,0,20000,,samba
7c0df8fb084242219866f586180afe141edfa548__20000ms,7c0df8fb084242219866f586180afe141edfa548,SAMBA First Arabian Samba (Samba  50 BPM,D:\projekty\Hudba\music-editor\src\data\segments\samba\7c0df8fb084242219866f586180afe141edfa548__s20000ms.wav,20000,20000,,samba
7c0df8fb084242219866f586180afe141edfa548__40000ms,7c0df8fb084242219866f586180afe141edfa548,SAMBA First Arabian Samba (Samba  50 BPM,D:\projekty\Hudba\music-editor\src\data\segments\samba\7c0df8fb084242219866f586180afe141edfa548__s40000ms.wav,40000,20000,,samba
7c0df8fb084242219866f586180afe141edfa548__60000ms,7c0df8fb084242219866f586180afe141edfa548,SAMBA First Arabian Samba (Samba  50 BPM,D:\projekty\Hudba\music-editor\src\data\segments\samba\7c0df8fb084242219866f586180afe141edfa548__s60000ms.wav,60000,20000,,samba
7c0df8fb084242219866f586180afe141edfa548__80000ms,7c0df8fb084242219866f586180afe141edfa548,SAMBA First Arabian Samba (Samba  50 BPM,D:\projekty\Hudba\music-editor\src\data\segments\samba\7c0df8fb084242219866f586180afe141edfa548__s80000ms.wav,80000,20000,,samba
7c0df8fb084242219866f586180afe141edfa548__100000ms,7c0df8fb084242219866f586180afe141edfa548,SAMBA First Arabian Samba (Samba  50 BPM,D:\projekty\Hudba\music-editor\src\data\segments\samba\7c0df8fb084242219866f586180afe141edfa548__s100000ms.wav,100000,20000,,samba
7c0df8fb084242219866f586180afe141edfa548__120000ms,7c0df8fb084242219866f586180afe141edfa548,SAMBA First Arabian Samba (Samba  50 BPM,D:\projekty\Hudba\music-editor\src\data\segments\samba\7c0df8fb084242219866f586180afe141edfa548__s120000ms.wav,120000,20000,,samba
7c0df8fb084242219866f586180afe141edfa548__140000ms,7c0df8fb084242219866f586180afe141edfa548,SAMBA First Arabian Samba (Samba  50 BPM,D:\projekty\Hudba\music-editor\src\data\segments\samba\7c0df8fb084242219866f586180afe141edfa548__s140000ms.wav,140000,20000,,samba
287b98d81b66b4254e95b33a6c443894c0cb147d__0ms,287b98d81b66b4254e95b33a6c443894c0cb147d,SAMBA Full Thrift Samba (Samba  50 BPM,D:\projekty\Hudba\music-editor\src\data\segments\samba\287b98d81b66b4254e95b33a6c443894c0cb147d__s0ms.wav,0,20000,,samba
287b98d81b66b4254e95b33a6c443894c0cb147d__20000ms,287b98d81b66b4254e95b33a6c443894c0cb147d,SAMBA Full Thrift Samba (Samba  50 BPM,D:\projekty\Hudba\music-editor\src\data\segments\samba\287b98d81b66b4254e95b33a6c443894c0cb147d__s20000ms.wav,20000,20000,,samba
287b98d81b66b4254e95b33a6c443894c0cb147d__40000ms,287b98d81b66b4254e95b33a6c443894c0cb147d,SAMBA Full Thrift Samba (Samba  50 BPM,D:\projekty\Hudba\music-editor\src\data\segments\samba\287b98d81b66b4254e95b33a6c443894c0cb147d__s40000ms.wav,40000,20000,,samba
287b98d81b66b4254e95b33a6c443894c0cb147d__60000ms,287b98d81b66b4254e95b33a6c443894c0cb147d,SAMBA Full Thrift Samba (Samba  50 BPM,D:\projekty\Hudba\music-editor\src\data\segments\samba\287b98d81b66b4254e95b33a6c443894c0cb147d__s60000ms.wav,60000,20000,,samba
287b98d81b66b4254e95b33a6c443894c0cb147d__80000ms,287b98d81b66b4254e95b33a6c443894c0cb147d,SAMBA Full Thrift Samba (Samba  50 BPM,D:\projekty\Hudba\music-editor\src\data\segments\samba\287b98d81b66b4254e95b33a6c443894c0cb147d__s80000ms.wav,80000,20000,,samba
287b98d81b66b4254e95b33a6c443894c0cb147d__100000ms,287b98d81b66b4254e95b33a6c443894c0cb147d,SAMBA Full Thrift Samba (Samba  50 BPM,D:\projekty\Hudba\music-editor\src\data\segments\samba\287b98d81b66b4254e95b33a6c443894c0cb147d__s100000ms.wav,100000,20000,,samba
287b98d81b66b4254e95b33a6c443894c0cb147d__120000ms,287b98d81b66b4254e95b33a6c443894c0cb147d,SAMBA Full Thrift Samba (Samba  50 BPM,D:\projekty\Hudba\music-editor\src\data\segments\samba\287b98d81b66b4254e95b33a6c443894c0cb147d__s120000ms.wav,120000,10220,,samba
bcb84b6dce785852db6a075159b58850c735e431__0ms,bcb84b6dce785852db6a075159b58850c735e431,SAMBA Gigi D'Alessio   'Mi chica bomba'   'Noi Siamo D'Alessiani Official Group',D:\projekty\Hudba\music-editor\src\data\segments\samba\bcb84b6dce785852db6a075159b58850c735e431__s0ms.wav,0,20000,,samba
bcb84b6dce785852db6a075159b58850c735e431__20000ms,bcb84b6dce785852db6a075159b58850c735e431,SAMBA Gigi D'Alessio   'Mi chica bomba'   'Noi Siamo D'Alessiani Official Group',D:\projekty\Hudba\music-editor\src\data\segments\samba\bcb84b6dce785852db6a075159b58850c735e431__s20000ms.wav,20000,20000,,samba
bcb84b6dce785852db6a075159b58850c735e431__40000ms,bcb84b6dce785852db6a075159b58850c735e431,SAMBA Gigi D'Alessio   'Mi chica bomba'   'Noi Siamo D'Alessiani Official Group',D:\projekty\Hudba\music-editor\src\data\segments\samba\bcb84b6dce785852db6a075159b58850c735e431__s40000ms.wav,40000,20000,,samba
bcb84b6dce785852db6a075159b58850c735e431__60000ms,bcb84b6dce785852db6a075159b58850c735e431,SAMBA Gigi D'Alessio   'Mi chica bomba'   'Noi Siamo D'Alessiani Official Group',D:\projekty\Hudba\music-editor\src\data\segments\samba\bcb84b6dce785852db6a075159b58850c735e431__s60000ms.wav,60000,20000,,samba
bcb84b6dce785852db6a075159b58850c735e431__80000ms,bcb84b6dce785852db6a075159b58850c735e431,SAMBA Gigi D'Alessio   'Mi chica bomba'   'Noi Siamo D'Alessiani Official Group',D:\projekty\Hudba\music-editor\src\data\segments\samba\bcb84b6dce785852db6a075159b58850c735e431__s80000ms.wav,80000,20000,,samba
bcb84b6dce785852db6a075159b58850c735e431__100000ms,bcb84b6dce785852db6a075159b58850c735e431,SAMBA Gigi D'Alessio   'Mi chica bomba'   'Noi Siamo D'Alessiani Official Group',D:\projekty\Hudba\music-editor\src\data\segments\samba\bcb84b6dce785852db6a075159b58850c735e431__s100000ms.wav,100000,20000,,samba
bcb84b6dce785852db6a075159b58850c735e431__120000ms,bcb84b6dce785852db6a075159b58850c735e431,SAMBA Gigi D'Alessio   'Mi chica bomba'   'Noi Siamo D'Alessiani Official Group',D:\projekty\Hudba\music-editor\src\data\segments\samba\bcb84b6dce785852db6a075159b58850c735e431__s120000ms.wav,120000,20000,,samba
bcb84b6dce785852db6a075159b58850c735e431__140000ms,bcb84b6dce785852db6a075159b58850c735e431,SAMBA Gigi D'Alessio   'Mi chica bomba'   'Noi Siamo D'Alessiani Official Group',D:\projekty\Hudba\music-editor\src\data\segments\samba\bcb84b6dce785852db6a075159b58850c735e431__s140000ms.wav,140000,20000,,samba
bcb84b6dce785852db6a075159b58850c735e431__160000ms,bcb84b6dce785852db6a075159b58850c735e431,SAMBA Gigi D'Alessio   'Mi chica bomba'   'Noi Siamo D'Alessiani Official Group',D:\projekty\Hudba\music-editor\src\data\segments\samba\bcb84b6dce785852db6a075159b58850c735e431__s160000ms.wav,160000,20000,,samba
bcb84b6dce785852db6a075159b58850c735e431__180000ms,bcb84b6dce785852db6a075159b58850c735e431,SAMBA Gigi D'Alessio   'Mi chica bomba'   'Noi Siamo D'Alessiani Official Group',D:\projekty\Hudba\music-editor\src\data\segments\samba\bcb84b6dce785852db6a075159b58850c735e431__s180000ms.wav,180000,20000,,samba
bcb84b6dce785852db6a075159b58850c735e431__200000ms,bcb84b6dce785852db6a075159b58850c735e431,SAMBA Gigi D'Alessio   'Mi chica bomba'   'Noi Siamo D'Alessiani Official Group',D:\projekty\Hudba\music-editor\src\data\segments\samba\bcb84b6dce785852db6a075159b58850c735e431__s200000ms.wav,200000,14753,,samba
beaa1b263f9b4e73e724d9f0860da6e83530a192__0ms,beaa1b263f9b4e73e724d9f0860da6e83530a192,SAMBA Give It Up ►SAMBA MUSIC MIX 3,D:\projekty\Hudba\music-editor\src\data\segments\samba\beaa1b263f9b4e73e724d9f0860da6e83530a192__s0ms.wav,0,20000,,samba
beaa1b263f9b4e73e724d9f0860da6e83530a192__20000ms,beaa1b263f9b4e73e724d9f0860da6e83530a192,SAMBA Give It Up ►SAMBA MUSIC MIX 3,D:\projekty\Hudba\music-editor\src\data\segments\samba\beaa1b263f9b4e73e724d9f0860da6e83530a192__s20000ms.wav,20000,20000,,samba
beaa1b263f9b4e73e724d9f0860da6e83530a192__40000ms,beaa1b263f9b4e73e724d9f0860da6e83530a192,SAMBA Give It Up ►SAMBA MUSIC MIX 3,D:\projekty\Hudba\music-editor\src\data\segments\samba\beaa1b263f9b4e73e724d9f0860da6e83530a192__s40000ms.wav,40000,20000,,samba
beaa1b263f9b4e73e724d9f0860da6e83530a192__60000ms,beaa1b263f9b4e73e724d9f0860da6e83530a192,SAMBA Give It Up ►SAMBA MUSIC MIX 3,D:\projekty\Hudba\music-editor\src\data\segments\samba\beaa1b263f9b4e73e724d9f0860da6e83530a192__s60000ms.wav,60000,20000,,samba
beaa1b263f9b4e73e724d9f0860da6e83530a192__80000ms,beaa1b263f9b4e73e724d9f0860da6e83530a192,SAMBA Give It Up ►SAMBA MUSIC MIX 3,D:\projekty\Hudba\music-editor\src\data\segments\samba\beaa1b263f9b4e73e724d9f0860da6e83530a192__s80000ms.wav,80000,20000,,samba
beaa1b263f9b4e73e724d9f0860da6e83530a192__100000ms,beaa1b263f9b4e73e724d9f0860da6e83530a192,SAMBA Give It Up ►SAMBA MUSIC MIX 3,D:\projekty\Hudba\music-editor\src\data\segments\samba\beaa1b263f9b4e73e724d9f0860da6e83530a192__s100000ms.wav,100000,20000,,samba
beaa1b263f9b4e73e724d9f0860da6e83530a192__120000ms,beaa1b263f9b4e73e724d9f0860da6e83530a192,SAMBA Give It Up ►SAMBA MUSIC MIX 3,D:\projekty\Hudba\music-editor\src\data\segments\samba\beaa1b263f9b4e73e724d9f0860da6e83530a192__s120000ms.wav,120000,20000,,samba
beaa1b263f9b4e73e724d9f0860da6e83530a192__140000ms,beaa1b263f9b4e73e724d9f0860da6e83530a192,SAMBA Give It Up ►SAMBA MUSIC MIX 3,D:\projekty\Hudba\music-editor\src\data\segments\samba\beaa1b263f9b4e73e724d9f0860da6e83530a192__s140000ms.wav,140000,20000,,samba
beaa1b263f9b4e73e724d9f0860da6e83530a192__160000ms,beaa1b263f9b4e73e724d9f0860da6e83530a192,SAMBA Give It Up ►SAMBA MUSIC MIX 3,D:\projekty\Hudba\music-editor\src\data\segments\samba\beaa1b263f9b4e73e724d9f0860da6e83530a192__s160000ms.wav,160000,20000,,samba
beaa1b263f9b4e73e724d9f0860da6e83530a192__180000ms,beaa1b263f9b4e73e724d9f0860da6e83530a192,SAMBA Give It Up ►SAMBA MUSIC MIX 3,D:\projekty\Hudba\music-editor\src\data\segments\samba\beaa1b263f9b4e73e724d9f0860da6e83530a192__s180000ms.wav,180000,20000,,samba
beaa1b263f9b4e73e724d9f0860da6e83530a192__200000ms,beaa1b263f9b4e73e724d9f0860da6e83530a192,SAMBA Give It Up ►SAMBA MUSIC MIX 3,D:\projekty\Hudba\music-editor\src\data\segments\samba\beaa1b263f9b4e73e724d9f0860da6e83530a192__s200000ms.wav,200000,20000,,samba
beaa1b263f9b4e73e724d9f0860da6e83530a192__220000ms,beaa1b263f9b4e73e724d9f0860da6e83530a192,SAMBA Give It Up ►SAMBA MUSIC MIX 3,D:\projekty\Hudba\music-editor\src\data\segments\samba\beaa1b263f9b4e73e724d9f0860da6e83530a192__s220000ms.wav,220000,13718,,samba
c9f1467956b812a821521e864fd6e9703c5eb937__0ms,c9f1467956b812a821521e864fd6e9703c5eb937,SAMBA Hotel California (Samba  50 Bpm,D:\projekty\Hudba\music-editor\src\data\segments\samba\c9f1467956b812a821521e864fd6e9703c5eb937__s0ms.wav,0,20000,,samba
c9f1467956b812a821521e864fd6e9703c5eb937__20000ms,c9f1467956b812a821521e864fd6e9703c5eb937,SAMBA Hotel California (Samba  50 Bpm,D:\projekty\Hudba\music-editor\src\data\segments\samba\c9f1467956b812a821521e864fd6e9703c5eb937__s20000ms.wav,20000,20000,,samba
c9f1467956b812a821521e864fd6e9703c5eb937__40000ms,c9f1467956b812a821521e864fd6e9703c5eb937,SAMBA Hotel California (Samba  50 Bpm,D:\projekty\Hudba\music-editor\src\data\segments\samba\c9f1467956b812a821521e864fd6e9703c5eb937__s40000ms.wav,40000,20000,,samba
c9f1467956b812a821521e864fd6e9703c5eb937__60000ms,c9f1467956b812a821521e864fd6e9703c5eb937,SAMBA Hotel California (Samba  50 Bpm,D:\projekty\Hudba\music-editor\src\data\segments\samba\c9f1467956b812a821521e864fd6e9703c5eb937__s60000ms.wav,60000,20000,,samba
c9f1467956b812a821521e864fd6e9703c5eb937__80000ms,c9f1467956b812a821521e864fd6e9703c5eb937,SAMBA Hotel California (Samba  50 Bpm,D:\projekty\Hudba\music-editor\src\data\segments\samba\c9f1467956b812a821521e864fd6e9703c5eb937__s80000ms.wav,80000,20000,,samba
c9f1467956b812a821521e864fd6e9703c5eb937__100000ms,c9f1467956b812a821521e864fd6e9703c5eb937,SAMBA Hotel California (Samba  50 Bpm,D:\projekty\Hudba\music-editor\src\data\segments\samba\c9f1467956b812a821521e864fd6e9703c5eb937__s100000ms.wav,100000,20000,,samba
c9f1467956b812a821521e864fd6e9703c5eb937__120000ms,c9f1467956b812a821521e864fd6e9703c5eb937,SAMBA Hotel California (Samba  50 Bpm,D:\projekty\Hudba\music-editor\src\data\segments\samba\c9f1467956b812a821521e864fd6e9703c5eb937__s120000ms.wav,120000,20000,,samba
c9f1467956b812a821521e864fd6e9703c5eb937__140000ms,c9f1467956b812a821521e864fd6e9703c5eb937,SAMBA Hotel California (Samba  50 Bpm,D:\projekty\Hudba\music-editor\src\data\segments\samba\c9f1467956b812a821521e864fd6e9703c5eb937__s140000ms.wav,140000,20000,,samba
c9f1467956b812a821521e864fd6e9703c5eb937__160000ms,c9f1467956b812a821521e864fd6e9703c5eb937,SAMBA Hotel California (Samba  50 Bpm,D:\projekty\Hudba\music-editor\src\data\segments\samba\c9f1467956b812a821521e864fd6e9703c5eb937__s160000ms.wav,160000,20000,,samba
c9f1467956b812a821521e864fd6e9703c5eb937__180000ms,c9f1467956b812a821521e864fd6e9703c5eb937,SAMBA Hotel California (Samba  50 Bpm,D:\projekty\Hudba\music-editor\src\data\segments\samba\c9f1467956b812a821521e864fd6e9703c5eb937__s180000ms.wav,180000,20000,,samba
c9f1467956b812a821521e864fd6e9703c5eb937__200000ms,c9f1467956b812a821521e864fd6e9703c5eb937,SAMBA Hotel California (Samba  50 Bpm,D:\projekty\Hudba\music-editor\src\data\segments\samba\c9f1467956b812a821521e864fd6e9703c5eb937__s200000ms.wav,200000,20000,,samba
c9f1467956b812a821521e864fd6e9703c5eb937__220000ms,c9f1467956b812a821521e864fd6e9703c5eb937,SAMBA Hotel California (Samba  50 Bpm,D:\projekty\Hudba\music-editor\src\data\segments\samba\c9f1467956b812a821521e864fd6e9703c5eb937__s220000ms.wav,220000,20000,,samba
c9f1467956b812a821521e864fd6e9703c5eb937__240000ms,c9f1467956b812a821521e864fd6e9703c5eb937,SAMBA Hotel California (Samba  50 Bpm,D:\projekty\Hudba\music-editor\src\data\segments\samba\c9f1467956b812a821521e864fd6e9703c5eb937__s240000ms.wav,240000,20000,,samba
c9f1467956b812a821521e864fd6e9703c5eb937__260000ms,c9f1467956b812a821521e864fd6e9703c5eb937,SAMBA Hotel California (Samba  50 Bpm,D:\projekty\Hudba\music-editor\src\data\segments\samba\c9f1467956b812a821521e864fd6e9703c5eb937__s260000ms.wav,260000,16245,,samba
29749797554a47d2c0dd60e86b6df4712fb201a3__0ms,29749797554a47d2c0dd60e86b6df4712fb201a3,SAMBA Iko Iko (Samba 51 BPM),D:\projekty\Hudba\music-editor\src\data\segments\samba\29749797554a47d2c0dd60e86b6df4712fb201a3__s0ms.wav,0,20000,,samba
29749797554a47d2c0dd60e86b6df4712fb201a3__20000ms,29749797554a47d2c0dd60e86b6df4712fb201a3,SAMBA Iko Iko (Samba 51 BPM),D:\projekty\Hudba\music-editor\src\data\segments\samba\29749797554a47d2c0dd60e86b6df4712fb201a3__s20000ms.wav,20000,20000,,samba
29749797554a47d2c0dd60e86b6df4712fb201a3__40000ms,29749797554a47d2c0dd60e86b6df4712fb201a3,SAMBA Iko Iko (Samba 51 BPM),D:\projekty\Hudba\music-editor\src\data\segments\samba\29749797554a47d2c0dd60e86b6df4712fb201a3__s40000ms.wav,40000,20000,,samba
29749797554a47d2c0dd60e86b6df4712fb201a3__60000ms,29749797554a47d2c0dd60e86b6df4712fb201a3,SAMBA Iko Iko (Samba 51 BPM),D:\projekty\Hudba\music-editor\src\data\segments\samba\29749797554a47d2c0dd60e86b6df4712fb201a3__s60000ms.wav,60000,20000,,samba
29749797554a47d2c0dd60e86b6df4712fb201a3__80000ms,29749797554a47d2c0dd60e86b6df4712fb201a3,SAMBA Iko Iko (Samba 51 BPM),D:\projekty\Hudba\music-editor\src\data\segments\samba\29749797554a47d2c0dd60e86b6df4712fb201a3__s80000ms.wav,80000,20000,,samba
29749797554a47d2c0dd60e86b6df4712fb201a3__100000ms,29749797554a47d2c0dd60e86b6df4712fb201a3,SAMBA Iko Iko (Samba 51 BPM),D:\projekty\Hudba\music-editor\src\data\segments\samba\29749797554a47d2c0dd60e86b6df4712fb201a3__s100000ms.wav,100000,20000,,samba
1691baa9d5b29750406851ccd48593403823c6db__0ms,1691baa9d5b29750406851ccd48593403823c6db,SAMBA INNA x Sean Paul   Up (Official Video,D:\projekty\Hudba\music-editor\src\data\segments\samba\1691baa9d5b29750406851ccd48593403823c6db__s0ms.wav,0,20000,,samba
1691baa9d5b29750406851ccd48593403823c6db__20000ms,1691baa9d5b29750406851ccd48593403823c6db,SAMBA INNA x Sean Paul   Up (Official Video,D:\projekty\Hudba\music-editor\src\data\segments\samba\1691baa9d5b29750406851ccd48593403823c6db__s20000ms.wav,20000,20000,,samba
1691baa9d5b29750406851ccd48593403823c6db__40000ms,1691baa9d5b29750406851ccd48593403823c6db,SAMBA INNA x Sean Paul   Up (Official Video,D:\projekty\Hudba\music-editor\src\data\segments\samba\1691baa9d5b29750406851ccd48593403823c6db__s40000ms.wav,40000,20000,,samba
1691baa9d5b29750406851ccd48593403823c6db__60000ms,1691baa9d5b29750406851ccd48593403823c6db,SAMBA INNA x Sean Paul   Up (Official Video,D:\projekty\Hudba\music-editor\src\data\segments\samba\1691baa9d5b29750406851ccd48593403823c6db__s60000ms.wav,60000,20000,,samba
1691baa9d5b29750406851ccd48593403823c6db__80000ms,1691baa9d5b29750406851ccd48593403823c6db,SAMBA INNA x Sean Paul   Up (Official Video,D:\projekty\Hudba\music-editor\src\data\segments\samba\1691baa9d5b29750406851ccd48593403823c6db__s80000ms.wav,80000,20000,,samba
1691baa9d5b29750406851ccd48593403823c6db__100000ms,1691baa9d5b29750406851ccd48593403823c6db,SAMBA INNA x Sean Paul   Up (Official Video,D:\projekty\Hudba\music-editor\src\data\segments\samba\1691baa9d5b29750406851ccd48593403823c6db__s100000ms.wav,100000,20000,,samba
1691baa9d5b29750406851ccd48593403823c6db__120000ms,1691baa9d5b29750406851ccd48593403823c6db,SAMBA INNA x Sean Paul   Up (Official Video,D:\projekty\Hudba\music-editor\src\data\segments\samba\1691baa9d5b29750406851ccd48593403823c6db__s120000ms.wav,120000,20000,,samba
1691baa9d5b29750406851ccd48593403823c6db__140000ms,1691baa9d5b29750406851ccd48593403823c6db,SAMBA INNA x Sean Paul   Up (Official Video,D:\projekty\Hudba\music-editor\src\data\segments\samba\1691baa9d5b29750406851ccd48593403823c6db__s140000ms.wav,140000,9577,,samba
d80efe2bb4c799020b0350bc0de65790d62c54d9__0ms,d80efe2bb4c799020b0350bc0de65790d62c54d9,SAMBA Jingle Bells (Samba,D:\projekty\Hudba\music-editor\src\data\segments\samba\d80efe2bb4c799020b0350bc0de65790d62c54d9__s0ms.wav,0,20000,,samba
d80efe2bb4c799020b0350bc0de65790d62c54d9__20000ms,d80efe2bb4c799020b0350bc0de65790d62c54d9,SAMBA Jingle Bells (Samba,D:\projekty\Hudba\music-editor\src\data\segments\samba\d80efe2bb4c799020b0350bc0de65790d62c54d9__s20000ms.wav,20000,20000,,samba
d80efe2bb4c799020b0350bc0de65790d62c54d9__40000ms,d80efe2bb4c799020b0350bc0de65790d62c54d9,SAMBA Jingle Bells (Samba,D:\projekty\Hudba\music-editor\src\data\segments\samba\d80efe2bb4c799020b0350bc0de65790d62c54d9__s40000ms.wav,40000,20000,,samba
d80efe2bb4c799020b0350bc0de65790d62c54d9__60000ms,d80efe2bb4c799020b0350bc0de65790d62c54d9,SAMBA Jingle Bells (Samba,D:\projekty\Hudba\music-editor\src\data\segments\samba\d80efe2bb4c799020b0350bc0de65790d62c54d9__s60000ms.wav,60000,20000,,samba
d80efe2bb4c799020b0350bc0de65790d62c54d9__80000ms,d80efe2bb4c799020b0350bc0de65790d62c54d9,SAMBA Jingle Bells (Samba,D:\projekty\Hudba\music-editor\src\data\segments\samba\d80efe2bb4c799020b0350bc0de65790d62c54d9__s80000ms.wav,80000,20000,,samba
d80efe2bb4c799020b0350bc0de65790d62c54d9__100000ms,d80efe2bb4c799020b0350bc0de65790d62c54d9,SAMBA Jingle Bells (Samba,D:\projekty\Hudba\music-editor\src\data\segments\samba\d80efe2bb4c799020b0350bc0de65790d62c54d9__s100000ms.wav,100000,20000,,samba
d80efe2bb4c799020b0350bc0de65790d62c54d9__120000ms,d80efe2bb4c799020b0350bc0de65790d62c54d9,SAMBA Jingle Bells (Samba,D:\projekty\Hudba\music-editor\src\data\segments\samba\d80efe2bb4c799020b0350bc0de65790d62c54d9__s120000ms.wav,120000,20000,,samba
d80efe2bb4c799020b0350bc0de65790d62c54d9__140000ms,d80efe2bb4c799020b0350bc0de65790d62c54d9,SAMBA Jingle Bells (Samba,D:\projekty\Hudba\music-editor\src\data\segments\samba\d80efe2bb4c799020b0350bc0de65790d62c54d9__s140000ms.wav,140000,20000,,samba
d80efe2bb4c799020b0350bc0de65790d62c54d9__160000ms,d80efe2bb4c799020b0350bc0de65790d62c54d9,SAMBA Jingle Bells (Samba,D:\projekty\Hudba\music-editor\src\data\segments\samba\d80efe2bb4c799020b0350bc0de65790d62c54d9__s160000ms.wav,160000,20000,,samba
d80efe2bb4c799020b0350bc0de65790d62c54d9__180000ms,d80efe2bb4c799020b0350bc0de65790d62c54d9,SAMBA Jingle Bells (Samba,D:\projekty\Hudba\music-editor\src\data\segments\samba\d80efe2bb4c799020b0350bc0de65790d62c54d9__s180000ms.wav,180000,20000,,samba
d80efe2bb4c799020b0350bc0de65790d62c54d9__200000ms,d80efe2bb4c799020b0350bc0de65790d62c54d9,SAMBA Jingle Bells (Samba,D:\projekty\Hudba\music-editor\src\data\segments\samba\d80efe2bb4c799020b0350bc0de65790d62c54d9__s200000ms.wav,200000,20000,,samba
d80efe2bb4c799020b0350bc0de65790d62c54d9__220000ms,d80efe2bb4c799020b0350bc0de65790d62c54d9,SAMBA Jingle Bells (Samba,D:\projekty\Hudba\music-editor\src\data\segments\samba\d80efe2bb4c799020b0350bc0de65790d62c54d9__s220000ms.wav,220000,20000,,samba
d80efe2bb4c799020b0350bc0de65790d62c54d9__240000ms,d80efe2bb4c799020b0350bc0de65790d62c54d9,SAMBA Jingle Bells (Samba,D:\projekty\Hudba\music-editor\src\data\segments\samba\d80efe2bb4c799020b0350bc0de65790d62c54d9__s240000ms.wav,240000,20000,,samba
d80efe2bb4c799020b0350bc0de65790d62c54d9__260000ms,d80efe2bb4c799020b0350bc0de65790d62c54d9,SAMBA Jingle Bells (Samba,D:\projekty\Hudba\music-editor\src\data\segments\samba\d80efe2bb4c799020b0350bc0de65790d62c54d9__s260000ms.wav,260000,20000,,samba
d80efe2bb4c799020b0350bc0de65790d62c54d9__280000ms,d80efe2bb4c799020b0350bc0de65790d62c54d9,SAMBA Jingle Bells (Samba,D:\projekty\Hudba\music-editor\src\data\segments\samba\d80efe2bb4c799020b0350bc0de65790d62c54d9__s280000ms.wav,280000,16464,,samba
13b638c775555cc6f77e8192e01fe712969eec29__0ms,13b638c775555cc6f77e8192e01fe712969eec29,SAMBA John Lennon   Give Peace A Chance 196,D:\projekty\Hudba\music-editor\src\data\segments\samba\13b638c775555cc6f77e8192e01fe712969eec29__s0ms.wav,0,20000,,samba
13b638c775555cc6f77e8192e01fe712969eec29__20000ms,13b638c775555cc6f77e8192e01fe712969eec29,SAMBA John Lennon   Give Peace A Chance 196,D:\projekty\Hudba\music-editor\src\data\segments\samba\13b638c775555cc6f77e8192e01fe712969eec29__s20000ms.wav,20000,20000,,samba
13b638c775555cc6f77e8192e01fe712969eec29__40000ms,13b638c775555cc6f77e8192e01fe712969eec29,SAMBA John Lennon   Give Peace A Chance 196,D:\projekty\Hudba\music-editor\src\data\segments\samba\13b638c775555cc6f77e8192e01fe712969eec29__s40000ms.wav,40000,20000,,samba
13b638c775555cc6f77e8192e01fe712969eec29__60000ms,13b638c775555cc6f77e8192e01fe712969eec29,SAMBA John Lennon   Give Peace A Chance 196,D:\projekty\Hudba\music-editor\src\data\segments\samba\13b638c775555cc6f77e8192e01fe712969eec29__s60000ms.wav,60000,20000,,samba
13b638c775555cc6f77e8192e01fe712969eec29__80000ms,13b638c775555cc6f77e8192e01fe712969eec29,SAMBA John Lennon   Give Peace A Chance 196,D:\projekty\Hudba\music-editor\src\data\segments\samba\13b638c775555cc6f77e8192e01fe712969eec29__s80000ms.wav,80000,20000,,samba
13b638c775555cc6f77e8192e01fe712969eec29__100000ms,13b638c775555cc6f77e8192e01fe712969eec29,SAMBA John Lennon   Give Peace A Chance 196,D:\projekty\Hudba\music-editor\src\data\segments\samba\13b638c775555cc6f77e8192e01fe712969eec29__s100000ms.wav,100000,20000,,samba
13b638c775555cc6f77e8192e01fe712969eec29__120000ms,13b638c775555cc6f77e8192e01fe712969eec29,SAMBA John Lennon   Give Peace A Chance 196,D:\projekty\Hudba\music-editor\src\data\segments\samba\13b638c775555cc6f77e8192e01fe712969eec29__s120000ms.wav,120000,20000,,samba
13b638c775555cc6f77e8192e01fe712969eec29__140000ms,13b638c775555cc6f77e8192e01fe712969eec29,SAMBA John Lennon   Give Peace A Chance 196,D:\projekty\Hudba\music-editor\src\data\segments\samba\13b638c775555cc6f77e8192e01fe712969eec29__s140000ms.wav,140000,20000,,samba
13b638c775555cc6f77e8192e01fe712969eec29__160000ms,13b638c775555cc6f77e8192e01fe712969eec29,SAMBA John Lennon   Give Peace A Chance 196,D:\projekty\Hudba\music-editor\src\data\segments\samba\13b638c775555cc6f77e8192e01fe712969eec29__s160000ms.wav,160000,20000,,samba
13b638c775555cc6f77e8192e01fe712969eec29__180000ms,13b638c775555cc6f77e8192e01fe712969eec29,SAMBA John Lennon   Give Peace A Chance 196,D:\projekty\Hudba\music-editor\src\data\segments\samba\13b638c775555cc6f77e8192e01fe712969eec29__s180000ms.wav,180000,20000,,samba
13b638c775555cc6f77e8192e01fe712969eec29__200000ms,13b638c775555cc6f77e8192e01fe712969eec29,SAMBA John Lennon   Give Peace A Chance 196,D:\projekty\Hudba\music-editor\src\data\segments\samba\13b638c775555cc6f77e8192e01fe712969eec29__s200000ms.wav,200000,20000,,samba
13b638c775555cc6f77e8192e01fe712969eec29__220000ms,13b638c775555cc6f77e8192e01fe712969eec29,SAMBA John Lennon   Give Peace A Chance 196,D:\projekty\Hudba\music-editor\src\data\segments\samba\13b638c775555cc6f77e8192e01fe712969eec29__s220000ms.wav,220000,20000,,samba
13b638c775555cc6f77e8192e01fe712969eec29__240000ms,13b638c775555cc6f77e8192e01fe712969eec29,SAMBA John Lennon   Give Peace A Chance 196,D:\projekty\Hudba\music-editor\src\data\segments\samba\13b638c775555cc6f77e8192e01fe712969eec29__s240000ms.wav,240000,20000,,samba
13b638c775555cc6f77e8192e01fe712969eec29__260000ms,13b638c775555cc6f77e8192e01fe712969eec29,SAMBA John Lennon   Give Peace A Chance 196,D:\projekty\Hudba\music-editor\src\data\segments\samba\13b638c775555cc6f77e8192e01fe712969eec29__s260000ms.wav,260000,20000,,samba
13b638c775555cc6f77e8192e01fe712969eec29__280000ms,13b638c775555cc6f77e8192e01fe712969eec29,SAMBA John Lennon   Give Peace A Chance 196,D:\projekty\Hudba\music-editor\src\data\segments\samba\13b638c775555cc6f77e8192e01fe712969eec29__s280000ms.wav,280000,20000,,samba
13b638c775555cc6f77e8192e01fe712969eec29__300000ms,13b638c775555cc6f77e8192e01fe712969eec29,SAMBA John Lennon   Give Peace A Chance 196,D:\projekty\Hudba\music-editor\src\data\segments\samba\13b638c775555cc6f77e8192e01fe712969eec29__s300000ms.wav,300000,9603,,samba
d3c03c729eb4db3f4bf5642fe2ed7096633418ac__0ms,d3c03c729eb4db3f4bf5642fe2ed7096633418ac,Samba Justin Wellington   Iko Iko (My Bestie) feat Small Ja,D:\projekty\Hudba\music-editor\src\data\segments\samba\d3c03c729eb4db3f4bf5642fe2ed7096633418ac__s0ms.wav,0,20000,,samba
d3c03c729eb4db3f4bf5642fe2ed7096633418ac__20000ms,d3c03c729eb4db3f4bf5642fe2ed7096633418ac,Samba Justin Wellington   Iko Iko (My Bestie) feat Small Ja,D:\projekty\Hudba\music-editor\src\data\segments\samba\d3c03c729eb4db3f4bf5642fe2ed7096633418ac__s20000ms.wav,20000,20000,,samba
d3c03c729eb4db3f4bf5642fe2ed7096633418ac__40000ms,d3c03c729eb4db3f4bf5642fe2ed7096633418ac,Samba Justin Wellington   Iko Iko (My Bestie) feat Small Ja,D:\projekty\Hudba\music-editor\src\data\segments\samba\d3c03c729eb4db3f4bf5642fe2ed7096633418ac__s40000ms.wav,40000,20000,,samba
d3c03c729eb4db3f4bf5642fe2ed7096633418ac__60000ms,d3c03c729eb4db3f4bf5642fe2ed7096633418ac,Samba Justin Wellington   Iko Iko (My Bestie) feat Small Ja,D:\projekty\Hudba\music-editor\src\data\segments\samba\d3c03c729eb4db3f4bf5642fe2ed7096633418ac__s60000ms.wav,60000,20000,,samba
d3c03c729eb4db3f4bf5642fe2ed7096633418ac__80000ms,d3c03c729eb4db3f4bf5642fe2ed7096633418ac,Samba Justin Wellington   Iko Iko (My Bestie) feat Small Ja,D:\projekty\Hudba\music-editor\src\data\segments\samba\d3c03c729eb4db3f4bf5642fe2ed7096633418ac__s80000ms.wav,80000,20000,,samba
d3c03c729eb4db3f4bf5642fe2ed7096633418ac__100000ms,d3c03c729eb4db3f4bf5642fe2ed7096633418ac,Samba Justin Wellington   Iko Iko (My Bestie) feat Small Ja,D:\projekty\Hudba\music-editor\src\data\segments\samba\d3c03c729eb4db3f4bf5642fe2ed7096633418ac__s100000ms.wav,100000,20000,,samba
d3c03c729eb4db3f4bf5642fe2ed7096633418ac__120000ms,d3c03c729eb4db3f4bf5642fe2ed7096633418ac,Samba Justin Wellington   Iko Iko (My Bestie) feat Small Ja,D:\projekty\Hudba\music-editor\src\data\segments\samba\d3c03c729eb4db3f4bf5642fe2ed7096633418ac__s120000ms.wav,120000,20000,,samba
d3c03c729eb4db3f4bf5642fe2ed7096633418ac__140000ms,d3c03c729eb4db3f4bf5642fe2ed7096633418ac,Samba Justin Wellington   Iko Iko (My Bestie) feat Small Ja,D:\projekty\Hudba\music-editor\src\data\segments\samba\d3c03c729eb4db3f4bf5642fe2ed7096633418ac__s140000ms.wav,140000,20000,,samba
d3c03c729eb4db3f4bf5642fe2ed7096633418ac__160000ms,d3c03c729eb4db3f4bf5642fe2ed7096633418ac,Samba Justin Wellington   Iko Iko (My Bestie) feat Small Ja,D:\projekty\Hudba\music-editor\src\data\segments\samba\d3c03c729eb4db3f4bf5642fe2ed7096633418ac__s160000ms.wav,160000,20000,,samba
98413ca207e526eaad50c48396332d0f96d9b380__0ms,98413ca207e526eaad50c48396332d0f96d9b380,SAMBA Karl Schmidt Big Band   Coco Jambo (Samba,D:\projekty\Hudba\music-editor\src\data\segments\samba\98413ca207e526eaad50c48396332d0f96d9b380__s0ms.wav,0,20000,,samba
98413ca207e526eaad50c48396332d0f96d9b380__20000ms,98413ca207e526eaad50c48396332d0f96d9b380,SAMBA Karl Schmidt Big Band   Coco Jambo (Samba,D:\projekty\Hudba\music-editor\src\data\segments\samba\98413ca207e526eaad50c48396332d0f96d9b380__s20000ms.wav,20000,20000,,samba
98413ca207e526eaad50c48396332d0f96d9b380__40000ms,98413ca207e526eaad50c48396332d0f96d9b380,SAMBA Karl Schmidt Big Band   Coco Jambo (Samba,D:\projekty\Hudba\music-editor\src\data\segments\samba\98413ca207e526eaad50c48396332d0f96d9b380__s40000ms.wav,40000,20000,,samba
98413ca207e526eaad50c48396332d0f96d9b380__60000ms,98413ca207e526eaad50c48396332d0f96d9b380,SAMBA Karl Schmidt Big Band   Coco Jambo (Samba,D:\projekty\Hudba\music-editor\src\data\segments\samba\98413ca207e526eaad50c48396332d0f96d9b380__s60000ms.wav,60000,20000,,samba
98413ca207e526eaad50c48396332d0f96d9b380__80000ms,98413ca207e526eaad50c48396332d0f96d9b380,SAMBA Karl Schmidt Big Band   Coco Jambo (Samba,D:\projekty\Hudba\music-editor\src\data\segments\samba\98413ca207e526eaad50c48396332d0f96d9b380__s80000ms.wav,80000,20000,,samba
98413ca207e526eaad50c48396332d0f96d9b380__100000ms,98413ca207e526eaad50c48396332d0f96d9b380,SAMBA Karl Schmidt Big Band   Coco Jambo (Samba,D:\projekty\Hudba\music-editor\src\data\segments\samba\98413ca207e526eaad50c48396332d0f96d9b380__s100000ms.wav,100000,20000,,samba
98413ca207e526eaad50c48396332d0f96d9b380__120000ms,98413ca207e526eaad50c48396332d0f96d9b380,SAMBA Karl Schmidt Big Band   Coco Jambo (Samba,D:\projekty\Hudba\music-editor\src\data\segments\samba\98413ca207e526eaad50c48396332d0f96d9b380__s120000ms.wav,120000,20000,,samba
98413ca207e526eaad50c48396332d0f96d9b380__140000ms,98413ca207e526eaad50c48396332d0f96d9b380,SAMBA Karl Schmidt Big Band   Coco Jambo (Samba,D:\projekty\Hudba\music-editor\src\data\segments\samba\98413ca207e526eaad50c48396332d0f96d9b380__s140000ms.wav,140000,20000,,samba
2a0dd8efd148a3c13dc9c4a9f5a9b991a7364c78__0ms,2a0dd8efd148a3c13dc9c4a9f5a9b991a7364c78,SAMBA Kuku kuku,D:\projekty\Hudba\music-editor\src\data\segments\samba\2a0dd8efd148a3c13dc9c4a9f5a9b991a7364c78__s0ms.wav,0,20000,,samba
2a0dd8efd148a3c13dc9c4a9f5a9b991a7364c78__20000ms,2a0dd8efd148a3c13dc9c4a9f5a9b991a7364c78,SAMBA Kuku kuku,D:\projekty\Hudba\music-editor\src\data\segments\samba\2a0dd8efd148a3c13dc9c4a9f5a9b991a7364c78__s20000ms.wav,20000,20000,,samba
2a0dd8efd148a3c13dc9c4a9f5a9b991a7364c78__40000ms,2a0dd8efd148a3c13dc9c4a9f5a9b991a7364c78,SAMBA Kuku kuku,D:\projekty\Hudba\music-editor\src\data\segments\samba\2a0dd8efd148a3c13dc9c4a9f5a9b991a7364c78__s40000ms.wav,40000,20000,,samba
2a0dd8efd148a3c13dc9c4a9f5a9b991a7364c78__60000ms,2a0dd8efd148a3c13dc9c4a9f5a9b991a7364c78,SAMBA Kuku kuku,D:\projekty\Hudba\music-editor\src\data\segments\samba\2a0dd8efd148a3c13dc9c4a9f5a9b991a7364c78__s60000ms.wav,60000,20000,,samba
2a0dd8efd148a3c13dc9c4a9f5a9b991a7364c78__80000ms,2a0dd8efd148a3c13dc9c4a9f5a9b991a7364c78,SAMBA Kuku kuku,D:\projekty\Hudba\music-editor\src\data\segments\samba\2a0dd8efd148a3c13dc9c4a9f5a9b991a7364c78__s80000ms.wav,80000,20000,,samba
2a0dd8efd148a3c13dc9c4a9f5a9b991a7364c78__100000ms,2a0dd8efd148a3c13dc9c4a9f5a9b991a7364c78,SAMBA Kuku kuku,D:\projekty\Hudba\music-editor\src\data\segments\samba\2a0dd8efd148a3c13dc9c4a9f5a9b991a7364c78__s100000ms.wav,100000,20000,,samba
2a0dd8efd148a3c13dc9c4a9f5a9b991a7364c78__120000ms,2a0dd8efd148a3c13dc9c4a9f5a9b991a7364c78,SAMBA Kuku kuku,D:\projekty\Hudba\music-editor\src\data\segments\samba\2a0dd8efd148a3c13dc9c4a9f5a9b991a7364c78__s120000ms.wav,120000,20000,,samba
2a0dd8efd148a3c13dc9c4a9f5a9b991a7364c78__140000ms,2a0dd8efd148a3c13dc9c4a9f5a9b991a7364c78,SAMBA Kuku kuku,D:\projekty\Hudba\music-editor\src\data\segments\samba\2a0dd8efd148a3c13dc9c4a9f5a9b991a7364c78__s140000ms.wav,140000,20000,,samba
bbc039d0131458444d17a429f3c011c1d582b81e__0ms,bbc039d0131458444d17a429f3c011c1d582b81e,SAMBA La Bamba (Samba  50 BPM,D:\projekty\Hudba\music-editor\src\data\segments\samba\bbc039d0131458444d17a429f3c011c1d582b81e__s0ms.wav,0,20000,,samba
bbc039d0131458444d17a429f3c011c1d582b81e__20000ms,bbc039d0131458444d17a429f3c011c1d582b81e,SAMBA La Bamba (Samba  50 BPM,D:\projekty\Hudba\music-editor\src\data\segments\samba\bbc039d0131458444d17a429f3c011c1d582b81e__s20000ms.wav,20000,20000,,samba
bbc039d0131458444d17a429f3c011c1d582b81e__40000ms,bbc039d0131458444d17a429f3c011c1d582b81e,SAMBA La Bamba (Samba  50 BPM,D:\projekty\Hudba\music-editor\src\data\segments\samba\bbc039d0131458444d17a429f3c011c1d582b81e__s40000ms.wav,40000,20000,,samba
bbc039d0131458444d17a429f3c011c1d582b81e__60000ms,bbc039d0131458444d17a429f3c011c1d582b81e,SAMBA La Bamba (Samba  50 BPM,D:\projekty\Hudba\music-editor\src\data\segments\samba\bbc039d0131458444d17a429f3c011c1d582b81e__s60000ms.wav,60000,20000,,samba
bbc039d0131458444d17a429f3c011c1d582b81e__80000ms,bbc039d0131458444d17a429f3c011c1d582b81e,SAMBA La Bamba (Samba  50 BPM,D:\projekty\Hudba\music-editor\src\data\segments\samba\bbc039d0131458444d17a429f3c011c1d582b81e__s80000ms.wav,80000,20000,,samba
bbc039d0131458444d17a429f3c011c1d582b81e__100000ms,bbc039d0131458444d17a429f3c011c1d582b81e,SAMBA La Bamba (Samba  50 BPM,D:\projekty\Hudba\music-editor\src\data\segments\samba\bbc039d0131458444d17a429f3c011c1d582b81e__s100000ms.wav,100000,20000,,samba
d7a9461c849b14e91be0b0d7bc75a70716da2667__0ms,d7a9461c849b14e91be0b0d7bc75a70716da2667,Samba Liz Abella - Baila Baila,D:\projekty\Hudba\music-editor\src\data\segments\samba\d7a9461c849b14e91be0b0d7bc75a70716da2667__s0ms.wav,0,20000,,samba
d7a9461c849b14e91be0b0d7bc75a70716da2667__20000ms,d7a9461c849b14e91be0b0d7bc75a70716da2667,Samba Liz Abella - Baila Baila,D:\projekty\Hudba\music-editor\src\data\segments\samba\d7a9461c849b14e91be0b0d7bc75a70716da2667__s20000ms.wav,20000,20000,,samba
d7a9461c849b14e91be0b0d7bc75a70716da2667__40000ms,d7a9461c849b14e91be0b0d7bc75a70716da2667,Samba Liz Abella - Baila Baila,D:\projekty\Hudba\music-editor\src\data\segments\samba\d7a9461c849b14e91be0b0d7bc75a70716da2667__s40000ms.wav,40000,20000,,samba
d7a9461c849b14e91be0b0d7bc75a70716da2667__60000ms,d7a9461c849b14e91be0b0d7bc75a70716da2667,Samba Liz Abella - Baila Baila,D:\projekty\Hudba\music-editor\src\data\segments\samba\d7a9461c849b14e91be0b0d7bc75a70716da2667__s60000ms.wav,60000,20000,,samba
d7a9461c849b14e91be0b0d7bc75a70716da2667__80000ms,d7a9461c849b14e91be0b0d7bc75a70716da2667,Samba Liz Abella - Baila Baila,D:\projekty\Hudba\music-editor\src\data\segments\samba\d7a9461c849b14e91be0b0d7bc75a70716da2667__s80000ms.wav,80000,20000,,samba
d7a9461c849b14e91be0b0d7bc75a70716da2667__100000ms,d7a9461c849b14e91be0b0d7bc75a70716da2667,Samba Liz Abella - Baila Baila,D:\projekty\Hudba\music-editor\src\data\segments\samba\d7a9461c849b14e91be0b0d7bc75a70716da2667__s100000ms.wav,100000,20000,,samba
d7a9461c849b14e91be0b0d7bc75a70716da2667__120000ms,d7a9461c849b14e91be0b0d7bc75a70716da2667,Samba Liz Abella - Baila Baila,D:\projekty\Hudba\music-editor\src\data\segments\samba\d7a9461c849b14e91be0b0d7bc75a70716da2667__s120000ms.wav,120000,20000,,samba
d7a9461c849b14e91be0b0d7bc75a70716da2667__140000ms,d7a9461c849b14e91be0b0d7bc75a70716da2667,Samba Liz Abella - Baila Baila,D:\projekty\Hudba\music-editor\src\data\segments\samba\d7a9461c849b14e91be0b0d7bc75a70716da2667__s140000ms.wav,140000,20000,,samba
d7a9461c849b14e91be0b0d7bc75a70716da2667__160000ms,d7a9461c849b14e91be0b0d7bc75a70716da2667,Samba Liz Abella - Baila Baila,D:\projekty\Hudba\music-editor\src\data\segments\samba\d7a9461c849b14e91be0b0d7bc75a70716da2667__s160000ms.wav,160000,20000,,samba
d7a9461c849b14e91be0b0d7bc75a70716da2667__180000ms,d7a9461c849b14e91be0b0d7bc75a70716da2667,Samba Liz Abella - Baila Baila,D:\projekty\Hudba\music-editor\src\data\segments\samba\d7a9461c849b14e91be0b0d7bc75a70716da2667__s180000ms.wav,180000,20000,,samba
d7a9461c849b14e91be0b0d7bc75a70716da2667__200000ms,d7a9461c849b14e91be0b0d7bc75a70716da2667,Samba Liz Abella - Baila Baila,D:\projekty\Hudba\music-editor\src\data\segments\samba\d7a9461c849b14e91be0b0d7bc75a70716da2667__s200000ms.wav,200000,20000,,samba
d7a9461c849b14e91be0b0d7bc75a70716da2667__220000ms,d7a9461c849b14e91be0b0d7bc75a70716da2667,Samba Liz Abella - Baila Baila,D:\projekty\Hudba\music-editor\src\data\segments\samba\d7a9461c849b14e91be0b0d7bc75a70716da2667__s220000ms.wav,220000,20000,,samba
d7a9461c849b14e91be0b0d7bc75a70716da2667__240000ms,d7a9461c849b14e91be0b0d7bc75a70716da2667,Samba Liz Abella - Baila Baila,D:\projekty\Hudba\music-editor\src\data\segments\samba\d7a9461c849b14e91be0b0d7bc75a70716da2667__s240000ms.wav,240000,20000,,samba
d7a9461c849b14e91be0b0d7bc75a70716da2667__260000ms,d7a9461c849b14e91be0b0d7bc75a70716da2667,Samba Liz Abella - Baila Baila,D:\projekty\Hudba\music-editor\src\data\segments\samba\d7a9461c849b14e91be0b0d7bc75a70716da2667__s260000ms.wav,260000,20000,,samba
d7a9461c849b14e91be0b0d7bc75a70716da2667__280000ms,d7a9461c849b14e91be0b0d7bc75a70716da2667,Samba Liz Abella - Baila Baila,D:\projekty\Hudba\music-editor\src\data\segments\samba\d7a9461c849b14e91be0b0d7bc75a70716da2667__s280000ms.wav,280000,20000,,samba
d7a9461c849b14e91be0b0d7bc75a70716da2667__300000ms,d7a9461c849b14e91be0b0d7bc75a70716da2667,Samba Liz Abella - Baila Baila,D:\projekty\Hudba\music-editor\src\data\segments\samba\d7a9461c849b14e91be0b0d7bc75a70716da2667__s300000ms.wav,300000,20000,,samba
d7a9461c849b14e91be0b0d7bc75a70716da2667__320000ms,d7a9461c849b14e91be0b0d7bc75a70716da2667,Samba Liz Abella - Baila Baila,D:\projekty\Hudba\music-editor\src\data\segments\samba\d7a9461c849b14e91be0b0d7bc75a70716da2667__s320000ms.wav,320000,16588,,samba
f70e0b2218d95920a0323a298477578f8308fa77__0ms,f70e0b2218d95920a0323a298477578f8308fa77,SAMBA Lucrecia   La Vida Es Un Carnaval (Official Video),D:\projekty\Hudba\music-editor\src\data\segments\samba\f70e0b2218d95920a0323a298477578f8308fa77__s0ms.wav,0,20000,,samba
f70e0b2218d95920a0323a298477578f8308fa77__20000ms,f70e0b2218d95920a0323a298477578f8308fa77,SAMBA Lucrecia   La Vida Es Un Carnaval (Official Video),D:\projekty\Hudba\music-editor\src\data\segments\samba\f70e0b2218d95920a0323a298477578f8308fa77__s20000ms.wav,20000,20000,,samba
f70e0b2218d95920a0323a298477578f8308fa77__40000ms,f70e0b2218d95920a0323a298477578f8308fa77,SAMBA Lucrecia   La Vida Es Un Carnaval (Official Video),D:\projekty\Hudba\music-editor\src\data\segments\samba\f70e0b2218d95920a0323a298477578f8308fa77__s40000ms.wav,40000,20000,,samba
f70e0b2218d95920a0323a298477578f8308fa77__60000ms,f70e0b2218d95920a0323a298477578f8308fa77,SAMBA Lucrecia   La Vida Es Un Carnaval (Official Video),D:\projekty\Hudba\music-editor\src\data\segments\samba\f70e0b2218d95920a0323a298477578f8308fa77__s60000ms.wav,60000,20000,,samba
f70e0b2218d95920a0323a298477578f8308fa77__80000ms,f70e0b2218d95920a0323a298477578f8308fa77,SAMBA Lucrecia   La Vida Es Un Carnaval (Official Video),D:\projekty\Hudba\music-editor\src\data\segments\samba\f70e0b2218d95920a0323a298477578f8308fa77__s80000ms.wav,80000,20000,,samba
f70e0b2218d95920a0323a298477578f8308fa77__100000ms,f70e0b2218d95920a0323a298477578f8308fa77,SAMBA Lucrecia   La Vida Es Un Carnaval (Official Video),D:\projekty\Hudba\music-editor\src\data\segments\samba\f70e0b2218d95920a0323a298477578f8308fa77__s100000ms.wav,100000,20000,,samba
f70e0b2218d95920a0323a298477578f8308fa77__120000ms,f70e0b2218d95920a0323a298477578f8308fa77,SAMBA Lucrecia   La Vida Es Un Carnaval (Official Video),D:\projekty\Hudba\music-editor\src\data\segments\samba\f70e0b2218d95920a0323a298477578f8308fa77__s120000ms.wav,120000,20000,,samba
f70e0b2218d95920a0323a298477578f8308fa77__140000ms,f70e0b2218d95920a0323a298477578f8308fa77,SAMBA Lucrecia   La Vida Es Un Carnaval (Official Video),D:\projekty\Hudba\music-editor\src\data\segments\samba\f70e0b2218d95920a0323a298477578f8308fa77__s140000ms.wav,140000,20000,,samba
f70e0b2218d95920a0323a298477578f8308fa77__160000ms,f70e0b2218d95920a0323a298477578f8308fa77,SAMBA Lucrecia   La Vida Es Un Carnaval (Official Video),D:\projekty\Hudba\music-editor\src\data\segments\samba\f70e0b2218d95920a0323a298477578f8308fa77__s160000ms.wav,160000,20000,,samba
f70e0b2218d95920a0323a298477578f8308fa77__180000ms,f70e0b2218d95920a0323a298477578f8308fa77,SAMBA Lucrecia   La Vida Es Un Carnaval (Official Video),D:\projekty\Hudba\music-editor\src\data\segments\samba\f70e0b2218d95920a0323a298477578f8308fa77__s180000ms.wav,180000,20000,,samba
f70e0b2218d95920a0323a298477578f8308fa77__200000ms,f70e0b2218d95920a0323a298477578f8308fa77,SAMBA Lucrecia   La Vida Es Un Carnaval (Official Video),D:\projekty\Hudba\music-editor\src\data\segments\samba\f70e0b2218d95920a0323a298477578f8308fa77__s200000ms.wav,200000,20000,,samba
f70e0b2218d95920a0323a298477578f8308fa77__220000ms,f70e0b2218d95920a0323a298477578f8308fa77,SAMBA Lucrecia   La Vida Es Un Carnaval (Official Video),D:\projekty\Hudba\music-editor\src\data\segments\samba\f70e0b2218d95920a0323a298477578f8308fa77__s220000ms.wav,220000,20000,,samba
5e77a85b6b9bdca98b5353a9b8eb3912e2d768b5__0ms,5e77a85b6b9bdca98b5353a9b8eb3912e2d768b5,SAMBA Mambo Jingle Bells   Samb,D:\projekty\Hudba\music-editor\src\data\segments\samba\5e77a85b6b9bdca98b5353a9b8eb3912e2d768b5__s0ms.wav,0,20000,,samba
5e77a85b6b9bdca98b5353a9b8eb3912e2d768b5__20000ms,5e77a85b6b9bdca98b5353a9b8eb3912e2d768b5,SAMBA Mambo Jingle Bells   Samb,D:\projekty\Hudba\music-editor\src\data\segments\samba\5e77a85b6b9bdca98b5353a9b8eb3912e2d768b5__s20000ms.wav,20000,20000,,samba
5e77a85b6b9bdca98b5353a9b8eb3912e2d768b5__40000ms,5e77a85b6b9bdca98b5353a9b8eb3912e2d768b5,SAMBA Mambo Jingle Bells   Samb,D:\projekty\Hudba\music-editor\src\data\segments\samba\5e77a85b6b9bdca98b5353a9b8eb3912e2d768b5__s40000ms.wav,40000,20000,,samba
5e77a85b6b9bdca98b5353a9b8eb3912e2d768b5__60000ms,5e77a85b6b9bdca98b5353a9b8eb3912e2d768b5,SAMBA Mambo Jingle Bells   Samb,D:\projekty\Hudba\music-editor\src\data\segments\samba\5e77a85b6b9bdca98b5353a9b8eb3912e2d768b5__s60000ms.wav,60000,20000,,samba
5e77a85b6b9bdca98b5353a9b8eb3912e2d768b5__80000ms,5e77a85b6b9bdca98b5353a9b8eb3912e2d768b5,SAMBA Mambo Jingle Bells   Samb,D:\projekty\Hudba\music-editor\src\data\segments\samba\5e77a85b6b9bdca98b5353a9b8eb3912e2d768b5__s80000ms.wav,80000,20000,,samba
5e77a85b6b9bdca98b5353a9b8eb3912e2d768b5__100000ms,5e77a85b6b9bdca98b5353a9b8eb3912e2d768b5,SAMBA Mambo Jingle Bells   Samb,D:\projekty\Hudba\music-editor\src\data\segments\samba\5e77a85b6b9bdca98b5353a9b8eb3912e2d768b5__s100000ms.wav,100000,20000,,samba
5e77a85b6b9bdca98b5353a9b8eb3912e2d768b5__120000ms,5e77a85b6b9bdca98b5353a9b8eb3912e2d768b5,SAMBA Mambo Jingle Bells   Samb,D:\projekty\Hudba\music-editor\src\data\segments\samba\5e77a85b6b9bdca98b5353a9b8eb3912e2d768b5__s120000ms.wav,120000,20000,,samba
5e77a85b6b9bdca98b5353a9b8eb3912e2d768b5__140000ms,5e77a85b6b9bdca98b5353a9b8eb3912e2d768b5,SAMBA Mambo Jingle Bells   Samb,D:\projekty\Hudba\music-editor\src\data\segments\samba\5e77a85b6b9bdca98b5353a9b8eb3912e2d768b5__s140000ms.wav,140000,20000,,samba
5e77a85b6b9bdca98b5353a9b8eb3912e2d768b5__160000ms,5e77a85b6b9bdca98b5353a9b8eb3912e2d768b5,SAMBA Mambo Jingle Bells   Samb,D:\projekty\Hudba\music-editor\src\data\segments\samba\5e77a85b6b9bdca98b5353a9b8eb3912e2d768b5__s160000ms.wav,160000,20000,,samba
5e77a85b6b9bdca98b5353a9b8eb3912e2d768b5__180000ms,5e77a85b6b9bdca98b5353a9b8eb3912e2d768b5,SAMBA Mambo Jingle Bells   Samb,D:\projekty\Hudba\music-editor\src\data\segments\samba\5e77a85b6b9bdca98b5353a9b8eb3912e2d768b5__s180000ms.wav,180000,20000,,samba
5e77a85b6b9bdca98b5353a9b8eb3912e2d768b5__200000ms,5e77a85b6b9bdca98b5353a9b8eb3912e2d768b5,SAMBA Mambo Jingle Bells   Samb,D:\projekty\Hudba\music-editor\src\data\segments\samba\5e77a85b6b9bdca98b5353a9b8eb3912e2d768b5__s200000ms.wav,200000,20000,,samba
5e77a85b6b9bdca98b5353a9b8eb3912e2d768b5__220000ms,5e77a85b6b9bdca98b5353a9b8eb3912e2d768b5,SAMBA Mambo Jingle Bells   Samb,D:\projekty\Hudba\music-editor\src\data\segments\samba\5e77a85b6b9bdca98b5353a9b8eb3912e2d768b5__s220000ms.wav,220000,11184,,samba
4e2b537aa5233b8918b923c73cb1fa8cb526beca__0ms,4e2b537aa5233b8918b923c73cb1fa8cb526beca,SAMBA Modern Talking   Cheri Cheri Lady upravená (Official Music Video,D:\projekty\Hudba\music-editor\src\data\segments\samba\4e2b537aa5233b8918b923c73cb1fa8cb526beca__s0ms.wav,0,20000,,samba
4e2b537aa5233b8918b923c73cb1fa8cb526beca__20000ms,4e2b537aa5233b8918b923c73cb1fa8cb526beca,SAMBA Modern Talking   Cheri Cheri Lady upravená (Official Music Video,D:\projekty\Hudba\music-editor\src\data\segments\samba\4e2b537aa5233b8918b923c73cb1fa8cb526beca__s20000ms.wav,20000,20000,,samba
4e2b537aa5233b8918b923c73cb1fa8cb526beca__40000ms,4e2b537aa5233b8918b923c73cb1fa8cb526beca,SAMBA Modern Talking   Cheri Cheri Lady upravená (Official Music Video,D:\projekty\Hudba\music-editor\src\data\segments\samba\4e2b537aa5233b8918b923c73cb1fa8cb526beca__s40000ms.wav,40000,20000,,samba
4e2b537aa5233b8918b923c73cb1fa8cb526beca__60000ms,4e2b537aa5233b8918b923c73cb1fa8cb526beca,SAMBA Modern Talking   Cheri Cheri Lady upravená (Official Music Video,D:\projekty\Hudba\music-editor\src\data\segments\samba\4e2b537aa5233b8918b923c73cb1fa8cb526beca__s60000ms.wav,60000,20000,,samba
4e2b537aa5233b8918b923c73cb1fa8cb526beca__80000ms,4e2b537aa5233b8918b923c73cb1fa8cb526beca,SAMBA Modern Talking   Cheri Cheri Lady upravená (Official Music Video,D:\projekty\Hudba\music-editor\src\data\segments\samba\4e2b537aa5233b8918b923c73cb1fa8cb526beca__s80000ms.wav,80000,20000,,samba
4e2b537aa5233b8918b923c73cb1fa8cb526beca__100000ms,4e2b537aa5233b8918b923c73cb1fa8cb526beca,SAMBA Modern Talking   Cheri Cheri Lady upravená (Official Music Video,D:\projekty\Hudba\music-editor\src\data\segments\samba\4e2b537aa5233b8918b923c73cb1fa8cb526beca__s100000ms.wav,100000,20000,,samba
4e2b537aa5233b8918b923c73cb1fa8cb526beca__120000ms,4e2b537aa5233b8918b923c73cb1fa8cb526beca,SAMBA Modern Talking   Cheri Cheri Lady upravená (Official Music Video,D:\projekty\Hudba\music-editor\src\data\segments\samba\4e2b537aa5233b8918b923c73cb1fa8cb526beca__s120000ms.wav,120000,20000,,samba
4e2b537aa5233b8918b923c73cb1fa8cb526beca__140000ms,4e2b537aa5233b8918b923c73cb1fa8cb526beca,SAMBA Modern Talking   Cheri Cheri Lady upravená (Official Music Video,D:\projekty\Hudba\music-editor\src\data\segments\samba\4e2b537aa5233b8918b923c73cb1fa8cb526beca__s140000ms.wav,140000,20000,,samba
4e2b537aa5233b8918b923c73cb1fa8cb526beca__160000ms,4e2b537aa5233b8918b923c73cb1fa8cb526beca,SAMBA Modern Talking   Cheri Cheri Lady upravená (Official Music Video,D:\projekty\Hudba\music-editor\src\data\segments\samba\4e2b537aa5233b8918b923c73cb1fa8cb526beca__s160000ms.wav,160000,20000,,samba
4e2b537aa5233b8918b923c73cb1fa8cb526beca__180000ms,4e2b537aa5233b8918b923c73cb1fa8cb526beca,SAMBA Modern Talking   Cheri Cheri Lady upravená (Official Music Video,D:\projekty\Hudba\music-editor\src\data\segments\samba\4e2b537aa5233b8918b923c73cb1fa8cb526beca__s180000ms.wav,180000,20000,,samba
4e2b537aa5233b8918b923c73cb1fa8cb526beca__200000ms,4e2b537aa5233b8918b923c73cb1fa8cb526beca,SAMBA Modern Talking   Cheri Cheri Lady upravená (Official Music Video,D:\projekty\Hudba\music-editor\src\data\segments\samba\4e2b537aa5233b8918b923c73cb1fa8cb526beca__s200000ms.wav,200000,11905,,samba
61ade0c05fbc7e0d565b063ba8f09a40181be2a7__0ms,61ade0c05fbc7e0d565b063ba8f09a40181be2a7,SAMBA Move Baby Move (Samba  50 BPM,D:\projekty\Hudba\music-editor\src\data\segments\samba\61ade0c05fbc7e0d565b063ba8f09a40181be2a7__s0ms.wav,0,20000,,samba
61ade0c05fbc7e0d565b063ba8f09a40181be2a7__20000ms,61ade0c05fbc7e0d565b063ba8f09a40181be2a7,SAMBA Move Baby Move (Samba  50 BPM,D:\projekty\Hudba\music-editor\src\data\segments\samba\61ade0c05fbc7e0d565b063ba8f09a40181be2a7__s20000ms.wav,20000,20000,,samba
61ade0c05fbc7e0d565b063ba8f09a40181be2a7__40000ms,61ade0c05fbc7e0d565b063ba8f09a40181be2a7,SAMBA Move Baby Move (Samba  50 BPM,D:\projekty\Hudba\music-editor\src\data\segments\samba\61ade0c05fbc7e0d565b063ba8f09a40181be2a7__s40000ms.wav,40000,20000,,samba
61ade0c05fbc7e0d565b063ba8f09a40181be2a7__60000ms,61ade0c05fbc7e0d565b063ba8f09a40181be2a7,SAMBA Move Baby Move (Samba  50 BPM,D:\projekty\Hudba\music-editor\src\data\segments\samba\61ade0c05fbc7e0d565b063ba8f09a40181be2a7__s60000ms.wav,60000,20000,,samba
61ade0c05fbc7e0d565b063ba8f09a40181be2a7__80000ms,61ade0c05fbc7e0d565b063ba8f09a40181be2a7,SAMBA Move Baby Move (Samba  50 BPM,D:\projekty\Hudba\music-editor\src\data\segments\samba\61ade0c05fbc7e0d565b063ba8f09a40181be2a7__s80000ms.wav,80000,20000,,samba
61ade0c05fbc7e0d565b063ba8f09a40181be2a7__100000ms,61ade0c05fbc7e0d565b063ba8f09a40181be2a7,SAMBA Move Baby Move (Samba  50 BPM,D:\projekty\Hudba\music-editor\src\data\segments\samba\61ade0c05fbc7e0d565b063ba8f09a40181be2a7__s100000ms.wav,100000,20000,,samba
61ade0c05fbc7e0d565b063ba8f09a40181be2a7__120000ms,61ade0c05fbc7e0d565b063ba8f09a40181be2a7,SAMBA Move Baby Move (Samba  50 BPM,D:\projekty\Hudba\music-editor\src\data\segments\samba\61ade0c05fbc7e0d565b063ba8f09a40181be2a7__s120000ms.wav,120000,20000,,samba
61ade0c05fbc7e0d565b063ba8f09a40181be2a7__140000ms,61ade0c05fbc7e0d565b063ba8f09a40181be2a7,SAMBA Move Baby Move (Samba  50 BPM,D:\projekty\Hudba\music-editor\src\data\segments\samba\61ade0c05fbc7e0d565b063ba8f09a40181be2a7__s140000ms.wav,140000,20000,,samba
61ade0c05fbc7e0d565b063ba8f09a40181be2a7__160000ms,61ade0c05fbc7e0d565b063ba8f09a40181be2a7,SAMBA Move Baby Move (Samba  50 BPM,D:\projekty\Hudba\music-editor\src\data\segments\samba\61ade0c05fbc7e0d565b063ba8f09a40181be2a7__s160000ms.wav,160000,20000,,samba
61ade0c05fbc7e0d565b063ba8f09a40181be2a7__180000ms,61ade0c05fbc7e0d565b063ba8f09a40181be2a7,SAMBA Move Baby Move (Samba  50 BPM,D:\projekty\Hudba\music-editor\src\data\segments\samba\61ade0c05fbc7e0d565b063ba8f09a40181be2a7__s180000ms.wav,180000,14377,,samba
0e139761861964d2a6e3f34f1563cd4508c0270a__0ms,0e139761861964d2a6e3f34f1563cd4508c0270a,Samba music Azuquita – Baila Para Mi,D:\projekty\Hudba\music-editor\src\data\segments\samba\0e139761861964d2a6e3f34f1563cd4508c0270a__s0ms.wav,0,20000,,samba
0e139761861964d2a6e3f34f1563cd4508c0270a__20000ms,0e139761861964d2a6e3f34f1563cd4508c0270a,Samba music Azuquita – Baila Para Mi,D:\projekty\Hudba\music-editor\src\data\segments\samba\0e139761861964d2a6e3f34f1563cd4508c0270a__s20000ms.wav,20000,20000,,samba
0e139761861964d2a6e3f34f1563cd4508c0270a__40000ms,0e139761861964d2a6e3f34f1563cd4508c0270a,Samba music Azuquita – Baila Para Mi,D:\projekty\Hudba\music-editor\src\data\segments\samba\0e139761861964d2a6e3f34f1563cd4508c0270a__s40000ms.wav,40000,20000,,samba
0e139761861964d2a6e3f34f1563cd4508c0270a__60000ms,0e139761861964d2a6e3f34f1563cd4508c0270a,Samba music Azuquita – Baila Para Mi,D:\projekty\Hudba\music-editor\src\data\segments\samba\0e139761861964d2a6e3f34f1563cd4508c0270a__s60000ms.wav,60000,20000,,samba
0e139761861964d2a6e3f34f1563cd4508c0270a__80000ms,0e139761861964d2a6e3f34f1563cd4508c0270a,Samba music Azuquita – Baila Para Mi,D:\projekty\Hudba\music-editor\src\data\segments\samba\0e139761861964d2a6e3f34f1563cd4508c0270a__s80000ms.wav,80000,20000,,samba
0e139761861964d2a6e3f34f1563cd4508c0270a__100000ms,0e139761861964d2a6e3f34f1563cd4508c0270a,Samba music Azuquita – Baila Para Mi,D:\projekty\Hudba\music-editor\src\data\segments\samba\0e139761861964d2a6e3f34f1563cd4508c0270a__s100000ms.wav,100000,20000,,samba
0e139761861964d2a6e3f34f1563cd4508c0270a__120000ms,0e139761861964d2a6e3f34f1563cd4508c0270a,Samba music Azuquita – Baila Para Mi,D:\projekty\Hudba\music-editor\src\data\segments\samba\0e139761861964d2a6e3f34f1563cd4508c0270a__s120000ms.wav,120000,20000,,samba
0e139761861964d2a6e3f34f1563cd4508c0270a__140000ms,0e139761861964d2a6e3f34f1563cd4508c0270a,Samba music Azuquita – Baila Para Mi,D:\projekty\Hudba\music-editor\src\data\segments\samba\0e139761861964d2a6e3f34f1563cd4508c0270a__s140000ms.wav,140000,20000,,samba
0e139761861964d2a6e3f34f1563cd4508c0270a__160000ms,0e139761861964d2a6e3f34f1563cd4508c0270a,Samba music Azuquita – Baila Para Mi,D:\projekty\Hudba\music-editor\src\data\segments\samba\0e139761861964d2a6e3f34f1563cd4508c0270a__s160000ms.wav,160000,20000,,samba
0e139761861964d2a6e3f34f1563cd4508c0270a__180000ms,0e139761861964d2a6e3f34f1563cd4508c0270a,Samba music Azuquita – Baila Para Mi,D:\projekty\Hudba\music-editor\src\data\segments\samba\0e139761861964d2a6e3f34f1563cd4508c0270a__s180000ms.wav,180000,20000,,samba
0e139761861964d2a6e3f34f1563cd4508c0270a__200000ms,0e139761861964d2a6e3f34f1563cd4508c0270a,Samba music Azuquita – Baila Para Mi,D:\projekty\Hudba\music-editor\src\data\segments\samba\0e139761861964d2a6e3f34f1563cd4508c0270a__s200000ms.wav,200000,20000,,samba
926e44016b7ce219fc9d5b54503f42b8e57dae97__0ms,926e44016b7ce219fc9d5b54503f42b8e57dae97,Samba music Dancelife – Tu Picadura,D:\projekty\Hudba\music-editor\src\data\segments\samba\926e44016b7ce219fc9d5b54503f42b8e57dae97__s0ms.wav,0,20000,,samba
926e44016b7ce219fc9d5b54503f42b8e57dae97__20000ms,926e44016b7ce219fc9d5b54503f42b8e57dae97,Samba music Dancelife – Tu Picadura,D:\projekty\Hudba\music-editor\src\data\segments\samba\926e44016b7ce219fc9d5b54503f42b8e57dae97__s20000ms.wav,20000,20000,,samba
926e44016b7ce219fc9d5b54503f42b8e57dae97__40000ms,926e44016b7ce219fc9d5b54503f42b8e57dae97,Samba music Dancelife – Tu Picadura,D:\projekty\Hudba\music-editor\src\data\segments\samba\926e44016b7ce219fc9d5b54503f42b8e57dae97__s40000ms.wav,40000,20000,,samba
926e44016b7ce219fc9d5b54503f42b8e57dae97__60000ms,926e44016b7ce219fc9d5b54503f42b8e57dae97,Samba music Dancelife – Tu Picadura,D:\projekty\Hudba\music-editor\src\data\segments\samba\926e44016b7ce219fc9d5b54503f42b8e57dae97__s60000ms.wav,60000,20000,,samba
926e44016b7ce219fc9d5b54503f42b8e57dae97__80000ms,926e44016b7ce219fc9d5b54503f42b8e57dae97,Samba music Dancelife – Tu Picadura,D:\projekty\Hudba\music-editor\src\data\segments\samba\926e44016b7ce219fc9d5b54503f42b8e57dae97__s80000ms.wav,80000,20000,,samba
926e44016b7ce219fc9d5b54503f42b8e57dae97__100000ms,926e44016b7ce219fc9d5b54503f42b8e57dae97,Samba music Dancelife – Tu Picadura,D:\projekty\Hudba\music-editor\src\data\segments\samba\926e44016b7ce219fc9d5b54503f42b8e57dae97__s100000ms.wav,100000,20000,,samba
926e44016b7ce219fc9d5b54503f42b8e57dae97__120000ms,926e44016b7ce219fc9d5b54503f42b8e57dae97,Samba music Dancelife – Tu Picadura,D:\projekty\Hudba\music-editor\src\data\segments\samba\926e44016b7ce219fc9d5b54503f42b8e57dae97__s120000ms.wav,120000,20000,,samba
926e44016b7ce219fc9d5b54503f42b8e57dae97__140000ms,926e44016b7ce219fc9d5b54503f42b8e57dae97,Samba music Dancelife – Tu Picadura,D:\projekty\Hudba\music-editor\src\data\segments\samba\926e44016b7ce219fc9d5b54503f42b8e57dae97__s140000ms.wav,140000,20000,,samba
926e44016b7ce219fc9d5b54503f42b8e57dae97__160000ms,926e44016b7ce219fc9d5b54503f42b8e57dae97,Samba music Dancelife – Tu Picadura,D:\projekty\Hudba\music-editor\src\data\segments\samba\926e44016b7ce219fc9d5b54503f42b8e57dae97__s160000ms.wav,160000,20000,,samba
926e44016b7ce219fc9d5b54503f42b8e57dae97__180000ms,926e44016b7ce219fc9d5b54503f42b8e57dae97,Samba music Dancelife – Tu Picadura,D:\projekty\Hudba\music-editor\src\data\segments\samba\926e44016b7ce219fc9d5b54503f42b8e57dae97__s180000ms.wav,180000,20000,,samba
926e44016b7ce219fc9d5b54503f42b8e57dae97__200000ms,926e44016b7ce219fc9d5b54503f42b8e57dae97,Samba music Dancelife – Tu Picadura,D:\projekty\Hudba\music-editor\src\data\segments\samba\926e44016b7ce219fc9d5b54503f42b8e57dae97__s200000ms.wav,200000,20000,,samba
926e44016b7ce219fc9d5b54503f42b8e57dae97__220000ms,926e44016b7ce219fc9d5b54503f42b8e57dae97,Samba music Dancelife – Tu Picadura,D:\projekty\Hudba\music-editor\src\data\segments\samba\926e44016b7ce219fc9d5b54503f42b8e57dae97__s220000ms.wav,220000,20000,,samba
926e44016b7ce219fc9d5b54503f42b8e57dae97__240000ms,926e44016b7ce219fc9d5b54503f42b8e57dae97,Samba music Dancelife – Tu Picadura,D:\projekty\Hudba\music-editor\src\data\segments\samba\926e44016b7ce219fc9d5b54503f42b8e57dae97__s240000ms.wav,240000,20000,,samba
926e44016b7ce219fc9d5b54503f42b8e57dae97__260000ms,926e44016b7ce219fc9d5b54503f42b8e57dae97,Samba music Dancelife – Tu Picadura,D:\projekty\Hudba\music-editor\src\data\segments\samba\926e44016b7ce219fc9d5b54503f42b8e57dae97__s260000ms.wav,260000,20000,,samba
926e44016b7ce219fc9d5b54503f42b8e57dae97__280000ms,926e44016b7ce219fc9d5b54503f42b8e57dae97,Samba music Dancelife – Tu Picadura,D:\projekty\Hudba\music-editor\src\data\segments\samba\926e44016b7ce219fc9d5b54503f42b8e57dae97__s280000ms.wav,280000,20000,,samba
926e44016b7ce219fc9d5b54503f42b8e57dae97__300000ms,926e44016b7ce219fc9d5b54503f42b8e57dae97,Samba music Dancelife – Tu Picadura,D:\projekty\Hudba\music-editor\src\data\segments\samba\926e44016b7ce219fc9d5b54503f42b8e57dae97__s300000ms.wav,300000,20000,,samba
9e66ff6a1d0d8102ae389117e35f09346eff59cd__0ms,9e66ff6a1d0d8102ae389117e35f09346eff59cd,Samba music Prandi Sounds – Sambando,D:\projekty\Hudba\music-editor\src\data\segments\samba\9e66ff6a1d0d8102ae389117e35f09346eff59cd__s0ms.wav,0,20000,,samba
9e66ff6a1d0d8102ae389117e35f09346eff59cd__20000ms,9e66ff6a1d0d8102ae389117e35f09346eff59cd,Samba music Prandi Sounds – Sambando,D:\projekty\Hudba\music-editor\src\data\segments\samba\9e66ff6a1d0d8102ae389117e35f09346eff59cd__s20000ms.wav,20000,20000,,samba
9e66ff6a1d0d8102ae389117e35f09346eff59cd__40000ms,9e66ff6a1d0d8102ae389117e35f09346eff59cd,Samba music Prandi Sounds – Sambando,D:\projekty\Hudba\music-editor\src\data\segments\samba\9e66ff6a1d0d8102ae389117e35f09346eff59cd__s40000ms.wav,40000,20000,,samba
9e66ff6a1d0d8102ae389117e35f09346eff59cd__60000ms,9e66ff6a1d0d8102ae389117e35f09346eff59cd,Samba music Prandi Sounds – Sambando,D:\projekty\Hudba\music-editor\src\data\segments\samba\9e66ff6a1d0d8102ae389117e35f09346eff59cd__s60000ms.wav,60000,20000,,samba
9e66ff6a1d0d8102ae389117e35f09346eff59cd__80000ms,9e66ff6a1d0d8102ae389117e35f09346eff59cd,Samba music Prandi Sounds – Sambando,D:\projekty\Hudba\music-editor\src\data\segments\samba\9e66ff6a1d0d8102ae389117e35f09346eff59cd__s80000ms.wav,80000,20000,,samba
9e66ff6a1d0d8102ae389117e35f09346eff59cd__100000ms,9e66ff6a1d0d8102ae389117e35f09346eff59cd,Samba music Prandi Sounds – Sambando,D:\projekty\Hudba\music-editor\src\data\segments\samba\9e66ff6a1d0d8102ae389117e35f09346eff59cd__s100000ms.wav,100000,20000,,samba
9e66ff6a1d0d8102ae389117e35f09346eff59cd__120000ms,9e66ff6a1d0d8102ae389117e35f09346eff59cd,Samba music Prandi Sounds – Sambando,D:\projekty\Hudba\music-editor\src\data\segments\samba\9e66ff6a1d0d8102ae389117e35f09346eff59cd__s120000ms.wav,120000,20000,,samba
9e66ff6a1d0d8102ae389117e35f09346eff59cd__140000ms,9e66ff6a1d0d8102ae389117e35f09346eff59cd,Samba music Prandi Sounds – Sambando,D:\projekty\Hudba\music-editor\src\data\segments\samba\9e66ff6a1d0d8102ae389117e35f09346eff59cd__s140000ms.wav,140000,16630,,samba
ae5be69a3f25eda634ec2cacb4e2c8b6b69edc26__0ms,ae5be69a3f25eda634ec2cacb4e2c8b6b69edc26,Samba music Qu0026Q – Batuca Gum,D:\projekty\Hudba\music-editor\src\data\segments\samba\ae5be69a3f25eda634ec2cacb4e2c8b6b69edc26__s0ms.wav,0,20000,,samba
ae5be69a3f25eda634ec2cacb4e2c8b6b69edc26__20000ms,ae5be69a3f25eda634ec2cacb4e2c8b6b69edc26,Samba music Qu0026Q – Batuca Gum,D:\projekty\Hudba\music-editor\src\data\segments\samba\ae5be69a3f25eda634ec2cacb4e2c8b6b69edc26__s20000ms.wav,20000,20000,,samba
ae5be69a3f25eda634ec2cacb4e2c8b6b69edc26__40000ms,ae5be69a3f25eda634ec2cacb4e2c8b6b69edc26,Samba music Qu0026Q – Batuca Gum,D:\projekty\Hudba\music-editor\src\data\segments\samba\ae5be69a3f25eda634ec2cacb4e2c8b6b69edc26__s40000ms.wav,40000,20000,,samba
ae5be69a3f25eda634ec2cacb4e2c8b6b69edc26__60000ms,ae5be69a3f25eda634ec2cacb4e2c8b6b69edc26,Samba music Qu0026Q – Batuca Gum,D:\projekty\Hudba\music-editor\src\data\segments\samba\ae5be69a3f25eda634ec2cacb4e2c8b6b69edc26__s60000ms.wav,60000,20000,,samba
ae5be69a3f25eda634ec2cacb4e2c8b6b69edc26__80000ms,ae5be69a3f25eda634ec2cacb4e2c8b6b69edc26,Samba music Qu0026Q – Batuca Gum,D:\projekty\Hudba\music-editor\src\data\segments\samba\ae5be69a3f25eda634ec2cacb4e2c8b6b69edc26__s80000ms.wav,80000,20000,,samba
ae5be69a3f25eda634ec2cacb4e2c8b6b69edc26__100000ms,ae5be69a3f25eda634ec2cacb4e2c8b6b69edc26,Samba music Qu0026Q – Batuca Gum,D:\projekty\Hudba\music-editor\src\data\segments\samba\ae5be69a3f25eda634ec2cacb4e2c8b6b69edc26__s100000ms.wav,100000,20000,,samba
ae5be69a3f25eda634ec2cacb4e2c8b6b69edc26__120000ms,ae5be69a3f25eda634ec2cacb4e2c8b6b69edc26,Samba music Qu0026Q – Batuca Gum,D:\projekty\Hudba\music-editor\src\data\segments\samba\ae5be69a3f25eda634ec2cacb4e2c8b6b69edc26__s120000ms.wav,120000,20000,,samba
ae5be69a3f25eda634ec2cacb4e2c8b6b69edc26__140000ms,ae5be69a3f25eda634ec2cacb4e2c8b6b69edc26,Samba music Qu0026Q – Batuca Gum,D:\projekty\Hudba\music-editor\src\data\segments\samba\ae5be69a3f25eda634ec2cacb4e2c8b6b69edc26__s140000ms.wav,140000,20000,,samba
ae5be69a3f25eda634ec2cacb4e2c8b6b69edc26__160000ms,ae5be69a3f25eda634ec2cacb4e2c8b6b69edc26,Samba music Qu0026Q – Batuca Gum,D:\projekty\Hudba\music-editor\src\data\segments\samba\ae5be69a3f25eda634ec2cacb4e2c8b6b69edc26__s160000ms.wav,160000,20000,,samba
ae5be69a3f25eda634ec2cacb4e2c8b6b69edc26__180000ms,ae5be69a3f25eda634ec2cacb4e2c8b6b69edc26,Samba music Qu0026Q – Batuca Gum,D:\projekty\Hudba\music-editor\src\data\segments\samba\ae5be69a3f25eda634ec2cacb4e2c8b6b69edc26__s180000ms.wav,180000,20000,,samba
ae5be69a3f25eda634ec2cacb4e2c8b6b69edc26__200000ms,ae5be69a3f25eda634ec2cacb4e2c8b6b69edc26,Samba music Qu0026Q – Batuca Gum,D:\projekty\Hudba\music-editor\src\data\segments\samba\ae5be69a3f25eda634ec2cacb4e2c8b6b69edc26__s200000ms.wav,200000,20000,,samba
ae5be69a3f25eda634ec2cacb4e2c8b6b69edc26__220000ms,ae5be69a3f25eda634ec2cacb4e2c8b6b69edc26,Samba music Qu0026Q – Batuca Gum,D:\projekty\Hudba\music-editor\src\data\segments\samba\ae5be69a3f25eda634ec2cacb4e2c8b6b69edc26__s220000ms.wav,220000,20000,,samba
ae5be69a3f25eda634ec2cacb4e2c8b6b69edc26__240000ms,ae5be69a3f25eda634ec2cacb4e2c8b6b69edc26,Samba music Qu0026Q – Batuca Gum,D:\projekty\Hudba\music-editor\src\data\segments\samba\ae5be69a3f25eda634ec2cacb4e2c8b6b69edc26__s240000ms.wav,240000,20000,,samba
ae5be69a3f25eda634ec2cacb4e2c8b6b69edc26__260000ms,ae5be69a3f25eda634ec2cacb4e2c8b6b69edc26,Samba music Qu0026Q – Batuca Gum,D:\projekty\Hudba\music-editor\src\data\segments\samba\ae5be69a3f25eda634ec2cacb4e2c8b6b69edc26__s260000ms.wav,260000,20000,,samba
ae5be69a3f25eda634ec2cacb4e2c8b6b69edc26__280000ms,ae5be69a3f25eda634ec2cacb4e2c8b6b69edc26,Samba music Qu0026Q – Batuca Gum,D:\projekty\Hudba\music-editor\src\data\segments\samba\ae5be69a3f25eda634ec2cacb4e2c8b6b69edc26__s280000ms.wav,280000,20000,,samba
ae5be69a3f25eda634ec2cacb4e2c8b6b69edc26__300000ms,ae5be69a3f25eda634ec2cacb4e2c8b6b69edc26,Samba music Qu0026Q – Batuca Gum,D:\projekty\Hudba\music-editor\src\data\segments\samba\ae5be69a3f25eda634ec2cacb4e2c8b6b69edc26__s300000ms.wav,300000,16160,,samba
e6a2ce1f72253af526b6987068079e5ae17b6fd7__0ms,e6a2ce1f72253af526b6987068079e5ae17b6fd7,SAMBA O o o E ó Lelele O o o E ó,D:\projekty\Hudba\music-editor\src\data\segments\samba\e6a2ce1f72253af526b6987068079e5ae17b6fd7__s0ms.wav,0,20000,,samba
e6a2ce1f72253af526b6987068079e5ae17b6fd7__20000ms,e6a2ce1f72253af526b6987068079e5ae17b6fd7,SAMBA O o o E ó Lelele O o o E ó,D:\projekty\Hudba\music-editor\src\data\segments\samba\e6a2ce1f72253af526b6987068079e5ae17b6fd7__s20000ms.wav,20000,20000,,samba
e6a2ce1f72253af526b6987068079e5ae17b6fd7__40000ms,e6a2ce1f72253af526b6987068079e5ae17b6fd7,SAMBA O o o E ó Lelele O o o E ó,D:\projekty\Hudba\music-editor\src\data\segments\samba\e6a2ce1f72253af526b6987068079e5ae17b6fd7__s40000ms.wav,40000,20000,,samba
e6a2ce1f72253af526b6987068079e5ae17b6fd7__60000ms,e6a2ce1f72253af526b6987068079e5ae17b6fd7,SAMBA O o o E ó Lelele O o o E ó,D:\projekty\Hudba\music-editor\src\data\segments\samba\e6a2ce1f72253af526b6987068079e5ae17b6fd7__s60000ms.wav,60000,20000,,samba
e6a2ce1f72253af526b6987068079e5ae17b6fd7__80000ms,e6a2ce1f72253af526b6987068079e5ae17b6fd7,SAMBA O o o E ó Lelele O o o E ó,D:\projekty\Hudba\music-editor\src\data\segments\samba\e6a2ce1f72253af526b6987068079e5ae17b6fd7__s80000ms.wav,80000,20000,,samba
e6a2ce1f72253af526b6987068079e5ae17b6fd7__100000ms,e6a2ce1f72253af526b6987068079e5ae17b6fd7,SAMBA O o o E ó Lelele O o o E ó,D:\projekty\Hudba\music-editor\src\data\segments\samba\e6a2ce1f72253af526b6987068079e5ae17b6fd7__s100000ms.wav,100000,20000,,samba
e6a2ce1f72253af526b6987068079e5ae17b6fd7__120000ms,e6a2ce1f72253af526b6987068079e5ae17b6fd7,SAMBA O o o E ó Lelele O o o E ó,D:\projekty\Hudba\music-editor\src\data\segments\samba\e6a2ce1f72253af526b6987068079e5ae17b6fd7__s120000ms.wav,120000,20000,,samba
e6a2ce1f72253af526b6987068079e5ae17b6fd7__140000ms,e6a2ce1f72253af526b6987068079e5ae17b6fd7,SAMBA O o o E ó Lelele O o o E ó,D:\projekty\Hudba\music-editor\src\data\segments\samba\e6a2ce1f72253af526b6987068079e5ae17b6fd7__s140000ms.wav,140000,20000,,samba
e6a2ce1f72253af526b6987068079e5ae17b6fd7__160000ms,e6a2ce1f72253af526b6987068079e5ae17b6fd7,SAMBA O o o E ó Lelele O o o E ó,D:\projekty\Hudba\music-editor\src\data\segments\samba\e6a2ce1f72253af526b6987068079e5ae17b6fd7__s160000ms.wav,160000,8777,,samba
c6dc5a98ee21f52d32565f55d569973ae1a315d6__0ms,c6dc5a98ee21f52d32565f55d569973ae1a315d6,SAMBA Passist,D:\projekty\Hudba\music-editor\src\data\segments\samba\c6dc5a98ee21f52d32565f55d569973ae1a315d6__s0ms.wav,0,20000,,samba
c6dc5a98ee21f52d32565f55d569973ae1a315d6__20000ms,c6dc5a98ee21f52d32565f55d569973ae1a315d6,SAMBA Passist,D:\projekty\Hudba\music-editor\src\data\segments\samba\c6dc5a98ee21f52d32565f55d569973ae1a315d6__s20000ms.wav,20000,20000,,samba
c6dc5a98ee21f52d32565f55d569973ae1a315d6__40000ms,c6dc5a98ee21f52d32565f55d569973ae1a315d6,SAMBA Passist,D:\projekty\Hudba\music-editor\src\data\segments\samba\c6dc5a98ee21f52d32565f55d569973ae1a315d6__s40000ms.wav,40000,20000,,samba
c6dc5a98ee21f52d32565f55d569973ae1a315d6__60000ms,c6dc5a98ee21f52d32565f55d569973ae1a315d6,SAMBA Passist,D:\projekty\Hudba\music-editor\src\data\segments\samba\c6dc5a98ee21f52d32565f55d569973ae1a315d6__s60000ms.wav,60000,20000,,samba
c6dc5a98ee21f52d32565f55d569973ae1a315d6__80000ms,c6dc5a98ee21f52d32565f55d569973ae1a315d6,SAMBA Passist,D:\projekty\Hudba\music-editor\src\data\segments\samba\c6dc5a98ee21f52d32565f55d569973ae1a315d6__s80000ms.wav,80000,20000,,samba
c6dc5a98ee21f52d32565f55d569973ae1a315d6__100000ms,c6dc5a98ee21f52d32565f55d569973ae1a315d6,SAMBA Passist,D:\projekty\Hudba\music-editor\src\data\segments\samba\c6dc5a98ee21f52d32565f55d569973ae1a315d6__s100000ms.wav,100000,12927,,samba
fccedcbfb8e64bb83593978fa6d047c2946167d1__0ms,fccedcbfb8e64bb83593978fa6d047c2946167d1,SAMBA Pinacolada Tekila bum bum,D:\projekty\Hudba\music-editor\src\data\segments\samba\fccedcbfb8e64bb83593978fa6d047c2946167d1__s0ms.wav,0,20000,,samba
fccedcbfb8e64bb83593978fa6d047c2946167d1__20000ms,fccedcbfb8e64bb83593978fa6d047c2946167d1,SAMBA Pinacolada Tekila bum bum,D:\projekty\Hudba\music-editor\src\data\segments\samba\fccedcbfb8e64bb83593978fa6d047c2946167d1__s20000ms.wav,20000,20000,,samba
fccedcbfb8e64bb83593978fa6d047c2946167d1__40000ms,fccedcbfb8e64bb83593978fa6d047c2946167d1,SAMBA Pinacolada Tekila bum bum,D:\projekty\Hudba\music-editor\src\data\segments\samba\fccedcbfb8e64bb83593978fa6d047c2946167d1__s40000ms.wav,40000,20000,,samba
fccedcbfb8e64bb83593978fa6d047c2946167d1__60000ms,fccedcbfb8e64bb83593978fa6d047c2946167d1,SAMBA Pinacolada Tekila bum bum,D:\projekty\Hudba\music-editor\src\data\segments\samba\fccedcbfb8e64bb83593978fa6d047c2946167d1__s60000ms.wav,60000,20000,,samba
fccedcbfb8e64bb83593978fa6d047c2946167d1__80000ms,fccedcbfb8e64bb83593978fa6d047c2946167d1,SAMBA Pinacolada Tekila bum bum,D:\projekty\Hudba\music-editor\src\data\segments\samba\fccedcbfb8e64bb83593978fa6d047c2946167d1__s80000ms.wav,80000,20000,,samba
fccedcbfb8e64bb83593978fa6d047c2946167d1__100000ms,fccedcbfb8e64bb83593978fa6d047c2946167d1,SAMBA Pinacolada Tekila bum bum,D:\projekty\Hudba\music-editor\src\data\segments\samba\fccedcbfb8e64bb83593978fa6d047c2946167d1__s100000ms.wav,100000,20000,,samba
fccedcbfb8e64bb83593978fa6d047c2946167d1__120000ms,fccedcbfb8e64bb83593978fa6d047c2946167d1,SAMBA Pinacolada Tekila bum bum,D:\projekty\Hudba\music-editor\src\data\segments\samba\fccedcbfb8e64bb83593978fa6d047c2946167d1__s120000ms.wav,120000,20000,,samba
fccedcbfb8e64bb83593978fa6d047c2946167d1__140000ms,fccedcbfb8e64bb83593978fa6d047c2946167d1,SAMBA Pinacolada Tekila bum bum,D:\projekty\Hudba\music-editor\src\data\segments\samba\fccedcbfb8e64bb83593978fa6d047c2946167d1__s140000ms.wav,140000,20000,,samba
fccedcbfb8e64bb83593978fa6d047c2946167d1__160000ms,fccedcbfb8e64bb83593978fa6d047c2946167d1,SAMBA Pinacolada Tekila bum bum,D:\projekty\Hudba\music-editor\src\data\segments\samba\fccedcbfb8e64bb83593978fa6d047c2946167d1__s160000ms.wav,160000,20000,,samba
fccedcbfb8e64bb83593978fa6d047c2946167d1__180000ms,fccedcbfb8e64bb83593978fa6d047c2946167d1,SAMBA Pinacolada Tekila bum bum,D:\projekty\Hudba\music-editor\src\data\segments\samba\fccedcbfb8e64bb83593978fa6d047c2946167d1__s180000ms.wav,180000,20000,,samba
fccedcbfb8e64bb83593978fa6d047c2946167d1__200000ms,fccedcbfb8e64bb83593978fa6d047c2946167d1,SAMBA Pinacolada Tekila bum bum,D:\projekty\Hudba\music-editor\src\data\segments\samba\fccedcbfb8e64bb83593978fa6d047c2946167d1__s200000ms.wav,200000,20000,,samba
fccedcbfb8e64bb83593978fa6d047c2946167d1__220000ms,fccedcbfb8e64bb83593978fa6d047c2946167d1,SAMBA Pinacolada Tekila bum bum,D:\projekty\Hudba\music-editor\src\data\segments\samba\fccedcbfb8e64bb83593978fa6d047c2946167d1__s220000ms.wav,220000,20000,,samba
12b75b7396a3ef2ef43093887fff57a4b1578f76__0ms,12b75b7396a3ef2ef43093887fff57a4b1578f76,SAMBA Pitbull upraveno  3 to Tango (Video Oficial),D:\projekty\Hudba\music-editor\src\data\segments\samba\12b75b7396a3ef2ef43093887fff57a4b1578f76__s0ms.wav,0,20000,,samba
12b75b7396a3ef2ef43093887fff57a4b1578f76__20000ms,12b75b7396a3ef2ef43093887fff57a4b1578f76,SAMBA Pitbull upraveno  3 to Tango (Video Oficial),D:\projekty\Hudba\music-editor\src\data\segments\samba\12b75b7396a3ef2ef43093887fff57a4b1578f76__s20000ms.wav,20000,20000,,samba
12b75b7396a3ef2ef43093887fff57a4b1578f76__40000ms,12b75b7396a3ef2ef43093887fff57a4b1578f76,SAMBA Pitbull upraveno  3 to Tango (Video Oficial),D:\projekty\Hudba\music-editor\src\data\segments\samba\12b75b7396a3ef2ef43093887fff57a4b1578f76__s40000ms.wav,40000,20000,,samba
12b75b7396a3ef2ef43093887fff57a4b1578f76__60000ms,12b75b7396a3ef2ef43093887fff57a4b1578f76,SAMBA Pitbull upraveno  3 to Tango (Video Oficial),D:\projekty\Hudba\music-editor\src\data\segments\samba\12b75b7396a3ef2ef43093887fff57a4b1578f76__s60000ms.wav,60000,20000,,samba
12b75b7396a3ef2ef43093887fff57a4b1578f76__80000ms,12b75b7396a3ef2ef43093887fff57a4b1578f76,SAMBA Pitbull upraveno  3 to Tango (Video Oficial),D:\projekty\Hudba\music-editor\src\data\segments\samba\12b75b7396a3ef2ef43093887fff57a4b1578f76__s80000ms.wav,80000,20000,,samba
12b75b7396a3ef2ef43093887fff57a4b1578f76__100000ms,12b75b7396a3ef2ef43093887fff57a4b1578f76,SAMBA Pitbull upraveno  3 to Tango (Video Oficial),D:\projekty\Hudba\music-editor\src\data\segments\samba\12b75b7396a3ef2ef43093887fff57a4b1578f76__s100000ms.wav,100000,20000,,samba
12b75b7396a3ef2ef43093887fff57a4b1578f76__120000ms,12b75b7396a3ef2ef43093887fff57a4b1578f76,SAMBA Pitbull upraveno  3 to Tango (Video Oficial),D:\projekty\Hudba\music-editor\src\data\segments\samba\12b75b7396a3ef2ef43093887fff57a4b1578f76__s120000ms.wav,120000,20000,,samba
12b75b7396a3ef2ef43093887fff57a4b1578f76__140000ms,12b75b7396a3ef2ef43093887fff57a4b1578f76,SAMBA Pitbull upraveno  3 to Tango (Video Oficial),D:\projekty\Hudba\music-editor\src\data\segments\samba\12b75b7396a3ef2ef43093887fff57a4b1578f76__s140000ms.wav,140000,20000,,samba
985b104bebe59f1c6aa59ebb45d67543147dafb8__0ms,985b104bebe59f1c6aa59ebb45d67543147dafb8,SAMBA Ritmo Y Sabor [Samba 51 bpm] - Los Sobraos,D:\projekty\Hudba\music-editor\src\data\segments\samba\985b104bebe59f1c6aa59ebb45d67543147dafb8__s0ms.wav,0,20000,,samba
985b104bebe59f1c6aa59ebb45d67543147dafb8__20000ms,985b104bebe59f1c6aa59ebb45d67543147dafb8,SAMBA Ritmo Y Sabor [Samba 51 bpm] - Los Sobraos,D:\projekty\Hudba\music-editor\src\data\segments\samba\985b104bebe59f1c6aa59ebb45d67543147dafb8__s20000ms.wav,20000,20000,,samba
985b104bebe59f1c6aa59ebb45d67543147dafb8__40000ms,985b104bebe59f1c6aa59ebb45d67543147dafb8,SAMBA Ritmo Y Sabor [Samba 51 bpm] - Los Sobraos,D:\projekty\Hudba\music-editor\src\data\segments\samba\985b104bebe59f1c6aa59ebb45d67543147dafb8__s40000ms.wav,40000,20000,,samba
985b104bebe59f1c6aa59ebb45d67543147dafb8__60000ms,985b104bebe59f1c6aa59ebb45d67543147dafb8,SAMBA Ritmo Y Sabor [Samba 51 bpm] - Los Sobraos,D:\projekty\Hudba\music-editor\src\data\segments\samba\985b104bebe59f1c6aa59ebb45d67543147dafb8__s60000ms.wav,60000,20000,,samba
985b104bebe59f1c6aa59ebb45d67543147dafb8__80000ms,985b104bebe59f1c6aa59ebb45d67543147dafb8,SAMBA Ritmo Y Sabor [Samba 51 bpm] - Los Sobraos,D:\projekty\Hudba\music-editor\src\data\segments\samba\985b104bebe59f1c6aa59ebb45d67543147dafb8__s80000ms.wav,80000,20000,,samba
985b104bebe59f1c6aa59ebb45d67543147dafb8__100000ms,985b104bebe59f1c6aa59ebb45d67543147dafb8,SAMBA Ritmo Y Sabor [Samba 51 bpm] - Los Sobraos,D:\projekty\Hudba\music-editor\src\data\segments\samba\985b104bebe59f1c6aa59ebb45d67543147dafb8__s100000ms.wav,100000,20000,,samba
985b104bebe59f1c6aa59ebb45d67543147dafb8__120000ms,985b104bebe59f1c6aa59ebb45d67543147dafb8,SAMBA Ritmo Y Sabor [Samba 51 bpm] - Los Sobraos,D:\projekty\Hudba\music-editor\src\data\segments\samba\985b104bebe59f1c6aa59ebb45d67543147dafb8__s120000ms.wav,120000,20000,,samba
985b104bebe59f1c6aa59ebb45d67543147dafb8__140000ms,985b104bebe59f1c6aa59ebb45d67543147dafb8,SAMBA Ritmo Y Sabor [Samba 51 bpm] - Los Sobraos,D:\projekty\Hudba\music-editor\src\data\segments\samba\985b104bebe59f1c6aa59ebb45d67543147dafb8__s140000ms.wav,140000,20000,,samba
985b104bebe59f1c6aa59ebb45d67543147dafb8__160000ms,985b104bebe59f1c6aa59ebb45d67543147dafb8,SAMBA Ritmo Y Sabor [Samba 51 bpm] - Los Sobraos,D:\projekty\Hudba\music-editor\src\data\segments\samba\985b104bebe59f1c6aa59ebb45d67543147dafb8__s160000ms.wav,160000,20000,,samba
985b104bebe59f1c6aa59ebb45d67543147dafb8__180000ms,985b104bebe59f1c6aa59ebb45d67543147dafb8,SAMBA Ritmo Y Sabor [Samba 51 bpm] - Los Sobraos,D:\projekty\Hudba\music-editor\src\data\segments\samba\985b104bebe59f1c6aa59ebb45d67543147dafb8__s180000ms.wav,180000,20000,,samba
985b104bebe59f1c6aa59ebb45d67543147dafb8__200000ms,985b104bebe59f1c6aa59ebb45d67543147dafb8,SAMBA Ritmo Y Sabor [Samba 51 bpm] - Los Sobraos,D:\projekty\Hudba\music-editor\src\data\segments\samba\985b104bebe59f1c6aa59ebb45d67543147dafb8__s200000ms.wav,200000,20000,,samba
985b104bebe59f1c6aa59ebb45d67543147dafb8__220000ms,985b104bebe59f1c6aa59ebb45d67543147dafb8,SAMBA Ritmo Y Sabor [Samba 51 bpm] - Los Sobraos,D:\projekty\Hudba\music-editor\src\data\segments\samba\985b104bebe59f1c6aa59ebb45d67543147dafb8__s220000ms.wav,220000,20000,,samba
985b104bebe59f1c6aa59ebb45d67543147dafb8__240000ms,985b104bebe59f1c6aa59ebb45d67543147dafb8,SAMBA Ritmo Y Sabor [Samba 51 bpm] - Los Sobraos,D:\projekty\Hudba\music-editor\src\data\segments\samba\985b104bebe59f1c6aa59ebb45d67543147dafb8__s240000ms.wav,240000,20000,,samba
985b104bebe59f1c6aa59ebb45d67543147dafb8__260000ms,985b104bebe59f1c6aa59ebb45d67543147dafb8,SAMBA Ritmo Y Sabor [Samba 51 bpm] - Los Sobraos,D:\projekty\Hudba\music-editor\src\data\segments\samba\985b104bebe59f1c6aa59ebb45d67543147dafb8__s260000ms.wav,260000,20000,,samba
985b104bebe59f1c6aa59ebb45d67543147dafb8__280000ms,985b104bebe59f1c6aa59ebb45d67543147dafb8,SAMBA Ritmo Y Sabor [Samba 51 bpm] - Los Sobraos,D:\projekty\Hudba\music-editor\src\data\segments\samba\985b104bebe59f1c6aa59ebb45d67543147dafb8__s280000ms.wav,280000,9149,,samba
d251727b7523003c3155c997cd808cc2e48b3e18__0ms,d251727b7523003c3155c997cd808cc2e48b3e18,SAMBA SA2EA0~1,D:\projekty\Hudba\music-editor\src\data\segments\samba\d251727b7523003c3155c997cd808cc2e48b3e18__s0ms.wav,0,20000,,samba
d251727b7523003c3155c997cd808cc2e48b3e18__20000ms,d251727b7523003c3155c997cd808cc2e48b3e18,SAMBA SA2EA0~1,D:\projekty\Hudba\music-editor\src\data\segments\samba\d251727b7523003c3155c997cd808cc2e48b3e18__s20000ms.wav,20000,20000,,samba
d251727b7523003c3155c997cd808cc2e48b3e18__40000ms,d251727b7523003c3155c997cd808cc2e48b3e18,SAMBA SA2EA0~1,D:\projekty\Hudba\music-editor\src\data\segments\samba\d251727b7523003c3155c997cd808cc2e48b3e18__s40000ms.wav,40000,20000,,samba
d251727b7523003c3155c997cd808cc2e48b3e18__60000ms,d251727b7523003c3155c997cd808cc2e48b3e18,SAMBA SA2EA0~1,D:\projekty\Hudba\music-editor\src\data\segments\samba\d251727b7523003c3155c997cd808cc2e48b3e18__s60000ms.wav,60000,20000,,samba
d251727b7523003c3155c997cd808cc2e48b3e18__80000ms,d251727b7523003c3155c997cd808cc2e48b3e18,SAMBA SA2EA0~1,D:\projekty\Hudba\music-editor\src\data\segments\samba\d251727b7523003c3155c997cd808cc2e48b3e18__s80000ms.wav,80000,20000,,samba
d251727b7523003c3155c997cd808cc2e48b3e18__100000ms,d251727b7523003c3155c997cd808cc2e48b3e18,SAMBA SA2EA0~1,D:\projekty\Hudba\music-editor\src\data\segments\samba\d251727b7523003c3155c997cd808cc2e48b3e18__s100000ms.wav,100000,20000,,samba
d251727b7523003c3155c997cd808cc2e48b3e18__120000ms,d251727b7523003c3155c997cd808cc2e48b3e18,SAMBA SA2EA0~1,D:\projekty\Hudba\music-editor\src\data\segments\samba\d251727b7523003c3155c997cd808cc2e48b3e18__s120000ms.wav,120000,20000,,samba
d251727b7523003c3155c997cd808cc2e48b3e18__140000ms,d251727b7523003c3155c997cd808cc2e48b3e18,SAMBA SA2EA0~1,D:\projekty\Hudba\music-editor\src\data\segments\samba\d251727b7523003c3155c997cd808cc2e48b3e18__s140000ms.wav,140000,20000,,samba
d251727b7523003c3155c997cd808cc2e48b3e18__160000ms,d251727b7523003c3155c997cd808cc2e48b3e18,SAMBA SA2EA0~1,D:\projekty\Hudba\music-editor\src\data\segments\samba\d251727b7523003c3155c997cd808cc2e48b3e18__s160000ms.wav,160000,20000,,samba
d251727b7523003c3155c997cd808cc2e48b3e18__180000ms,d251727b7523003c3155c997cd808cc2e48b3e18,SAMBA SA2EA0~1,D:\projekty\Hudba\music-editor\src\data\segments\samba\d251727b7523003c3155c997cd808cc2e48b3e18__s180000ms.wav,180000,20000,,samba
d251727b7523003c3155c997cd808cc2e48b3e18__200000ms,d251727b7523003c3155c997cd808cc2e48b3e18,SAMBA SA2EA0~1,D:\projekty\Hudba\music-editor\src\data\segments\samba\d251727b7523003c3155c997cd808cc2e48b3e18__s200000ms.wav,200000,20000,,samba
2cb3873965ab1287f5b4c987deba8a240e0d9026__0ms,2cb3873965ab1287f5b4c987deba8a240e0d9026,SAMBA Sak Noel upravená Salvi ft Sean Paul   Trumpets (Official Video),D:\projekty\Hudba\music-editor\src\data\segments\samba\2cb3873965ab1287f5b4c987deba8a240e0d9026__s0ms.wav,0,20000,,samba
2cb3873965ab1287f5b4c987deba8a240e0d9026__20000ms,2cb3873965ab1287f5b4c987deba8a240e0d9026,SAMBA Sak Noel upravená Salvi ft Sean Paul   Trumpets (Official Video),D:\projekty\Hudba\music-editor\src\data\segments\samba\2cb3873965ab1287f5b4c987deba8a240e0d9026__s20000ms.wav,20000,20000,,samba
2cb3873965ab1287f5b4c987deba8a240e0d9026__40000ms,2cb3873965ab1287f5b4c987deba8a240e0d9026,SAMBA Sak Noel upravená Salvi ft Sean Paul   Trumpets (Official Video),D:\projekty\Hudba\music-editor\src\data\segments\samba\2cb3873965ab1287f5b4c987deba8a240e0d9026__s40000ms.wav,40000,20000,,samba
2cb3873965ab1287f5b4c987deba8a240e0d9026__60000ms,2cb3873965ab1287f5b4c987deba8a240e0d9026,SAMBA Sak Noel upravená Salvi ft Sean Paul   Trumpets (Official Video),D:\projekty\Hudba\music-editor\src\data\segments\samba\2cb3873965ab1287f5b4c987deba8a240e0d9026__s60000ms.wav,60000,20000,,samba
2cb3873965ab1287f5b4c987deba8a240e0d9026__80000ms,2cb3873965ab1287f5b4c987deba8a240e0d9026,SAMBA Sak Noel upravená Salvi ft Sean Paul   Trumpets (Official Video),D:\projekty\Hudba\music-editor\src\data\segments\samba\2cb3873965ab1287f5b4c987deba8a240e0d9026__s80000ms.wav,80000,20000,,samba
2cb3873965ab1287f5b4c987deba8a240e0d9026__100000ms,2cb3873965ab1287f5b4c987deba8a240e0d9026,SAMBA Sak Noel upravená Salvi ft Sean Paul   Trumpets (Official Video),D:\projekty\Hudba\music-editor\src\data\segments\samba\2cb3873965ab1287f5b4c987deba8a240e0d9026__s100000ms.wav,100000,20000,,samba
2cb3873965ab1287f5b4c987deba8a240e0d9026__120000ms,2cb3873965ab1287f5b4c987deba8a240e0d9026,SAMBA Sak Noel upravená Salvi ft Sean Paul   Trumpets (Official Video),D:\projekty\Hudba\music-editor\src\data\segments\samba\2cb3873965ab1287f5b4c987deba8a240e0d9026__s120000ms.wav,120000,14139,,samba
692386d35d41d0351c9c69c6d635592bbbcc7bba__0ms,692386d35d41d0351c9c69c6d635592bbbcc7bba,"SAMBA Sandro Cavazza, Georgia Ku   Love To Los",D:\projekty\Hudba\music-editor\src\data\segments\samba\692386d35d41d0351c9c69c6d635592bbbcc7bba__s0ms.wav,0,20000,,samba
692386d35d41d0351c9c69c6d635592bbbcc7bba__20000ms,692386d35d41d0351c9c69c6d635592bbbcc7bba,"SAMBA Sandro Cavazza, Georgia Ku   Love To Los",D:\projekty\Hudba\music-editor\src\data\segments\samba\692386d35d41d0351c9c69c6d635592bbbcc7bba__s20000ms.wav,20000,20000,,samba
692386d35d41d0351c9c69c6d635592bbbcc7bba__40000ms,692386d35d41d0351c9c69c6d635592bbbcc7bba,"SAMBA Sandro Cavazza, Georgia Ku   Love To Los",D:\projekty\Hudba\music-editor\src\data\segments\samba\692386d35d41d0351c9c69c6d635592bbbcc7bba__s40000ms.wav,40000,20000,,samba
692386d35d41d0351c9c69c6d635592bbbcc7bba__60000ms,692386d35d41d0351c9c69c6d635592bbbcc7bba,"SAMBA Sandro Cavazza, Georgia Ku   Love To Los",D:\projekty\Hudba\music-editor\src\data\segments\samba\692386d35d41d0351c9c69c6d635592bbbcc7bba__s60000ms.wav,60000,20000,,samba
692386d35d41d0351c9c69c6d635592bbbcc7bba__80000ms,692386d35d41d0351c9c69c6d635592bbbcc7bba,"SAMBA Sandro Cavazza, Georgia Ku   Love To Los",D:\projekty\Hudba\music-editor\src\data\segments\samba\692386d35d41d0351c9c69c6d635592bbbcc7bba__s80000ms.wav,80000,20000,,samba
692386d35d41d0351c9c69c6d635592bbbcc7bba__100000ms,692386d35d41d0351c9c69c6d635592bbbcc7bba,"SAMBA Sandro Cavazza, Georgia Ku   Love To Los",D:\projekty\Hudba\music-editor\src\data\segments\samba\692386d35d41d0351c9c69c6d635592bbbcc7bba__s100000ms.wav,100000,20000,,samba
692386d35d41d0351c9c69c6d635592bbbcc7bba__120000ms,692386d35d41d0351c9c69c6d635592bbbcc7bba,"SAMBA Sandro Cavazza, Georgia Ku   Love To Los",D:\projekty\Hudba\music-editor\src\data\segments\samba\692386d35d41d0351c9c69c6d635592bbbcc7bba__s120000ms.wav,120000,20000,,samba
692386d35d41d0351c9c69c6d635592bbbcc7bba__140000ms,692386d35d41d0351c9c69c6d635592bbbcc7bba,"SAMBA Sandro Cavazza, Georgia Ku   Love To Los",D:\projekty\Hudba\music-editor\src\data\segments\samba\692386d35d41d0351c9c69c6d635592bbbcc7bba__s140000ms.wav,140000,20000,,samba
692386d35d41d0351c9c69c6d635592bbbcc7bba__160000ms,692386d35d41d0351c9c69c6d635592bbbcc7bba,"SAMBA Sandro Cavazza, Georgia Ku   Love To Los",D:\projekty\Hudba\music-editor\src\data\segments\samba\692386d35d41d0351c9c69c6d635592bbbcc7bba__s160000ms.wav,160000,20000,,samba
692386d35d41d0351c9c69c6d635592bbbcc7bba__180000ms,692386d35d41d0351c9c69c6d635592bbbcc7bba,"SAMBA Sandro Cavazza, Georgia Ku   Love To Los",D:\projekty\Hudba\music-editor\src\data\segments\samba\692386d35d41d0351c9c69c6d635592bbbcc7bba__s180000ms.wav,180000,10537,,samba
e1c52db43c878a07905376e26c21c82bae1bd476__0ms,e1c52db43c878a07905376e26c21c82bae1bd476,SAMBA Steel Drum,D:\projekty\Hudba\music-editor\src\data\segments\samba\e1c52db43c878a07905376e26c21c82bae1bd476__s0ms.wav,0,20000,,samba
e1c52db43c878a07905376e26c21c82bae1bd476__20000ms,e1c52db43c878a07905376e26c21c82bae1bd476,SAMBA Steel Drum,D:\projekty\Hudba\music-editor\src\data\segments\samba\e1c52db43c878a07905376e26c21c82bae1bd476__s20000ms.wav,20000,20000,,samba
e1c52db43c878a07905376e26c21c82bae1bd476__40000ms,e1c52db43c878a07905376e26c21c82bae1bd476,SAMBA Steel Drum,D:\projekty\Hudba\music-editor\src\data\segments\samba\e1c52db43c878a07905376e26c21c82bae1bd476__s40000ms.wav,40000,20000,,samba
e1c52db43c878a07905376e26c21c82bae1bd476__60000ms,e1c52db43c878a07905376e26c21c82bae1bd476,SAMBA Steel Drum,D:\projekty\Hudba\music-editor\src\data\segments\samba\e1c52db43c878a07905376e26c21c82bae1bd476__s60000ms.wav,60000,20000,,samba
e1c52db43c878a07905376e26c21c82bae1bd476__80000ms,e1c52db43c878a07905376e26c21c82bae1bd476,SAMBA Steel Drum,D:\projekty\Hudba\music-editor\src\data\segments\samba\e1c52db43c878a07905376e26c21c82bae1bd476__s80000ms.wav,80000,20000,,samba
e1c52db43c878a07905376e26c21c82bae1bd476__100000ms,e1c52db43c878a07905376e26c21c82bae1bd476,SAMBA Steel Drum,D:\projekty\Hudba\music-editor\src\data\segments\samba\e1c52db43c878a07905376e26c21c82bae1bd476__s100000ms.wav,100000,20000,,samba
e1c52db43c878a07905376e26c21c82bae1bd476__120000ms,e1c52db43c878a07905376e26c21c82bae1bd476,SAMBA Steel Drum,D:\projekty\Hudba\music-editor\src\data\segments\samba\e1c52db43c878a07905376e26c21c82bae1bd476__s120000ms.wav,120000,20000,,samba
e1c52db43c878a07905376e26c21c82bae1bd476__140000ms,e1c52db43c878a07905376e26c21c82bae1bd476,SAMBA Steel Drum,D:\projekty\Hudba\music-editor\src\data\segments\samba\e1c52db43c878a07905376e26c21c82bae1bd476__s140000ms.wav,140000,20000,,samba
e1c52db43c878a07905376e26c21c82bae1bd476__160000ms,e1c52db43c878a07905376e26c21c82bae1bd476,SAMBA Steel Drum,D:\projekty\Hudba\music-editor\src\data\segments\samba\e1c52db43c878a07905376e26c21c82bae1bd476__s160000ms.wav,160000,14263,,samba
a6c9fbaea475bf37e021ea800e618612f051d164__0ms,a6c9fbaea475bf37e021ea800e618612f051d164,SAMBA SÚBEME LA RADIO (Samba Edit)   Enrique Iglesias ft Santi Barreiro  DANCESPORT MUSIC 2017,D:\projekty\Hudba\music-editor\src\data\segments\samba\a6c9fbaea475bf37e021ea800e618612f051d164__s0ms.wav,0,20000,,samba
a6c9fbaea475bf37e021ea800e618612f051d164__20000ms,a6c9fbaea475bf37e021ea800e618612f051d164,SAMBA SÚBEME LA RADIO (Samba Edit)   Enrique Iglesias ft Santi Barreiro  DANCESPORT MUSIC 2017,D:\projekty\Hudba\music-editor\src\data\segments\samba\a6c9fbaea475bf37e021ea800e618612f051d164__s20000ms.wav,20000,20000,,samba
a6c9fbaea475bf37e021ea800e618612f051d164__40000ms,a6c9fbaea475bf37e021ea800e618612f051d164,SAMBA SÚBEME LA RADIO (Samba Edit)   Enrique Iglesias ft Santi Barreiro  DANCESPORT MUSIC 2017,D:\projekty\Hudba\music-editor\src\data\segments\samba\a6c9fbaea475bf37e021ea800e618612f051d164__s40000ms.wav,40000,20000,,samba
a6c9fbaea475bf37e021ea800e618612f051d164__60000ms,a6c9fbaea475bf37e021ea800e618612f051d164,SAMBA SÚBEME LA RADIO (Samba Edit)   Enrique Iglesias ft Santi Barreiro  DANCESPORT MUSIC 2017,D:\projekty\Hudba\music-editor\src\data\segments\samba\a6c9fbaea475bf37e021ea800e618612f051d164__s60000ms.wav,60000,20000,,samba
a6c9fbaea475bf37e021ea800e618612f051d164__80000ms,a6c9fbaea475bf37e021ea800e618612f051d164,SAMBA SÚBEME LA RADIO (Samba Edit)   Enrique Iglesias ft Santi Barreiro  DANCESPORT MUSIC 2017,D:\projekty\Hudba\music-editor\src\data\segments\samba\a6c9fbaea475bf37e021ea800e618612f051d164__s80000ms.wav,80000,20000,,samba
a6c9fbaea475bf37e021ea800e618612f051d164__100000ms,a6c9fbaea475bf37e021ea800e618612f051d164,SAMBA SÚBEME LA RADIO (Samba Edit)   Enrique Iglesias ft Santi Barreiro  DANCESPORT MUSIC 2017,D:\projekty\Hudba\music-editor\src\data\segments\samba\a6c9fbaea475bf37e021ea800e618612f051d164__s100000ms.wav,100000,18544,,samba
eb6ffd0a64d3ade464d8e3447174424592546b41__0ms,eb6ffd0a64d3ade464d8e3447174424592546b41,SAMBA Take a Chance on Me (Samba,D:\projekty\Hudba\music-editor\src\data\segments\samba\eb6ffd0a64d3ade464d8e3447174424592546b41__s0ms.wav,0,20000,,samba
eb6ffd0a64d3ade464d8e3447174424592546b41__20000ms,eb6ffd0a64d3ade464d8e3447174424592546b41,SAMBA Take a Chance on Me (Samba,D:\projekty\Hudba\music-editor\src\data\segments\samba\eb6ffd0a64d3ade464d8e3447174424592546b41__s20000ms.wav,20000,20000,,samba
eb6ffd0a64d3ade464d8e3447174424592546b41__40000ms,eb6ffd0a64d3ade464d8e3447174424592546b41,SAMBA Take a Chance on Me (Samba,D:\projekty\Hudba\music-editor\src\data\segments\samba\eb6ffd0a64d3ade464d8e3447174424592546b41__s40000ms.wav,40000,20000,,samba
eb6ffd0a64d3ade464d8e3447174424592546b41__60000ms,eb6ffd0a64d3ade464d8e3447174424592546b41,SAMBA Take a Chance on Me (Samba,D:\projekty\Hudba\music-editor\src\data\segments\samba\eb6ffd0a64d3ade464d8e3447174424592546b41__s60000ms.wav,60000,20000,,samba
eb6ffd0a64d3ade464d8e3447174424592546b41__80000ms,eb6ffd0a64d3ade464d8e3447174424592546b41,SAMBA Take a Chance on Me (Samba,D:\projekty\Hudba\music-editor\src\data\segments\samba\eb6ffd0a64d3ade464d8e3447174424592546b41__s80000ms.wav,80000,20000,,samba
eb6ffd0a64d3ade464d8e3447174424592546b41__100000ms,eb6ffd0a64d3ade464d8e3447174424592546b41,SAMBA Take a Chance on Me (Samba,D:\projekty\Hudba\music-editor\src\data\segments\samba\eb6ffd0a64d3ade464d8e3447174424592546b41__s100000ms.wav,100000,20000,,samba
eb6ffd0a64d3ade464d8e3447174424592546b41__120000ms,eb6ffd0a64d3ade464d8e3447174424592546b41,SAMBA Take a Chance on Me (Samba,D:\projekty\Hudba\music-editor\src\data\segments\samba\eb6ffd0a64d3ade464d8e3447174424592546b41__s120000ms.wav,120000,20000,,samba
eb6ffd0a64d3ade464d8e3447174424592546b41__140000ms,eb6ffd0a64d3ade464d8e3447174424592546b41,SAMBA Take a Chance on Me (Samba,D:\projekty\Hudba\music-editor\src\data\segments\samba\eb6ffd0a64d3ade464d8e3447174424592546b41__s140000ms.wav,140000,20000,,samba
eb6ffd0a64d3ade464d8e3447174424592546b41__160000ms,eb6ffd0a64d3ade464d8e3447174424592546b41,SAMBA Take a Chance on Me (Samba,D:\projekty\Hudba\music-editor\src\data\segments\samba\eb6ffd0a64d3ade464d8e3447174424592546b41__s160000ms.wav,160000,20000,,samba
eb6ffd0a64d3ade464d8e3447174424592546b41__180000ms,eb6ffd0a64d3ade464d8e3447174424592546b41,SAMBA Take a Chance on Me (Samba,D:\projekty\Hudba\music-editor\src\data\segments\samba\eb6ffd0a64d3ade464d8e3447174424592546b41__s180000ms.wav,180000,20000,,samba
eb6ffd0a64d3ade464d8e3447174424592546b41__200000ms,eb6ffd0a64d3ade464d8e3447174424592546b41,SAMBA Take a Chance on Me (Samba,D:\projekty\Hudba\music-editor\src\data\segments\samba\eb6ffd0a64d3ade464d8e3447174424592546b41__s200000ms.wav,200000,20000,,samba
eb6ffd0a64d3ade464d8e3447174424592546b41__220000ms,eb6ffd0a64d3ade464d8e3447174424592546b41,SAMBA Take a Chance on Me (Samba,D:\projekty\Hudba\music-editor\src\data\segments\samba\eb6ffd0a64d3ade464d8e3447174424592546b41__s220000ms.wav,220000,20000,,samba
eb6ffd0a64d3ade464d8e3447174424592546b41__240000ms,eb6ffd0a64d3ade464d8e3447174424592546b41,SAMBA Take a Chance on Me (Samba,D:\projekty\Hudba\music-editor\src\data\segments\samba\eb6ffd0a64d3ade464d8e3447174424592546b41__s240000ms.wav,240000,20000,,samba
ce5f9da343e1678f51608dd48186f3e7f2df1b7e__0ms,ce5f9da343e1678f51608dd48186f3e7f2df1b7e,SAMBA Toma Toma Samb,D:\projekty\Hudba\music-editor\src\data\segments\samba\ce5f9da343e1678f51608dd48186f3e7f2df1b7e__s0ms.wav,0,20000,,samba
ce5f9da343e1678f51608dd48186f3e7f2df1b7e__20000ms,ce5f9da343e1678f51608dd48186f3e7f2df1b7e,SAMBA Toma Toma Samb,D:\projekty\Hudba\music-editor\src\data\segments\samba\ce5f9da343e1678f51608dd48186f3e7f2df1b7e__s20000ms.wav,20000,20000,,samba
ce5f9da343e1678f51608dd48186f3e7f2df1b7e__40000ms,ce5f9da343e1678f51608dd48186f3e7f2df1b7e,SAMBA Toma Toma Samb,D:\projekty\Hudba\music-editor\src\data\segments\samba\ce5f9da343e1678f51608dd48186f3e7f2df1b7e__s40000ms.wav,40000,20000,,samba
ce5f9da343e1678f51608dd48186f3e7f2df1b7e__60000ms,ce5f9da343e1678f51608dd48186f3e7f2df1b7e,SAMBA Toma Toma Samb,D:\projekty\Hudba\music-editor\src\data\segments\samba\ce5f9da343e1678f51608dd48186f3e7f2df1b7e__s60000ms.wav,60000,20000,,samba
ce5f9da343e1678f51608dd48186f3e7f2df1b7e__80000ms,ce5f9da343e1678f51608dd48186f3e7f2df1b7e,SAMBA Toma Toma Samb,D:\projekty\Hudba\music-editor\src\data\segments\samba\ce5f9da343e1678f51608dd48186f3e7f2df1b7e__s80000ms.wav,80000,20000,,samba
ce5f9da343e1678f51608dd48186f3e7f2df1b7e__100000ms,ce5f9da343e1678f51608dd48186f3e7f2df1b7e,SAMBA Toma Toma Samb,D:\projekty\Hudba\music-editor\src\data\segments\samba\ce5f9da343e1678f51608dd48186f3e7f2df1b7e__s100000ms.wav,100000,20000,,samba
ce5f9da343e1678f51608dd48186f3e7f2df1b7e__120000ms,ce5f9da343e1678f51608dd48186f3e7f2df1b7e,SAMBA Toma Toma Samb,D:\projekty\Hudba\music-editor\src\data\segments\samba\ce5f9da343e1678f51608dd48186f3e7f2df1b7e__s120000ms.wav,120000,17091,,samba
6a7a25388dc38a3f6fededf00226218efcebe243__0ms,6a7a25388dc38a3f6fededf00226218efcebe243,Samba Utopia   Bang La Decks vs DJ Move It (Samba 51 BPM),D:\projekty\Hudba\music-editor\src\data\segments\samba\6a7a25388dc38a3f6fededf00226218efcebe243__s0ms.wav,0,20000,,samba
6a7a25388dc38a3f6fededf00226218efcebe243__20000ms,6a7a25388dc38a3f6fededf00226218efcebe243,Samba Utopia   Bang La Decks vs DJ Move It (Samba 51 BPM),D:\projekty\Hudba\music-editor\src\data\segments\samba\6a7a25388dc38a3f6fededf00226218efcebe243__s20000ms.wav,20000,20000,,samba
6a7a25388dc38a3f6fededf00226218efcebe243__40000ms,6a7a25388dc38a3f6fededf00226218efcebe243,Samba Utopia   Bang La Decks vs DJ Move It (Samba 51 BPM),D:\projekty\Hudba\music-editor\src\data\segments\samba\6a7a25388dc38a3f6fededf00226218efcebe243__s40000ms.wav,40000,20000,,samba
6a7a25388dc38a3f6fededf00226218efcebe243__60000ms,6a7a25388dc38a3f6fededf00226218efcebe243,Samba Utopia   Bang La Decks vs DJ Move It (Samba 51 BPM),D:\projekty\Hudba\music-editor\src\data\segments\samba\6a7a25388dc38a3f6fededf00226218efcebe243__s60000ms.wav,60000,20000,,samba
6a7a25388dc38a3f6fededf00226218efcebe243__80000ms,6a7a25388dc38a3f6fededf00226218efcebe243,Samba Utopia   Bang La Decks vs DJ Move It (Samba 51 BPM),D:\projekty\Hudba\music-editor\src\data\segments\samba\6a7a25388dc38a3f6fededf00226218efcebe243__s80000ms.wav,80000,20000,,samba
6a7a25388dc38a3f6fededf00226218efcebe243__100000ms,6a7a25388dc38a3f6fededf00226218efcebe243,Samba Utopia   Bang La Decks vs DJ Move It (Samba 51 BPM),D:\projekty\Hudba\music-editor\src\data\segments\samba\6a7a25388dc38a3f6fededf00226218efcebe243__s100000ms.wav,100000,20000,,samba
6a7a25388dc38a3f6fededf00226218efcebe243__120000ms,6a7a25388dc38a3f6fededf00226218efcebe243,Samba Utopia   Bang La Decks vs DJ Move It (Samba 51 BPM),D:\projekty\Hudba\music-editor\src\data\segments\samba\6a7a25388dc38a3f6fededf00226218efcebe243__s120000ms.wav,120000,20000,,samba
6a7a25388dc38a3f6fededf00226218efcebe243__140000ms,6a7a25388dc38a3f6fededf00226218efcebe243,Samba Utopia   Bang La Decks vs DJ Move It (Samba 51 BPM),D:\projekty\Hudba\music-editor\src\data\segments\samba\6a7a25388dc38a3f6fededf00226218efcebe243__s140000ms.wav,140000,20000,,samba
6a7a25388dc38a3f6fededf00226218efcebe243__160000ms,6a7a25388dc38a3f6fededf00226218efcebe243,Samba Utopia   Bang La Decks vs DJ Move It (Samba 51 BPM),D:\projekty\Hudba\music-editor\src\data\segments\samba\6a7a25388dc38a3f6fededf00226218efcebe243__s160000ms.wav,160000,20000,,samba
6a7a25388dc38a3f6fededf00226218efcebe243__180000ms,6a7a25388dc38a3f6fededf00226218efcebe243,Samba Utopia   Bang La Decks vs DJ Move It (Samba 51 BPM),D:\projekty\Hudba\music-editor\src\data\segments\samba\6a7a25388dc38a3f6fededf00226218efcebe243__s180000ms.wav,180000,16911,,samba
38cd2255b8db53778725f2229cb984b3a097197c__0ms,38cd2255b8db53778725f2229cb984b3a097197c,SAMBA Ven A Vivir upravená [Samba 51 bpm] - Gusanito,D:\projekty\Hudba\music-editor\src\data\segments\samba\38cd2255b8db53778725f2229cb984b3a097197c__s0ms.wav,0,20000,,samba
38cd2255b8db53778725f2229cb984b3a097197c__20000ms,38cd2255b8db53778725f2229cb984b3a097197c,SAMBA Ven A Vivir upravená [Samba 51 bpm] - Gusanito,D:\projekty\Hudba\music-editor\src\data\segments\samba\38cd2255b8db53778725f2229cb984b3a097197c__s20000ms.wav,20000,20000,,samba
38cd2255b8db53778725f2229cb984b3a097197c__40000ms,38cd2255b8db53778725f2229cb984b3a097197c,SAMBA Ven A Vivir upravená [Samba 51 bpm] - Gusanito,D:\projekty\Hudba\music-editor\src\data\segments\samba\38cd2255b8db53778725f2229cb984b3a097197c__s40000ms.wav,40000,20000,,samba
38cd2255b8db53778725f2229cb984b3a097197c__60000ms,38cd2255b8db53778725f2229cb984b3a097197c,SAMBA Ven A Vivir upravená [Samba 51 bpm] - Gusanito,D:\projekty\Hudba\music-editor\src\data\segments\samba\38cd2255b8db53778725f2229cb984b3a097197c__s60000ms.wav,60000,20000,,samba
38cd2255b8db53778725f2229cb984b3a097197c__80000ms,38cd2255b8db53778725f2229cb984b3a097197c,SAMBA Ven A Vivir upravená [Samba 51 bpm] - Gusanito,D:\projekty\Hudba\music-editor\src\data\segments\samba\38cd2255b8db53778725f2229cb984b3a097197c__s80000ms.wav,80000,20000,,samba
38cd2255b8db53778725f2229cb984b3a097197c__100000ms,38cd2255b8db53778725f2229cb984b3a097197c,SAMBA Ven A Vivir upravená [Samba 51 bpm] - Gusanito,D:\projekty\Hudba\music-editor\src\data\segments\samba\38cd2255b8db53778725f2229cb984b3a097197c__s100000ms.wav,100000,20000,,samba
38cd2255b8db53778725f2229cb984b3a097197c__120000ms,38cd2255b8db53778725f2229cb984b3a097197c,SAMBA Ven A Vivir upravená [Samba 51 bpm] - Gusanito,D:\projekty\Hudba\music-editor\src\data\segments\samba\38cd2255b8db53778725f2229cb984b3a097197c__s120000ms.wav,120000,20000,,samba
38cd2255b8db53778725f2229cb984b3a097197c__140000ms,38cd2255b8db53778725f2229cb984b3a097197c,SAMBA Ven A Vivir upravená [Samba 51 bpm] - Gusanito,D:\projekty\Hudba\music-editor\src\data\segments\samba\38cd2255b8db53778725f2229cb984b3a097197c__s140000ms.wav,140000,20000,,samba
38cd2255b8db53778725f2229cb984b3a097197c__160000ms,38cd2255b8db53778725f2229cb984b3a097197c,SAMBA Ven A Vivir upravená [Samba 51 bpm] - Gusanito,D:\projekty\Hudba\music-editor\src\data\segments\samba\38cd2255b8db53778725f2229cb984b3a097197c__s160000ms.wav,160000,20000,,samba
38cd2255b8db53778725f2229cb984b3a097197c__180000ms,38cd2255b8db53778725f2229cb984b3a097197c,SAMBA Ven A Vivir upravená [Samba 51 bpm] - Gusanito,D:\projekty\Hudba\music-editor\src\data\segments\samba\38cd2255b8db53778725f2229cb984b3a097197c__s180000ms.wav,180000,20000,,samba
38cd2255b8db53778725f2229cb984b3a097197c__200000ms,38cd2255b8db53778725f2229cb984b3a097197c,SAMBA Ven A Vivir upravená [Samba 51 bpm] - Gusanito,D:\projekty\Hudba\music-editor\src\data\segments\samba\38cd2255b8db53778725f2229cb984b3a097197c__s200000ms.wav,200000,20000,,samba
19901a97a32322dc33644cb69635b72cda514db1__0ms,19901a97a32322dc33644cb69635b72cda514db1,Slow Fox   Dolce Vita,D:\projekty\Hudba\music-editor\src\data\segments\slowfox\19901a97a32322dc33644cb69635b72cda514db1__s0ms.wav,0,20000,,slowfox
19901a97a32322dc33644cb69635b72cda514db1__20000ms,19901a97a32322dc33644cb69635b72cda514db1,Slow Fox   Dolce Vita,D:\projekty\Hudba\music-editor\src\data\segments\slowfox\19901a97a32322dc33644cb69635b72cda514db1__s20000ms.wav,20000,20000,,slowfox
19901a97a32322dc33644cb69635b72cda514db1__40000ms,19901a97a32322dc33644cb69635b72cda514db1,Slow Fox   Dolce Vita,D:\projekty\Hudba\music-editor\src\data\segments\slowfox\19901a97a32322dc33644cb69635b72cda514db1__s40000ms.wav,40000,20000,,slowfox
19901a97a32322dc33644cb69635b72cda514db1__60000ms,19901a97a32322dc33644cb69635b72cda514db1,Slow Fox   Dolce Vita,D:\projekty\Hudba\music-editor\src\data\segments\slowfox\19901a97a32322dc33644cb69635b72cda514db1__s60000ms.wav,60000,20000,,slowfox
19901a97a32322dc33644cb69635b72cda514db1__80000ms,19901a97a32322dc33644cb69635b72cda514db1,Slow Fox   Dolce Vita,D:\projekty\Hudba\music-editor\src\data\segments\slowfox\19901a97a32322dc33644cb69635b72cda514db1__s80000ms.wav,80000,20000,,slowfox
19901a97a32322dc33644cb69635b72cda514db1__100000ms,19901a97a32322dc33644cb69635b72cda514db1,Slow Fox   Dolce Vita,D:\projekty\Hudba\music-editor\src\data\segments\slowfox\19901a97a32322dc33644cb69635b72cda514db1__s100000ms.wav,100000,20000,,slowfox
19901a97a32322dc33644cb69635b72cda514db1__120000ms,19901a97a32322dc33644cb69635b72cda514db1,Slow Fox   Dolce Vita,D:\projekty\Hudba\music-editor\src\data\segments\slowfox\19901a97a32322dc33644cb69635b72cda514db1__s120000ms.wav,120000,20000,,slowfox
19901a97a32322dc33644cb69635b72cda514db1__140000ms,19901a97a32322dc33644cb69635b72cda514db1,Slow Fox   Dolce Vita,D:\projekty\Hudba\music-editor\src\data\segments\slowfox\19901a97a32322dc33644cb69635b72cda514db1__s140000ms.wav,140000,20000,,slowfox
19901a97a32322dc33644cb69635b72cda514db1__160000ms,19901a97a32322dc33644cb69635b72cda514db1,Slow Fox   Dolce Vita,D:\projekty\Hudba\music-editor\src\data\segments\slowfox\19901a97a32322dc33644cb69635b72cda514db1__s160000ms.wav,160000,20000,,slowfox
19901a97a32322dc33644cb69635b72cda514db1__180000ms,19901a97a32322dc33644cb69635b72cda514db1,Slow Fox   Dolce Vita,D:\projekty\Hudba\music-editor\src\data\segments\slowfox\19901a97a32322dc33644cb69635b72cda514db1__s180000ms.wav,180000,18217,,slowfox
724e4e20981836d1cdb13f28e6c5ca61be1581c6__0ms,724e4e20981836d1cdb13f28e6c5ca61be1581c6,Slow Fox   Feeling Good,D:\projekty\Hudba\music-editor\src\data\segments\slowfox\724e4e20981836d1cdb13f28e6c5ca61be1581c6__s0ms.wav,0,20000,,slowfox
724e4e20981836d1cdb13f28e6c5ca61be1581c6__20000ms,724e4e20981836d1cdb13f28e6c5ca61be1581c6,Slow Fox   Feeling Good,D:\projekty\Hudba\music-editor\src\data\segments\slowfox\724e4e20981836d1cdb13f28e6c5ca61be1581c6__s20000ms.wav,20000,20000,,slowfox
724e4e20981836d1cdb13f28e6c5ca61be1581c6__40000ms,724e4e20981836d1cdb13f28e6c5ca61be1581c6,Slow Fox   Feeling Good,D:\projekty\Hudba\music-editor\src\data\segments\slowfox\724e4e20981836d1cdb13f28e6c5ca61be1581c6__s40000ms.wav,40000,20000,,slowfox
724e4e20981836d1cdb13f28e6c5ca61be1581c6__60000ms,724e4e20981836d1cdb13f28e6c5ca61be1581c6,Slow Fox   Feeling Good,D:\projekty\Hudba\music-editor\src\data\segments\slowfox\724e4e20981836d1cdb13f28e6c5ca61be1581c6__s60000ms.wav,60000,20000,,slowfox
724e4e20981836d1cdb13f28e6c5ca61be1581c6__80000ms,724e4e20981836d1cdb13f28e6c5ca61be1581c6,Slow Fox   Feeling Good,D:\projekty\Hudba\music-editor\src\data\segments\slowfox\724e4e20981836d1cdb13f28e6c5ca61be1581c6__s80000ms.wav,80000,20000,,slowfox
724e4e20981836d1cdb13f28e6c5ca61be1581c6__100000ms,724e4e20981836d1cdb13f28e6c5ca61be1581c6,Slow Fox   Feeling Good,D:\projekty\Hudba\music-editor\src\data\segments\slowfox\724e4e20981836d1cdb13f28e6c5ca61be1581c6__s100000ms.wav,100000,20000,,slowfox
724e4e20981836d1cdb13f28e6c5ca61be1581c6__120000ms,724e4e20981836d1cdb13f28e6c5ca61be1581c6,Slow Fox   Feeling Good,D:\projekty\Hudba\music-editor\src\data\segments\slowfox\724e4e20981836d1cdb13f28e6c5ca61be1581c6__s120000ms.wav,120000,10247,,slowfox
32195fea1f1263e91753c6c62c47f4f453ed732f__0ms,32195fea1f1263e91753c6c62c47f4f453ed732f,Slow Fox   White Christma,D:\projekty\Hudba\music-editor\src\data\segments\slowfox\32195fea1f1263e91753c6c62c47f4f453ed732f__s0ms.wav,0,20000,,slowfox
32195fea1f1263e91753c6c62c47f4f453ed732f__20000ms,32195fea1f1263e91753c6c62c47f4f453ed732f,Slow Fox   White Christma,D:\projekty\Hudba\music-editor\src\data\segments\slowfox\32195fea1f1263e91753c6c62c47f4f453ed732f__s20000ms.wav,20000,20000,,slowfox
32195fea1f1263e91753c6c62c47f4f453ed732f__40000ms,32195fea1f1263e91753c6c62c47f4f453ed732f,Slow Fox   White Christma,D:\projekty\Hudba\music-editor\src\data\segments\slowfox\32195fea1f1263e91753c6c62c47f4f453ed732f__s40000ms.wav,40000,20000,,slowfox
32195fea1f1263e91753c6c62c47f4f453ed732f__60000ms,32195fea1f1263e91753c6c62c47f4f453ed732f,Slow Fox   White Christma,D:\projekty\Hudba\music-editor\src\data\segments\slowfox\32195fea1f1263e91753c6c62c47f4f453ed732f__s60000ms.wav,60000,20000,,slowfox
32195fea1f1263e91753c6c62c47f4f453ed732f__80000ms,32195fea1f1263e91753c6c62c47f4f453ed732f,Slow Fox   White Christma,D:\projekty\Hudba\music-editor\src\data\segments\slowfox\32195fea1f1263e91753c6c62c47f4f453ed732f__s80000ms.wav,80000,20000,,slowfox
32195fea1f1263e91753c6c62c47f4f453ed732f__100000ms,32195fea1f1263e91753c6c62c47f4f453ed732f,Slow Fox   White Christma,D:\projekty\Hudba\music-editor\src\data\segments\slowfox\32195fea1f1263e91753c6c62c47f4f453ed732f__s100000ms.wav,100000,20000,,slowfox
32195fea1f1263e91753c6c62c47f4f453ed732f__120000ms,32195fea1f1263e91753c6c62c47f4f453ed732f,Slow Fox   White Christma,D:\projekty\Hudba\music-editor\src\data\segments\slowfox\32195fea1f1263e91753c6c62c47f4f453ed732f__s120000ms.wav,120000,20000,,slowfox
32195fea1f1263e91753c6c62c47f4f453ed732f__140000ms,32195fea1f1263e91753c6c62c47f4f453ed732f,Slow Fox   White Christma,D:\projekty\Hudba\music-editor\src\data\segments\slowfox\32195fea1f1263e91753c6c62c47f4f453ed732f__s140000ms.wav,140000,20000,,slowfox
32195fea1f1263e91753c6c62c47f4f453ed732f__160000ms,32195fea1f1263e91753c6c62c47f4f453ed732f,Slow Fox   White Christma,D:\projekty\Hudba\music-editor\src\data\segments\slowfox\32195fea1f1263e91753c6c62c47f4f453ed732f__s160000ms.wav,160000,20000,,slowfox
97a184c80a5df7e8bdc69dd990bc3914c24e632d__0ms,97a184c80a5df7e8bdc69dd990bc3914c24e632d,SLOW FOXTROT   7 Years (André Remix)   29bpm,D:\projekty\Hudba\music-editor\src\data\segments\slowfox\97a184c80a5df7e8bdc69dd990bc3914c24e632d__s0ms.wav,0,20000,,slowfox
97a184c80a5df7e8bdc69dd990bc3914c24e632d__20000ms,97a184c80a5df7e8bdc69dd990bc3914c24e632d,SLOW FOXTROT   7 Years (André Remix)   29bpm,D:\projekty\Hudba\music-editor\src\data\segments\slowfox\97a184c80a5df7e8bdc69dd990bc3914c24e632d__s20000ms.wav,20000,20000,,slowfox
97a184c80a5df7e8bdc69dd990bc3914c24e632d__40000ms,97a184c80a5df7e8bdc69dd990bc3914c24e632d,SLOW FOXTROT   7 Years (André Remix)   29bpm,D:\projekty\Hudba\music-editor\src\data\segments\slowfox\97a184c80a5df7e8bdc69dd990bc3914c24e632d__s40000ms.wav,40000,20000,,slowfox
97a184c80a5df7e8bdc69dd990bc3914c24e632d__60000ms,97a184c80a5df7e8bdc69dd990bc3914c24e632d,SLOW FOXTROT   7 Years (André Remix)   29bpm,D:\projekty\Hudba\music-editor\src\data\segments\slowfox\97a184c80a5df7e8bdc69dd990bc3914c24e632d__s60000ms.wav,60000,20000,,slowfox
97a184c80a5df7e8bdc69dd990bc3914c24e632d__80000ms,97a184c80a5df7e8bdc69dd990bc3914c24e632d,SLOW FOXTROT   7 Years (André Remix)   29bpm,D:\projekty\Hudba\music-editor\src\data\segments\slowfox\97a184c80a5df7e8bdc69dd990bc3914c24e632d__s80000ms.wav,80000,20000,,slowfox
97a184c80a5df7e8bdc69dd990bc3914c24e632d__100000ms,97a184c80a5df7e8bdc69dd990bc3914c24e632d,SLOW FOXTROT   7 Years (André Remix)   29bpm,D:\projekty\Hudba\music-editor\src\data\segments\slowfox\97a184c80a5df7e8bdc69dd990bc3914c24e632d__s100000ms.wav,100000,20000,,slowfox
ce1a55e9eae797645cc6016dfe046f22eb92f512__0ms,ce1a55e9eae797645cc6016dfe046f22eb92f512,SLOW FOXTROT   Beat it (DJ HERO),D:\projekty\Hudba\music-editor\src\data\segments\slowfox\ce1a55e9eae797645cc6016dfe046f22eb92f512__s0ms.wav,0,20000,,slowfox
ce1a55e9eae797645cc6016dfe046f22eb92f512__20000ms,ce1a55e9eae797645cc6016dfe046f22eb92f512,SLOW FOXTROT   Beat it (DJ HERO),D:\projekty\Hudba\music-editor\src\data\segments\slowfox\ce1a55e9eae797645cc6016dfe046f22eb92f512__s20000ms.wav,20000,20000,,slowfox
ce1a55e9eae797645cc6016dfe046f22eb92f512__40000ms,ce1a55e9eae797645cc6016dfe046f22eb92f512,SLOW FOXTROT   Beat it (DJ HERO),D:\projekty\Hudba\music-editor\src\data\segments\slowfox\ce1a55e9eae797645cc6016dfe046f22eb92f512__s40000ms.wav,40000,20000,,slowfox
ce1a55e9eae797645cc6016dfe046f22eb92f512__60000ms,ce1a55e9eae797645cc6016dfe046f22eb92f512,SLOW FOXTROT   Beat it (DJ HERO),D:\projekty\Hudba\music-editor\src\data\segments\slowfox\ce1a55e9eae797645cc6016dfe046f22eb92f512__s60000ms.wav,60000,20000,,slowfox
ce1a55e9eae797645cc6016dfe046f22eb92f512__80000ms,ce1a55e9eae797645cc6016dfe046f22eb92f512,SLOW FOXTROT   Beat it (DJ HERO),D:\projekty\Hudba\music-editor\src\data\segments\slowfox\ce1a55e9eae797645cc6016dfe046f22eb92f512__s80000ms.wav,80000,20000,,slowfox
ce1a55e9eae797645cc6016dfe046f22eb92f512__100000ms,ce1a55e9eae797645cc6016dfe046f22eb92f512,SLOW FOXTROT   Beat it (DJ HERO),D:\projekty\Hudba\music-editor\src\data\segments\slowfox\ce1a55e9eae797645cc6016dfe046f22eb92f512__s100000ms.wav,100000,20000,,slowfox
4101fedf71e9cc2a073534c6c84726af996594e3__0ms,4101fedf71e9cc2a073534c6c84726af996594e3,SLOW FOXTROT   Dj Ice   All About That Bass (Meghan Trainor cover),D:\projekty\Hudba\music-editor\src\data\segments\slowfox\4101fedf71e9cc2a073534c6c84726af996594e3__s0ms.wav,0,20000,,slowfox
4101fedf71e9cc2a073534c6c84726af996594e3__20000ms,4101fedf71e9cc2a073534c6c84726af996594e3,SLOW FOXTROT   Dj Ice   All About That Bass (Meghan Trainor cover),D:\projekty\Hudba\music-editor\src\data\segments\slowfox\4101fedf71e9cc2a073534c6c84726af996594e3__s20000ms.wav,20000,20000,,slowfox
4101fedf71e9cc2a073534c6c84726af996594e3__40000ms,4101fedf71e9cc2a073534c6c84726af996594e3,SLOW FOXTROT   Dj Ice   All About That Bass (Meghan Trainor cover),D:\projekty\Hudba\music-editor\src\data\segments\slowfox\4101fedf71e9cc2a073534c6c84726af996594e3__s40000ms.wav,40000,20000,,slowfox
4101fedf71e9cc2a073534c6c84726af996594e3__60000ms,4101fedf71e9cc2a073534c6c84726af996594e3,SLOW FOXTROT   Dj Ice   All About That Bass (Meghan Trainor cover),D:\projekty\Hudba\music-editor\src\data\segments\slowfox\4101fedf71e9cc2a073534c6c84726af996594e3__s60000ms.wav,60000,20000,,slowfox
4101fedf71e9cc2a073534c6c84726af996594e3__80000ms,4101fedf71e9cc2a073534c6c84726af996594e3,SLOW FOXTROT   Dj Ice   All About That Bass (Meghan Trainor cover),D:\projekty\Hudba\music-editor\src\data\segments\slowfox\4101fedf71e9cc2a073534c6c84726af996594e3__s80000ms.wav,80000,20000,,slowfox
4101fedf71e9cc2a073534c6c84726af996594e3__100000ms,4101fedf71e9cc2a073534c6c84726af996594e3,SLOW FOXTROT   Dj Ice   All About That Bass (Meghan Trainor cover),D:\projekty\Hudba\music-editor\src\data\segments\slowfox\4101fedf71e9cc2a073534c6c84726af996594e3__s100000ms.wav,100000,9322,,slowfox
ca36df9ca3279ac508a9b5f4681e953d855db5fd__0ms,ca36df9ca3279ac508a9b5f4681e953d855db5fd,SLOW FOXTROT   Dj Ice   Killer Queen,D:\projekty\Hudba\music-editor\src\data\segments\slowfox\ca36df9ca3279ac508a9b5f4681e953d855db5fd__s0ms.wav,0,20000,,slowfox
ca36df9ca3279ac508a9b5f4681e953d855db5fd__20000ms,ca36df9ca3279ac508a9b5f4681e953d855db5fd,SLOW FOXTROT   Dj Ice   Killer Queen,D:\projekty\Hudba\music-editor\src\data\segments\slowfox\ca36df9ca3279ac508a9b5f4681e953d855db5fd__s20000ms.wav,20000,20000,,slowfox
ca36df9ca3279ac508a9b5f4681e953d855db5fd__40000ms,ca36df9ca3279ac508a9b5f4681e953d855db5fd,SLOW FOXTROT   Dj Ice   Killer Queen,D:\projekty\Hudba\music-editor\src\data\segments\slowfox\ca36df9ca3279ac508a9b5f4681e953d855db5fd__s40000ms.wav,40000,20000,,slowfox
ca36df9ca3279ac508a9b5f4681e953d855db5fd__60000ms,ca36df9ca3279ac508a9b5f4681e953d855db5fd,SLOW FOXTROT   Dj Ice   Killer Queen,D:\projekty\Hudba\music-editor\src\data\segments\slowfox\ca36df9ca3279ac508a9b5f4681e953d855db5fd__s60000ms.wav,60000,20000,,slowfox
ca36df9ca3279ac508a9b5f4681e953d855db5fd__80000ms,ca36df9ca3279ac508a9b5f4681e953d855db5fd,SLOW FOXTROT   Dj Ice   Killer Queen,D:\projekty\Hudba\music-editor\src\data\segments\slowfox\ca36df9ca3279ac508a9b5f4681e953d855db5fd__s80000ms.wav,80000,15504,,slowfox
194a7b86cbbd2a459eb66e59c32e79a4d9bd510f__0ms,194a7b86cbbd2a459eb66e59c32e79a4d9bd510f,SLOW FOXTROT   Oops I Did It Again,D:\projekty\Hudba\music-editor\src\data\segments\slowfox\194a7b86cbbd2a459eb66e59c32e79a4d9bd510f__s0ms.wav,0,20000,,slowfox
194a7b86cbbd2a459eb66e59c32e79a4d9bd510f__20000ms,194a7b86cbbd2a459eb66e59c32e79a4d9bd510f,SLOW FOXTROT   Oops I Did It Again,D:\projekty\Hudba\music-editor\src\data\segments\slowfox\194a7b86cbbd2a459eb66e59c32e79a4d9bd510f__s20000ms.wav,20000,20000,,slowfox
194a7b86cbbd2a459eb66e59c32e79a4d9bd510f__40000ms,194a7b86cbbd2a459eb66e59c32e79a4d9bd510f,SLOW FOXTROT   Oops I Did It Again,D:\projekty\Hudba\music-editor\src\data\segments\slowfox\194a7b86cbbd2a459eb66e59c32e79a4d9bd510f__s40000ms.wav,40000,20000,,slowfox
194a7b86cbbd2a459eb66e59c32e79a4d9bd510f__60000ms,194a7b86cbbd2a459eb66e59c32e79a4d9bd510f,SLOW FOXTROT   Oops I Did It Again,D:\projekty\Hudba\music-editor\src\data\segments\slowfox\194a7b86cbbd2a459eb66e59c32e79a4d9bd510f__s60000ms.wav,60000,20000,,slowfox
194a7b86cbbd2a459eb66e59c32e79a4d9bd510f__80000ms,194a7b86cbbd2a459eb66e59c32e79a4d9bd510f,SLOW FOXTROT   Oops I Did It Again,D:\projekty\Hudba\music-editor\src\data\segments\slowfox\194a7b86cbbd2a459eb66e59c32e79a4d9bd510f__s80000ms.wav,80000,20000,,slowfox
194a7b86cbbd2a459eb66e59c32e79a4d9bd510f__100000ms,194a7b86cbbd2a459eb66e59c32e79a4d9bd510f,SLOW FOXTROT   Oops I Did It Again,D:\projekty\Hudba\music-editor\src\data\segments\slowfox\194a7b86cbbd2a459eb66e59c32e79a4d9bd510f__s100000ms.wav,100000,14939,,slowfox
35a009bc3cf0397ded5e6b582df98b1f2ae49372__0ms,35a009bc3cf0397ded5e6b582df98b1f2ae49372,SLOW FOXTROT  Foxtrot   Theme of Pink Panther,D:\projekty\Hudba\music-editor\src\data\segments\slowfox\35a009bc3cf0397ded5e6b582df98b1f2ae49372__s0ms.wav,0,20000,,slowfox
35a009bc3cf0397ded5e6b582df98b1f2ae49372__20000ms,35a009bc3cf0397ded5e6b582df98b1f2ae49372,SLOW FOXTROT  Foxtrot   Theme of Pink Panther,D:\projekty\Hudba\music-editor\src\data\segments\slowfox\35a009bc3cf0397ded5e6b582df98b1f2ae49372__s20000ms.wav,20000,20000,,slowfox
35a009bc3cf0397ded5e6b582df98b1f2ae49372__40000ms,35a009bc3cf0397ded5e6b582df98b1f2ae49372,SLOW FOXTROT  Foxtrot   Theme of Pink Panther,D:\projekty\Hudba\music-editor\src\data\segments\slowfox\35a009bc3cf0397ded5e6b582df98b1f2ae49372__s40000ms.wav,40000,20000,,slowfox
35a009bc3cf0397ded5e6b582df98b1f2ae49372__60000ms,35a009bc3cf0397ded5e6b582df98b1f2ae49372,SLOW FOXTROT  Foxtrot   Theme of Pink Panther,D:\projekty\Hudba\music-editor\src\data\segments\slowfox\35a009bc3cf0397ded5e6b582df98b1f2ae49372__s60000ms.wav,60000,20000,,slowfox
35a009bc3cf0397ded5e6b582df98b1f2ae49372__80000ms,35a009bc3cf0397ded5e6b582df98b1f2ae49372,SLOW FOXTROT  Foxtrot   Theme of Pink Panther,D:\projekty\Hudba\music-editor\src\data\segments\slowfox\35a009bc3cf0397ded5e6b582df98b1f2ae49372__s80000ms.wav,80000,20000,,slowfox
35a009bc3cf0397ded5e6b582df98b1f2ae49372__100000ms,35a009bc3cf0397ded5e6b582df98b1f2ae49372,SLOW FOXTROT  Foxtrot   Theme of Pink Panther,D:\projekty\Hudba\music-editor\src\data\segments\slowfox\35a009bc3cf0397ded5e6b582df98b1f2ae49372__s100000ms.wav,100000,20000,,slowfox
35a009bc3cf0397ded5e6b582df98b1f2ae49372__120000ms,35a009bc3cf0397ded5e6b582df98b1f2ae49372,SLOW FOXTROT  Foxtrot   Theme of Pink Panther,D:\projekty\Hudba\music-editor\src\data\segments\slowfox\35a009bc3cf0397ded5e6b582df98b1f2ae49372__s120000ms.wav,120000,20000,,slowfox
35a009bc3cf0397ded5e6b582df98b1f2ae49372__140000ms,35a009bc3cf0397ded5e6b582df98b1f2ae49372,SLOW FOXTROT  Foxtrot   Theme of Pink Panther,D:\projekty\Hudba\music-editor\src\data\segments\slowfox\35a009bc3cf0397ded5e6b582df98b1f2ae49372__s140000ms.wav,140000,20000,,slowfox
35a009bc3cf0397ded5e6b582df98b1f2ae49372__160000ms,35a009bc3cf0397ded5e6b582df98b1f2ae49372,SLOW FOXTROT  Foxtrot   Theme of Pink Panther,D:\projekty\Hudba\music-editor\src\data\segments\slowfox\35a009bc3cf0397ded5e6b582df98b1f2ae49372__s160000ms.wav,160000,15360,,slowfox
aa810f893848258632cc23806bd7de5dd6fb3a8e__0ms,aa810f893848258632cc23806bd7de5dd6fb3a8e,Slow Foxtrot Michael Jackson   You are not alone (slowfox version),D:\projekty\Hudba\music-editor\src\data\segments\slowfox\aa810f893848258632cc23806bd7de5dd6fb3a8e__s0ms.wav,0,20000,,slowfox
aa810f893848258632cc23806bd7de5dd6fb3a8e__20000ms,aa810f893848258632cc23806bd7de5dd6fb3a8e,Slow Foxtrot Michael Jackson   You are not alone (slowfox version),D:\projekty\Hudba\music-editor\src\data\segments\slowfox\aa810f893848258632cc23806bd7de5dd6fb3a8e__s20000ms.wav,20000,20000,,slowfox
aa810f893848258632cc23806bd7de5dd6fb3a8e__40000ms,aa810f893848258632cc23806bd7de5dd6fb3a8e,Slow Foxtrot Michael Jackson   You are not alone (slowfox version),D:\projekty\Hudba\music-editor\src\data\segments\slowfox\aa810f893848258632cc23806bd7de5dd6fb3a8e__s40000ms.wav,40000,20000,,slowfox
aa810f893848258632cc23806bd7de5dd6fb3a8e__60000ms,aa810f893848258632cc23806bd7de5dd6fb3a8e,Slow Foxtrot Michael Jackson   You are not alone (slowfox version),D:\projekty\Hudba\music-editor\src\data\segments\slowfox\aa810f893848258632cc23806bd7de5dd6fb3a8e__s60000ms.wav,60000,20000,,slowfox
aa810f893848258632cc23806bd7de5dd6fb3a8e__80000ms,aa810f893848258632cc23806bd7de5dd6fb3a8e,Slow Foxtrot Michael Jackson   You are not alone (slowfox version),D:\projekty\Hudba\music-editor\src\data\segments\slowfox\aa810f893848258632cc23806bd7de5dd6fb3a8e__s80000ms.wav,80000,20000,,slowfox
aa810f893848258632cc23806bd7de5dd6fb3a8e__100000ms,aa810f893848258632cc23806bd7de5dd6fb3a8e,Slow Foxtrot Michael Jackson   You are not alone (slowfox version),D:\projekty\Hudba\music-editor\src\data\segments\slowfox\aa810f893848258632cc23806bd7de5dd6fb3a8e__s100000ms.wav,100000,20000,,slowfox
aa810f893848258632cc23806bd7de5dd6fb3a8e__120000ms,aa810f893848258632cc23806bd7de5dd6fb3a8e,Slow Foxtrot Michael Jackson   You are not alone (slowfox version),D:\projekty\Hudba\music-editor\src\data\segments\slowfox\aa810f893848258632cc23806bd7de5dd6fb3a8e__s120000ms.wav,120000,20000,,slowfox
aa810f893848258632cc23806bd7de5dd6fb3a8e__140000ms,aa810f893848258632cc23806bd7de5dd6fb3a8e,Slow Foxtrot Michael Jackson   You are not alone (slowfox version),D:\projekty\Hudba\music-editor\src\data\segments\slowfox\aa810f893848258632cc23806bd7de5dd6fb3a8e__s140000ms.wav,140000,20000,,slowfox
aa810f893848258632cc23806bd7de5dd6fb3a8e__160000ms,aa810f893848258632cc23806bd7de5dd6fb3a8e,Slow Foxtrot Michael Jackson   You are not alone (slowfox version),D:\projekty\Hudba\music-editor\src\data\segments\slowfox\aa810f893848258632cc23806bd7de5dd6fb3a8e__s160000ms.wav,160000,20000,,slowfox
aa810f893848258632cc23806bd7de5dd6fb3a8e__180000ms,aa810f893848258632cc23806bd7de5dd6fb3a8e,Slow Foxtrot Michael Jackson   You are not alone (slowfox version),D:\projekty\Hudba\music-editor\src\data\segments\slowfox\aa810f893848258632cc23806bd7de5dd6fb3a8e__s180000ms.wav,180000,20000,,slowfox
aa810f893848258632cc23806bd7de5dd6fb3a8e__200000ms,aa810f893848258632cc23806bd7de5dd6fb3a8e,Slow Foxtrot Michael Jackson   You are not alone (slowfox version),D:\projekty\Hudba\music-editor\src\data\segments\slowfox\aa810f893848258632cc23806bd7de5dd6fb3a8e__s200000ms.wav,200000,20000,,slowfox
aa810f893848258632cc23806bd7de5dd6fb3a8e__220000ms,aa810f893848258632cc23806bd7de5dd6fb3a8e,Slow Foxtrot Michael Jackson   You are not alone (slowfox version),D:\projekty\Hudba\music-editor\src\data\segments\slowfox\aa810f893848258632cc23806bd7de5dd6fb3a8e__s220000ms.wav,220000,20000,,slowfox
aa810f893848258632cc23806bd7de5dd6fb3a8e__240000ms,aa810f893848258632cc23806bd7de5dd6fb3a8e,Slow Foxtrot Michael Jackson   You are not alone (slowfox version),D:\projekty\Hudba\music-editor\src\data\segments\slowfox\aa810f893848258632cc23806bd7de5dd6fb3a8e__s240000ms.wav,240000,20000,,slowfox
aa810f893848258632cc23806bd7de5dd6fb3a8e__260000ms,aa810f893848258632cc23806bd7de5dd6fb3a8e,Slow Foxtrot Michael Jackson   You are not alone (slowfox version),D:\projekty\Hudba\music-editor\src\data\segments\slowfox\aa810f893848258632cc23806bd7de5dd6fb3a8e__s260000ms.wav,260000,20000,,slowfox
77f2790b9711782f3d3e55b72662348828921722__0ms,77f2790b9711782f3d3e55b72662348828921722,Slow Foxtrot music Amber Couple – Fallen Leaves,D:\projekty\Hudba\music-editor\src\data\segments\slowfox\77f2790b9711782f3d3e55b72662348828921722__s0ms.wav,0,20000,,slowfox
77f2790b9711782f3d3e55b72662348828921722__20000ms,77f2790b9711782f3d3e55b72662348828921722,Slow Foxtrot music Amber Couple – Fallen Leaves,D:\projekty\Hudba\music-editor\src\data\segments\slowfox\77f2790b9711782f3d3e55b72662348828921722__s20000ms.wav,20000,20000,,slowfox
77f2790b9711782f3d3e55b72662348828921722__40000ms,77f2790b9711782f3d3e55b72662348828921722,Slow Foxtrot music Amber Couple – Fallen Leaves,D:\projekty\Hudba\music-editor\src\data\segments\slowfox\77f2790b9711782f3d3e55b72662348828921722__s40000ms.wav,40000,20000,,slowfox
77f2790b9711782f3d3e55b72662348828921722__60000ms,77f2790b9711782f3d3e55b72662348828921722,Slow Foxtrot music Amber Couple – Fallen Leaves,D:\projekty\Hudba\music-editor\src\data\segments\slowfox\77f2790b9711782f3d3e55b72662348828921722__s60000ms.wav,60000,20000,,slowfox
77f2790b9711782f3d3e55b72662348828921722__80000ms,77f2790b9711782f3d3e55b72662348828921722,Slow Foxtrot music Amber Couple – Fallen Leaves,D:\projekty\Hudba\music-editor\src\data\segments\slowfox\77f2790b9711782f3d3e55b72662348828921722__s80000ms.wav,80000,20000,,slowfox
77f2790b9711782f3d3e55b72662348828921722__100000ms,77f2790b9711782f3d3e55b72662348828921722,Slow Foxtrot music Amber Couple – Fallen Leaves,D:\projekty\Hudba\music-editor\src\data\segments\slowfox\77f2790b9711782f3d3e55b72662348828921722__s100000ms.wav,100000,20000,,slowfox
77f2790b9711782f3d3e55b72662348828921722__120000ms,77f2790b9711782f3d3e55b72662348828921722,Slow Foxtrot music Amber Couple – Fallen Leaves,D:\projekty\Hudba\music-editor\src\data\segments\slowfox\77f2790b9711782f3d3e55b72662348828921722__s120000ms.wav,120000,20000,,slowfox
77f2790b9711782f3d3e55b72662348828921722__140000ms,77f2790b9711782f3d3e55b72662348828921722,Slow Foxtrot music Amber Couple – Fallen Leaves,D:\projekty\Hudba\music-editor\src\data\segments\slowfox\77f2790b9711782f3d3e55b72662348828921722__s140000ms.wav,140000,20000,,slowfox
77f2790b9711782f3d3e55b72662348828921722__160000ms,77f2790b9711782f3d3e55b72662348828921722,Slow Foxtrot music Amber Couple – Fallen Leaves,D:\projekty\Hudba\music-editor\src\data\segments\slowfox\77f2790b9711782f3d3e55b72662348828921722__s160000ms.wav,160000,20000,,slowfox
77f2790b9711782f3d3e55b72662348828921722__180000ms,77f2790b9711782f3d3e55b72662348828921722,Slow Foxtrot music Amber Couple – Fallen Leaves,D:\projekty\Hudba\music-editor\src\data\segments\slowfox\77f2790b9711782f3d3e55b72662348828921722__s180000ms.wav,180000,20000,,slowfox
77f2790b9711782f3d3e55b72662348828921722__200000ms,77f2790b9711782f3d3e55b72662348828921722,Slow Foxtrot music Amber Couple – Fallen Leaves,D:\projekty\Hudba\music-editor\src\data\segments\slowfox\77f2790b9711782f3d3e55b72662348828921722__s200000ms.wav,200000,20000,,slowfox
8a0397ad9c85d63d8688b1601ed911295fc4feac__0ms,8a0397ad9c85d63d8688b1601ed911295fc4feac,Slow Foxtrot music Beth  Johny M – Prayer In C,D:\projekty\Hudba\music-editor\src\data\segments\slowfox\8a0397ad9c85d63d8688b1601ed911295fc4feac__s0ms.wav,0,20000,,slowfox
8a0397ad9c85d63d8688b1601ed911295fc4feac__20000ms,8a0397ad9c85d63d8688b1601ed911295fc4feac,Slow Foxtrot music Beth  Johny M – Prayer In C,D:\projekty\Hudba\music-editor\src\data\segments\slowfox\8a0397ad9c85d63d8688b1601ed911295fc4feac__s20000ms.wav,20000,20000,,slowfox
8a0397ad9c85d63d8688b1601ed911295fc4feac__40000ms,8a0397ad9c85d63d8688b1601ed911295fc4feac,Slow Foxtrot music Beth  Johny M – Prayer In C,D:\projekty\Hudba\music-editor\src\data\segments\slowfox\8a0397ad9c85d63d8688b1601ed911295fc4feac__s40000ms.wav,40000,20000,,slowfox
8a0397ad9c85d63d8688b1601ed911295fc4feac__60000ms,8a0397ad9c85d63d8688b1601ed911295fc4feac,Slow Foxtrot music Beth  Johny M – Prayer In C,D:\projekty\Hudba\music-editor\src\data\segments\slowfox\8a0397ad9c85d63d8688b1601ed911295fc4feac__s60000ms.wav,60000,20000,,slowfox
8a0397ad9c85d63d8688b1601ed911295fc4feac__80000ms,8a0397ad9c85d63d8688b1601ed911295fc4feac,Slow Foxtrot music Beth  Johny M – Prayer In C,D:\projekty\Hudba\music-editor\src\data\segments\slowfox\8a0397ad9c85d63d8688b1601ed911295fc4feac__s80000ms.wav,80000,20000,,slowfox
8a0397ad9c85d63d8688b1601ed911295fc4feac__100000ms,8a0397ad9c85d63d8688b1601ed911295fc4feac,Slow Foxtrot music Beth  Johny M – Prayer In C,D:\projekty\Hudba\music-editor\src\data\segments\slowfox\8a0397ad9c85d63d8688b1601ed911295fc4feac__s100000ms.wav,100000,20000,,slowfox
2334166118a58ef8cf509fae854385abac378ac1__0ms,2334166118a58ef8cf509fae854385abac378ac1,Slow Foxtrot music Dancing Ballroom Orchestra – Walking On A Sunday,D:\projekty\Hudba\music-editor\src\data\segments\slowfox\2334166118a58ef8cf509fae854385abac378ac1__s0ms.wav,0,20000,,slowfox
2334166118a58ef8cf509fae854385abac378ac1__20000ms,2334166118a58ef8cf509fae854385abac378ac1,Slow Foxtrot music Dancing Ballroom Orchestra – Walking On A Sunday,D:\projekty\Hudba\music-editor\src\data\segments\slowfox\2334166118a58ef8cf509fae854385abac378ac1__s20000ms.wav,20000,20000,,slowfox
2334166118a58ef8cf509fae854385abac378ac1__40000ms,2334166118a58ef8cf509fae854385abac378ac1,Slow Foxtrot music Dancing Ballroom Orchestra – Walking On A Sunday,D:\projekty\Hudba\music-editor\src\data\segments\slowfox\2334166118a58ef8cf509fae854385abac378ac1__s40000ms.wav,40000,20000,,slowfox
2334166118a58ef8cf509fae854385abac378ac1__60000ms,2334166118a58ef8cf509fae854385abac378ac1,Slow Foxtrot music Dancing Ballroom Orchestra – Walking On A Sunday,D:\projekty\Hudba\music-editor\src\data\segments\slowfox\2334166118a58ef8cf509fae854385abac378ac1__s60000ms.wav,60000,20000,,slowfox
2334166118a58ef8cf509fae854385abac378ac1__80000ms,2334166118a58ef8cf509fae854385abac378ac1,Slow Foxtrot music Dancing Ballroom Orchestra – Walking On A Sunday,D:\projekty\Hudba\music-editor\src\data\segments\slowfox\2334166118a58ef8cf509fae854385abac378ac1__s80000ms.wav,80000,20000,,slowfox
2334166118a58ef8cf509fae854385abac378ac1__100000ms,2334166118a58ef8cf509fae854385abac378ac1,Slow Foxtrot music Dancing Ballroom Orchestra – Walking On A Sunday,D:\projekty\Hudba\music-editor\src\data\segments\slowfox\2334166118a58ef8cf509fae854385abac378ac1__s100000ms.wav,100000,20000,,slowfox
2334166118a58ef8cf509fae854385abac378ac1__120000ms,2334166118a58ef8cf509fae854385abac378ac1,Slow Foxtrot music Dancing Ballroom Orchestra – Walking On A Sunday,D:\projekty\Hudba\music-editor\src\data\segments\slowfox\2334166118a58ef8cf509fae854385abac378ac1__s120000ms.wav,120000,20000,,slowfox
bbb52f404ddbb90824db1f2eadfaa70dd7670817__0ms,bbb52f404ddbb90824db1f2eadfaa70dd7670817,Slow Foxtrot music Ian Lumley – Capone,D:\projekty\Hudba\music-editor\src\data\segments\slowfox\bbb52f404ddbb90824db1f2eadfaa70dd7670817__s0ms.wav,0,20000,,slowfox
bbb52f404ddbb90824db1f2eadfaa70dd7670817__20000ms,bbb52f404ddbb90824db1f2eadfaa70dd7670817,Slow Foxtrot music Ian Lumley – Capone,D:\projekty\Hudba\music-editor\src\data\segments\slowfox\bbb52f404ddbb90824db1f2eadfaa70dd7670817__s20000ms.wav,20000,20000,,slowfox
bbb52f404ddbb90824db1f2eadfaa70dd7670817__40000ms,bbb52f404ddbb90824db1f2eadfaa70dd7670817,Slow Foxtrot music Ian Lumley – Capone,D:\projekty\Hudba\music-editor\src\data\segments\slowfox\bbb52f404ddbb90824db1f2eadfaa70dd7670817__s40000ms.wav,40000,20000,,slowfox
bbb52f404ddbb90824db1f2eadfaa70dd7670817__60000ms,bbb52f404ddbb90824db1f2eadfaa70dd7670817,Slow Foxtrot music Ian Lumley – Capone,D:\projekty\Hudba\music-editor\src\data\segments\slowfox\bbb52f404ddbb90824db1f2eadfaa70dd7670817__s60000ms.wav,60000,20000,,slowfox
bbb52f404ddbb90824db1f2eadfaa70dd7670817__80000ms,bbb52f404ddbb90824db1f2eadfaa70dd7670817,Slow Foxtrot music Ian Lumley – Capone,D:\projekty\Hudba\music-editor\src\data\segments\slowfox\bbb52f404ddbb90824db1f2eadfaa70dd7670817__s80000ms.wav,80000,20000,,slowfox
bbb52f404ddbb90824db1f2eadfaa70dd7670817__100000ms,bbb52f404ddbb90824db1f2eadfaa70dd7670817,Slow Foxtrot music Ian Lumley – Capone,D:\projekty\Hudba\music-editor\src\data\segments\slowfox\bbb52f404ddbb90824db1f2eadfaa70dd7670817__s100000ms.wav,100000,20000,,slowfox
bbb52f404ddbb90824db1f2eadfaa70dd7670817__120000ms,bbb52f404ddbb90824db1f2eadfaa70dd7670817,Slow Foxtrot music Ian Lumley – Capone,D:\projekty\Hudba\music-editor\src\data\segments\slowfox\bbb52f404ddbb90824db1f2eadfaa70dd7670817__s120000ms.wav,120000,20000,,slowfox
28aba8dbbde1df91cdd862737d6e9afb68fe65b8__0ms,28aba8dbbde1df91cdd862737d6e9afb68fe65b8,Slow Foxtrot Sinead O'Connor   Why Don't You Do Right   Slow Foxtrot music,D:\projekty\Hudba\music-editor\src\data\segments\slowfox\28aba8dbbde1df91cdd862737d6e9afb68fe65b8__s0ms.wav,0,20000,,slowfox
28aba8dbbde1df91cdd862737d6e9afb68fe65b8__20000ms,28aba8dbbde1df91cdd862737d6e9afb68fe65b8,Slow Foxtrot Sinead O'Connor   Why Don't You Do Right   Slow Foxtrot music,D:\projekty\Hudba\music-editor\src\data\segments\slowfox\28aba8dbbde1df91cdd862737d6e9afb68fe65b8__s20000ms.wav,20000,20000,,slowfox
28aba8dbbde1df91cdd862737d6e9afb68fe65b8__40000ms,28aba8dbbde1df91cdd862737d6e9afb68fe65b8,Slow Foxtrot Sinead O'Connor   Why Don't You Do Right   Slow Foxtrot music,D:\projekty\Hudba\music-editor\src\data\segments\slowfox\28aba8dbbde1df91cdd862737d6e9afb68fe65b8__s40000ms.wav,40000,20000,,slowfox
28aba8dbbde1df91cdd862737d6e9afb68fe65b8__60000ms,28aba8dbbde1df91cdd862737d6e9afb68fe65b8,Slow Foxtrot Sinead O'Connor   Why Don't You Do Right   Slow Foxtrot music,D:\projekty\Hudba\music-editor\src\data\segments\slowfox\28aba8dbbde1df91cdd862737d6e9afb68fe65b8__s60000ms.wav,60000,20000,,slowfox
28aba8dbbde1df91cdd862737d6e9afb68fe65b8__80000ms,28aba8dbbde1df91cdd862737d6e9afb68fe65b8,Slow Foxtrot Sinead O'Connor   Why Don't You Do Right   Slow Foxtrot music,D:\projekty\Hudba\music-editor\src\data\segments\slowfox\28aba8dbbde1df91cdd862737d6e9afb68fe65b8__s80000ms.wav,80000,20000,,slowfox
28aba8dbbde1df91cdd862737d6e9afb68fe65b8__100000ms,28aba8dbbde1df91cdd862737d6e9afb68fe65b8,Slow Foxtrot Sinead O'Connor   Why Don't You Do Right   Slow Foxtrot music,D:\projekty\Hudba\music-editor\src\data\segments\slowfox\28aba8dbbde1df91cdd862737d6e9afb68fe65b8__s100000ms.wav,100000,20000,,slowfox
28aba8dbbde1df91cdd862737d6e9afb68fe65b8__120000ms,28aba8dbbde1df91cdd862737d6e9afb68fe65b8,Slow Foxtrot Sinead O'Connor   Why Don't You Do Right   Slow Foxtrot music,D:\projekty\Hudba\music-editor\src\data\segments\slowfox\28aba8dbbde1df91cdd862737d6e9afb68fe65b8__s120000ms.wav,120000,20000,,slowfox
28aba8dbbde1df91cdd862737d6e9afb68fe65b8__140000ms,28aba8dbbde1df91cdd862737d6e9afb68fe65b8,Slow Foxtrot Sinead O'Connor   Why Don't You Do Right   Slow Foxtrot music,D:\projekty\Hudba\music-editor\src\data\segments\slowfox\28aba8dbbde1df91cdd862737d6e9afb68fe65b8__s140000ms.wav,140000,11092,,slowfox
182c8dfe17d0e09edfa3cac1eefa8ffe5bb89720__0ms,182c8dfe17d0e09edfa3cac1eefa8ffe5bb89720,Slow Foxtrot Sweet Dreams   Foxtrot,D:\projekty\Hudba\music-editor\src\data\segments\slowfox\182c8dfe17d0e09edfa3cac1eefa8ffe5bb89720__s0ms.wav,0,20000,,slowfox
182c8dfe17d0e09edfa3cac1eefa8ffe5bb89720__20000ms,182c8dfe17d0e09edfa3cac1eefa8ffe5bb89720,Slow Foxtrot Sweet Dreams   Foxtrot,D:\projekty\Hudba\music-editor\src\data\segments\slowfox\182c8dfe17d0e09edfa3cac1eefa8ffe5bb89720__s20000ms.wav,20000,20000,,slowfox
182c8dfe17d0e09edfa3cac1eefa8ffe5bb89720__40000ms,182c8dfe17d0e09edfa3cac1eefa8ffe5bb89720,Slow Foxtrot Sweet Dreams   Foxtrot,D:\projekty\Hudba\music-editor\src\data\segments\slowfox\182c8dfe17d0e09edfa3cac1eefa8ffe5bb89720__s40000ms.wav,40000,20000,,slowfox
182c8dfe17d0e09edfa3cac1eefa8ffe5bb89720__60000ms,182c8dfe17d0e09edfa3cac1eefa8ffe5bb89720,Slow Foxtrot Sweet Dreams   Foxtrot,D:\projekty\Hudba\music-editor\src\data\segments\slowfox\182c8dfe17d0e09edfa3cac1eefa8ffe5bb89720__s60000ms.wav,60000,20000,,slowfox
182c8dfe17d0e09edfa3cac1eefa8ffe5bb89720__80000ms,182c8dfe17d0e09edfa3cac1eefa8ffe5bb89720,Slow Foxtrot Sweet Dreams   Foxtrot,D:\projekty\Hudba\music-editor\src\data\segments\slowfox\182c8dfe17d0e09edfa3cac1eefa8ffe5bb89720__s80000ms.wav,80000,20000,,slowfox
182c8dfe17d0e09edfa3cac1eefa8ffe5bb89720__100000ms,182c8dfe17d0e09edfa3cac1eefa8ffe5bb89720,Slow Foxtrot Sweet Dreams   Foxtrot,D:\projekty\Hudba\music-editor\src\data\segments\slowfox\182c8dfe17d0e09edfa3cac1eefa8ffe5bb89720__s100000ms.wav,100000,20000,,slowfox
182c8dfe17d0e09edfa3cac1eefa8ffe5bb89720__120000ms,182c8dfe17d0e09edfa3cac1eefa8ffe5bb89720,Slow Foxtrot Sweet Dreams   Foxtrot,D:\projekty\Hudba\music-editor\src\data\segments\slowfox\182c8dfe17d0e09edfa3cac1eefa8ffe5bb89720__s120000ms.wav,120000,20000,,slowfox
182c8dfe17d0e09edfa3cac1eefa8ffe5bb89720__140000ms,182c8dfe17d0e09edfa3cac1eefa8ffe5bb89720,Slow Foxtrot Sweet Dreams   Foxtrot,D:\projekty\Hudba\music-editor\src\data\segments\slowfox\182c8dfe17d0e09edfa3cac1eefa8ffe5bb89720__s140000ms.wav,140000,20000,,slowfox
182c8dfe17d0e09edfa3cac1eefa8ffe5bb89720__160000ms,182c8dfe17d0e09edfa3cac1eefa8ffe5bb89720,Slow Foxtrot Sweet Dreams   Foxtrot,D:\projekty\Hudba\music-editor\src\data\segments\slowfox\182c8dfe17d0e09edfa3cac1eefa8ffe5bb89720__s160000ms.wav,160000,20000,,slowfox
182c8dfe17d0e09edfa3cac1eefa8ffe5bb89720__180000ms,182c8dfe17d0e09edfa3cac1eefa8ffe5bb89720,Slow Foxtrot Sweet Dreams   Foxtrot,D:\projekty\Hudba\music-editor\src\data\segments\slowfox\182c8dfe17d0e09edfa3cac1eefa8ffe5bb89720__s180000ms.wav,180000,20000,,slowfox
182c8dfe17d0e09edfa3cac1eefa8ffe5bb89720__200000ms,182c8dfe17d0e09edfa3cac1eefa8ffe5bb89720,Slow Foxtrot Sweet Dreams   Foxtrot,D:\projekty\Hudba\music-editor\src\data\segments\slowfox\182c8dfe17d0e09edfa3cac1eefa8ffe5bb89720__s200000ms.wav,200000,20000,,slowfox
5aaea2fdd8ac0fdd367af7b2321b8390c046e740__0ms,5aaea2fdd8ac0fdd367af7b2321b8390c046e740,SLOWFOX   Dj Ice   E,D:\projekty\Hudba\music-editor\src\data\segments\slowfox\5aaea2fdd8ac0fdd367af7b2321b8390c046e740__s0ms.wav,0,20000,,slowfox
5aaea2fdd8ac0fdd367af7b2321b8390c046e740__20000ms,5aaea2fdd8ac0fdd367af7b2321b8390c046e740,SLOWFOX   Dj Ice   E,D:\projekty\Hudba\music-editor\src\data\segments\slowfox\5aaea2fdd8ac0fdd367af7b2321b8390c046e740__s20000ms.wav,20000,20000,,slowfox
5aaea2fdd8ac0fdd367af7b2321b8390c046e740__40000ms,5aaea2fdd8ac0fdd367af7b2321b8390c046e740,SLOWFOX   Dj Ice   E,D:\projekty\Hudba\music-editor\src\data\segments\slowfox\5aaea2fdd8ac0fdd367af7b2321b8390c046e740__s40000ms.wav,40000,20000,,slowfox
5aaea2fdd8ac0fdd367af7b2321b8390c046e740__60000ms,5aaea2fdd8ac0fdd367af7b2321b8390c046e740,SLOWFOX   Dj Ice   E,D:\projekty\Hudba\music-editor\src\data\segments\slowfox\5aaea2fdd8ac0fdd367af7b2321b8390c046e740__s60000ms.wav,60000,20000,,slowfox
5aaea2fdd8ac0fdd367af7b2321b8390c046e740__80000ms,5aaea2fdd8ac0fdd367af7b2321b8390c046e740,SLOWFOX   Dj Ice   E,D:\projekty\Hudba\music-editor\src\data\segments\slowfox\5aaea2fdd8ac0fdd367af7b2321b8390c046e740__s80000ms.wav,80000,18273,,slowfox
d122adb061ffa8be2c6b008a92bb760144435f81__0ms,d122adb061ffa8be2c6b008a92bb760144435f81,SLOWFOX  Autumn Leaves   Cannonball Adderle,D:\projekty\Hudba\music-editor\src\data\segments\slowfox\d122adb061ffa8be2c6b008a92bb760144435f81__s0ms.wav,0,20000,,slowfox
d122adb061ffa8be2c6b008a92bb760144435f81__20000ms,d122adb061ffa8be2c6b008a92bb760144435f81,SLOWFOX  Autumn Leaves   Cannonball Adderle,D:\projekty\Hudba\music-editor\src\data\segments\slowfox\d122adb061ffa8be2c6b008a92bb760144435f81__s20000ms.wav,20000,20000,,slowfox
d122adb061ffa8be2c6b008a92bb760144435f81__40000ms,d122adb061ffa8be2c6b008a92bb760144435f81,SLOWFOX  Autumn Leaves   Cannonball Adderle,D:\projekty\Hudba\music-editor\src\data\segments\slowfox\d122adb061ffa8be2c6b008a92bb760144435f81__s40000ms.wav,40000,20000,,slowfox
d122adb061ffa8be2c6b008a92bb760144435f81__60000ms,d122adb061ffa8be2c6b008a92bb760144435f81,SLOWFOX  Autumn Leaves   Cannonball Adderle,D:\projekty\Hudba\music-editor\src\data\segments\slowfox\d122adb061ffa8be2c6b008a92bb760144435f81__s60000ms.wav,60000,20000,,slowfox
d122adb061ffa8be2c6b008a92bb760144435f81__80000ms,d122adb061ffa8be2c6b008a92bb760144435f81,SLOWFOX  Autumn Leaves   Cannonball Adderle,D:\projekty\Hudba\music-editor\src\data\segments\slowfox\d122adb061ffa8be2c6b008a92bb760144435f81__s80000ms.wav,80000,20000,,slowfox
d122adb061ffa8be2c6b008a92bb760144435f81__100000ms,d122adb061ffa8be2c6b008a92bb760144435f81,SLOWFOX  Autumn Leaves   Cannonball Adderle,D:\projekty\Hudba\music-editor\src\data\segments\slowfox\d122adb061ffa8be2c6b008a92bb760144435f81__s100000ms.wav,100000,20000,,slowfox
d122adb061ffa8be2c6b008a92bb760144435f81__120000ms,d122adb061ffa8be2c6b008a92bb760144435f81,SLOWFOX  Autumn Leaves   Cannonball Adderle,D:\projekty\Hudba\music-editor\src\data\segments\slowfox\d122adb061ffa8be2c6b008a92bb760144435f81__s120000ms.wav,120000,20000,,slowfox
d122adb061ffa8be2c6b008a92bb760144435f81__140000ms,d122adb061ffa8be2c6b008a92bb760144435f81,SLOWFOX  Autumn Leaves   Cannonball Adderle,D:\projekty\Hudba\music-editor\src\data\segments\slowfox\d122adb061ffa8be2c6b008a92bb760144435f81__s140000ms.wav,140000,20000,,slowfox
d122adb061ffa8be2c6b008a92bb760144435f81__160000ms,d122adb061ffa8be2c6b008a92bb760144435f81,SLOWFOX  Autumn Leaves   Cannonball Adderle,D:\projekty\Hudba\music-editor\src\data\segments\slowfox\d122adb061ffa8be2c6b008a92bb760144435f81__s160000ms.wav,160000,20000,,slowfox
d122adb061ffa8be2c6b008a92bb760144435f81__180000ms,d122adb061ffa8be2c6b008a92bb760144435f81,SLOWFOX  Autumn Leaves   Cannonball Adderle,D:\projekty\Hudba\music-editor\src\data\segments\slowfox\d122adb061ffa8be2c6b008a92bb760144435f81__s180000ms.wav,180000,20000,,slowfox
96785189c504c803dba7955797a0ea92cdab9b95__0ms,96785189c504c803dba7955797a0ea92cdab9b95,SLOWFOX Bad Romance - Berk & The Virtual Band,D:\projekty\Hudba\music-editor\src\data\segments\slowfox\96785189c504c803dba7955797a0ea92cdab9b95__s0ms.wav,0,20000,,slowfox
96785189c504c803dba7955797a0ea92cdab9b95__20000ms,96785189c504c803dba7955797a0ea92cdab9b95,SLOWFOX Bad Romance - Berk & The Virtual Band,D:\projekty\Hudba\music-editor\src\data\segments\slowfox\96785189c504c803dba7955797a0ea92cdab9b95__s20000ms.wav,20000,20000,,slowfox
96785189c504c803dba7955797a0ea92cdab9b95__40000ms,96785189c504c803dba7955797a0ea92cdab9b95,SLOWFOX Bad Romance - Berk & The Virtual Band,D:\projekty\Hudba\music-editor\src\data\segments\slowfox\96785189c504c803dba7955797a0ea92cdab9b95__s40000ms.wav,40000,20000,,slowfox
96785189c504c803dba7955797a0ea92cdab9b95__60000ms,96785189c504c803dba7955797a0ea92cdab9b95,SLOWFOX Bad Romance - Berk & The Virtual Band,D:\projekty\Hudba\music-editor\src\data\segments\slowfox\96785189c504c803dba7955797a0ea92cdab9b95__s60000ms.wav,60000,20000,,slowfox
96785189c504c803dba7955797a0ea92cdab9b95__80000ms,96785189c504c803dba7955797a0ea92cdab9b95,SLOWFOX Bad Romance - Berk & The Virtual Band,D:\projekty\Hudba\music-editor\src\data\segments\slowfox\96785189c504c803dba7955797a0ea92cdab9b95__s80000ms.wav,80000,20000,,slowfox
96785189c504c803dba7955797a0ea92cdab9b95__100000ms,96785189c504c803dba7955797a0ea92cdab9b95,SLOWFOX Bad Romance - Berk & The Virtual Band,D:\projekty\Hudba\music-editor\src\data\segments\slowfox\96785189c504c803dba7955797a0ea92cdab9b95__s100000ms.wav,100000,20000,,slowfox
96785189c504c803dba7955797a0ea92cdab9b95__120000ms,96785189c504c803dba7955797a0ea92cdab9b95,SLOWFOX Bad Romance - Berk & The Virtual Band,D:\projekty\Hudba\music-editor\src\data\segments\slowfox\96785189c504c803dba7955797a0ea92cdab9b95__s120000ms.wav,120000,20000,,slowfox
96785189c504c803dba7955797a0ea92cdab9b95__140000ms,96785189c504c803dba7955797a0ea92cdab9b95,SLOWFOX Bad Romance - Berk & The Virtual Band,D:\projekty\Hudba\music-editor\src\data\segments\slowfox\96785189c504c803dba7955797a0ea92cdab9b95__s140000ms.wav,140000,20000,,slowfox
96785189c504c803dba7955797a0ea92cdab9b95__160000ms,96785189c504c803dba7955797a0ea92cdab9b95,SLOWFOX Bad Romance - Berk & The Virtual Band,D:\projekty\Hudba\music-editor\src\data\segments\slowfox\96785189c504c803dba7955797a0ea92cdab9b95__s160000ms.wav,160000,20000,,slowfox
96785189c504c803dba7955797a0ea92cdab9b95__180000ms,96785189c504c803dba7955797a0ea92cdab9b95,SLOWFOX Bad Romance - Berk & The Virtual Band,D:\projekty\Hudba\music-editor\src\data\segments\slowfox\96785189c504c803dba7955797a0ea92cdab9b95__s180000ms.wav,180000,20000,,slowfox
96785189c504c803dba7955797a0ea92cdab9b95__200000ms,96785189c504c803dba7955797a0ea92cdab9b95,SLOWFOX Bad Romance - Berk & The Virtual Band,D:\projekty\Hudba\music-editor\src\data\segments\slowfox\96785189c504c803dba7955797a0ea92cdab9b95__s200000ms.wav,200000,20000,,slowfox
96785189c504c803dba7955797a0ea92cdab9b95__220000ms,96785189c504c803dba7955797a0ea92cdab9b95,SLOWFOX Bad Romance - Berk & The Virtual Band,D:\projekty\Hudba\music-editor\src\data\segments\slowfox\96785189c504c803dba7955797a0ea92cdab9b95__s220000ms.wav,220000,20000,,slowfox
96785189c504c803dba7955797a0ea92cdab9b95__240000ms,96785189c504c803dba7955797a0ea92cdab9b95,SLOWFOX Bad Romance - Berk & The Virtual Band,D:\projekty\Hudba\music-editor\src\data\segments\slowfox\96785189c504c803dba7955797a0ea92cdab9b95__s240000ms.wav,240000,20000,,slowfox
96785189c504c803dba7955797a0ea92cdab9b95__260000ms,96785189c504c803dba7955797a0ea92cdab9b95,SLOWFOX Bad Romance - Berk & The Virtual Band,D:\projekty\Hudba\music-editor\src\data\segments\slowfox\96785189c504c803dba7955797a0ea92cdab9b95__s260000ms.wav,260000,20000,,slowfox
96785189c504c803dba7955797a0ea92cdab9b95__280000ms,96785189c504c803dba7955797a0ea92cdab9b95,SLOWFOX Bad Romance - Berk & The Virtual Band,D:\projekty\Hudba\music-editor\src\data\segments\slowfox\96785189c504c803dba7955797a0ea92cdab9b95__s280000ms.wav,280000,20000,,slowfox
4ce48901a095831cceecfa1f5a6886254f592d3a__0ms,4ce48901a095831cceecfa1f5a6886254f592d3a,SLOWFOX Beautiful life [Slow Foxtrot 28BPM,D:\projekty\Hudba\music-editor\src\data\segments\slowfox\4ce48901a095831cceecfa1f5a6886254f592d3a__s0ms.wav,0,20000,,slowfox
4ce48901a095831cceecfa1f5a6886254f592d3a__20000ms,4ce48901a095831cceecfa1f5a6886254f592d3a,SLOWFOX Beautiful life [Slow Foxtrot 28BPM,D:\projekty\Hudba\music-editor\src\data\segments\slowfox\4ce48901a095831cceecfa1f5a6886254f592d3a__s20000ms.wav,20000,20000,,slowfox
4ce48901a095831cceecfa1f5a6886254f592d3a__40000ms,4ce48901a095831cceecfa1f5a6886254f592d3a,SLOWFOX Beautiful life [Slow Foxtrot 28BPM,D:\projekty\Hudba\music-editor\src\data\segments\slowfox\4ce48901a095831cceecfa1f5a6886254f592d3a__s40000ms.wav,40000,20000,,slowfox
4ce48901a095831cceecfa1f5a6886254f592d3a__60000ms,4ce48901a095831cceecfa1f5a6886254f592d3a,SLOWFOX Beautiful life [Slow Foxtrot 28BPM,D:\projekty\Hudba\music-editor\src\data\segments\slowfox\4ce48901a095831cceecfa1f5a6886254f592d3a__s60000ms.wav,60000,20000,,slowfox
4ce48901a095831cceecfa1f5a6886254f592d3a__80000ms,4ce48901a095831cceecfa1f5a6886254f592d3a,SLOWFOX Beautiful life [Slow Foxtrot 28BPM,D:\projekty\Hudba\music-editor\src\data\segments\slowfox\4ce48901a095831cceecfa1f5a6886254f592d3a__s80000ms.wav,80000,20000,,slowfox
4ce48901a095831cceecfa1f5a6886254f592d3a__100000ms,4ce48901a095831cceecfa1f5a6886254f592d3a,SLOWFOX Beautiful life [Slow Foxtrot 28BPM,D:\projekty\Hudba\music-editor\src\data\segments\slowfox\4ce48901a095831cceecfa1f5a6886254f592d3a__s100000ms.wav,100000,20000,,slowfox
4ce48901a095831cceecfa1f5a6886254f592d3a__120000ms,4ce48901a095831cceecfa1f5a6886254f592d3a,SLOWFOX Beautiful life [Slow Foxtrot 28BPM,D:\projekty\Hudba\music-editor\src\data\segments\slowfox\4ce48901a095831cceecfa1f5a6886254f592d3a__s120000ms.wav,120000,20000,,slowfox
4ce48901a095831cceecfa1f5a6886254f592d3a__140000ms,4ce48901a095831cceecfa1f5a6886254f592d3a,SLOWFOX Beautiful life [Slow Foxtrot 28BPM,D:\projekty\Hudba\music-editor\src\data\segments\slowfox\4ce48901a095831cceecfa1f5a6886254f592d3a__s140000ms.wav,140000,14567,,slowfox
608d7f2962bf5208d8c046ca664db877d4c07689__0ms,608d7f2962bf5208d8c046ca664db877d4c07689,SLOWFOX Christmas Song (Slow Foxtrot  29BPM,D:\projekty\Hudba\music-editor\src\data\segments\slowfox\608d7f2962bf5208d8c046ca664db877d4c07689__s0ms.wav,0,20000,,slowfox
608d7f2962bf5208d8c046ca664db877d4c07689__20000ms,608d7f2962bf5208d8c046ca664db877d4c07689,SLOWFOX Christmas Song (Slow Foxtrot  29BPM,D:\projekty\Hudba\music-editor\src\data\segments\slowfox\608d7f2962bf5208d8c046ca664db877d4c07689__s20000ms.wav,20000,20000,,slowfox
608d7f2962bf5208d8c046ca664db877d4c07689__40000ms,608d7f2962bf5208d8c046ca664db877d4c07689,SLOWFOX Christmas Song (Slow Foxtrot  29BPM,D:\projekty\Hudba\music-editor\src\data\segments\slowfox\608d7f2962bf5208d8c046ca664db877d4c07689__s40000ms.wav,40000,20000,,slowfox
608d7f2962bf5208d8c046ca664db877d4c07689__60000ms,608d7f2962bf5208d8c046ca664db877d4c07689,SLOWFOX Christmas Song (Slow Foxtrot  29BPM,D:\projekty\Hudba\music-editor\src\data\segments\slowfox\608d7f2962bf5208d8c046ca664db877d4c07689__s60000ms.wav,60000,20000,,slowfox
608d7f2962bf5208d8c046ca664db877d4c07689__80000ms,608d7f2962bf5208d8c046ca664db877d4c07689,SLOWFOX Christmas Song (Slow Foxtrot  29BPM,D:\projekty\Hudba\music-editor\src\data\segments\slowfox\608d7f2962bf5208d8c046ca664db877d4c07689__s80000ms.wav,80000,20000,,slowfox
608d7f2962bf5208d8c046ca664db877d4c07689__100000ms,608d7f2962bf5208d8c046ca664db877d4c07689,SLOWFOX Christmas Song (Slow Foxtrot  29BPM,D:\projekty\Hudba\music-editor\src\data\segments\slowfox\608d7f2962bf5208d8c046ca664db877d4c07689__s100000ms.wav,100000,20000,,slowfox
608d7f2962bf5208d8c046ca664db877d4c07689__120000ms,608d7f2962bf5208d8c046ca664db877d4c07689,SLOWFOX Christmas Song (Slow Foxtrot  29BPM,D:\projekty\Hudba\music-editor\src\data\segments\slowfox\608d7f2962bf5208d8c046ca664db877d4c07689__s120000ms.wav,120000,20000,,slowfox
608d7f2962bf5208d8c046ca664db877d4c07689__140000ms,608d7f2962bf5208d8c046ca664db877d4c07689,SLOWFOX Christmas Song (Slow Foxtrot  29BPM,D:\projekty\Hudba\music-editor\src\data\segments\slowfox\608d7f2962bf5208d8c046ca664db877d4c07689__s140000ms.wav,140000,13339,,slowfox
973da37478ac530327be1ed18d91b9635a3a9110__0ms,973da37478ac530327be1ed18d91b9635a3a9110,SLOWFOX Do,D:\projekty\Hudba\music-editor\src\data\segments\slowfox\973da37478ac530327be1ed18d91b9635a3a9110__s0ms.wav,0,20000,,slowfox
973da37478ac530327be1ed18d91b9635a3a9110__20000ms,973da37478ac530327be1ed18d91b9635a3a9110,SLOWFOX Do,D:\projekty\Hudba\music-editor\src\data\segments\slowfox\973da37478ac530327be1ed18d91b9635a3a9110__s20000ms.wav,20000,20000,,slowfox
973da37478ac530327be1ed18d91b9635a3a9110__40000ms,973da37478ac530327be1ed18d91b9635a3a9110,SLOWFOX Do,D:\projekty\Hudba\music-editor\src\data\segments\slowfox\973da37478ac530327be1ed18d91b9635a3a9110__s40000ms.wav,40000,20000,,slowfox
973da37478ac530327be1ed18d91b9635a3a9110__60000ms,973da37478ac530327be1ed18d91b9635a3a9110,SLOWFOX Do,D:\projekty\Hudba\music-editor\src\data\segments\slowfox\973da37478ac530327be1ed18d91b9635a3a9110__s60000ms.wav,60000,20000,,slowfox
973da37478ac530327be1ed18d91b9635a3a9110__80000ms,973da37478ac530327be1ed18d91b9635a3a9110,SLOWFOX Do,D:\projekty\Hudba\music-editor\src\data\segments\slowfox\973da37478ac530327be1ed18d91b9635a3a9110__s80000ms.wav,80000,20000,,slowfox
973da37478ac530327be1ed18d91b9635a3a9110__100000ms,973da37478ac530327be1ed18d91b9635a3a9110,SLOWFOX Do,D:\projekty\Hudba\music-editor\src\data\segments\slowfox\973da37478ac530327be1ed18d91b9635a3a9110__s100000ms.wav,100000,20000,,slowfox
973da37478ac530327be1ed18d91b9635a3a9110__120000ms,973da37478ac530327be1ed18d91b9635a3a9110,SLOWFOX Do,D:\projekty\Hudba\music-editor\src\data\segments\slowfox\973da37478ac530327be1ed18d91b9635a3a9110__s120000ms.wav,120000,20000,,slowfox
973da37478ac530327be1ed18d91b9635a3a9110__140000ms,973da37478ac530327be1ed18d91b9635a3a9110,SLOWFOX Do,D:\projekty\Hudba\music-editor\src\data\segments\slowfox\973da37478ac530327be1ed18d91b9635a3a9110__s140000ms.wav,140000,17597,,slowfox
bcbc4ef0b08f38fce9674a0b1a4bd97812ca942c__0ms,bcbc4ef0b08f38fce9674a0b1a4bd97812ca942c,SLOWFOX Fever (Slow Fox  30 BPM,D:\projekty\Hudba\music-editor\src\data\segments\slowfox\bcbc4ef0b08f38fce9674a0b1a4bd97812ca942c__s0ms.wav,0,20000,,slowfox
bcbc4ef0b08f38fce9674a0b1a4bd97812ca942c__20000ms,bcbc4ef0b08f38fce9674a0b1a4bd97812ca942c,SLOWFOX Fever (Slow Fox  30 BPM,D:\projekty\Hudba\music-editor\src\data\segments\slowfox\bcbc4ef0b08f38fce9674a0b1a4bd97812ca942c__s20000ms.wav,20000,20000,,slowfox
bcbc4ef0b08f38fce9674a0b1a4bd97812ca942c__40000ms,bcbc4ef0b08f38fce9674a0b1a4bd97812ca942c,SLOWFOX Fever (Slow Fox  30 BPM,D:\projekty\Hudba\music-editor\src\data\segments\slowfox\bcbc4ef0b08f38fce9674a0b1a4bd97812ca942c__s40000ms.wav,40000,20000,,slowfox
bcbc4ef0b08f38fce9674a0b1a4bd97812ca942c__60000ms,bcbc4ef0b08f38fce9674a0b1a4bd97812ca942c,SLOWFOX Fever (Slow Fox  30 BPM,D:\projekty\Hudba\music-editor\src\data\segments\slowfox\bcbc4ef0b08f38fce9674a0b1a4bd97812ca942c__s60000ms.wav,60000,20000,,slowfox
bcbc4ef0b08f38fce9674a0b1a4bd97812ca942c__80000ms,bcbc4ef0b08f38fce9674a0b1a4bd97812ca942c,SLOWFOX Fever (Slow Fox  30 BPM,D:\projekty\Hudba\music-editor\src\data\segments\slowfox\bcbc4ef0b08f38fce9674a0b1a4bd97812ca942c__s80000ms.wav,80000,20000,,slowfox
bcbc4ef0b08f38fce9674a0b1a4bd97812ca942c__100000ms,bcbc4ef0b08f38fce9674a0b1a4bd97812ca942c,SLOWFOX Fever (Slow Fox  30 BPM,D:\projekty\Hudba\music-editor\src\data\segments\slowfox\bcbc4ef0b08f38fce9674a0b1a4bd97812ca942c__s100000ms.wav,100000,20000,,slowfox
bcbc4ef0b08f38fce9674a0b1a4bd97812ca942c__120000ms,bcbc4ef0b08f38fce9674a0b1a4bd97812ca942c,SLOWFOX Fever (Slow Fox  30 BPM,D:\projekty\Hudba\music-editor\src\data\segments\slowfox\bcbc4ef0b08f38fce9674a0b1a4bd97812ca942c__s120000ms.wav,120000,17744,,slowfox
c4a09a8d636154145a1b85af0f67cec3ec3d4d72__0ms,c4a09a8d636154145a1b85af0f67cec3ec3d4d72,SLOWFOX Foxtrot    Livi,D:\projekty\Hudba\music-editor\src\data\segments\slowfox\c4a09a8d636154145a1b85af0f67cec3ec3d4d72__s0ms.wav,0,20000,,slowfox
c4a09a8d636154145a1b85af0f67cec3ec3d4d72__20000ms,c4a09a8d636154145a1b85af0f67cec3ec3d4d72,SLOWFOX Foxtrot    Livi,D:\projekty\Hudba\music-editor\src\data\segments\slowfox\c4a09a8d636154145a1b85af0f67cec3ec3d4d72__s20000ms.wav,20000,20000,,slowfox
c4a09a8d636154145a1b85af0f67cec3ec3d4d72__40000ms,c4a09a8d636154145a1b85af0f67cec3ec3d4d72,SLOWFOX Foxtrot    Livi,D:\projekty\Hudba\music-editor\src\data\segments\slowfox\c4a09a8d636154145a1b85af0f67cec3ec3d4d72__s40000ms.wav,40000,20000,,slowfox
c4a09a8d636154145a1b85af0f67cec3ec3d4d72__60000ms,c4a09a8d636154145a1b85af0f67cec3ec3d4d72,SLOWFOX Foxtrot    Livi,D:\projekty\Hudba\music-editor\src\data\segments\slowfox\c4a09a8d636154145a1b85af0f67cec3ec3d4d72__s60000ms.wav,60000,20000,,slowfox
c4a09a8d636154145a1b85af0f67cec3ec3d4d72__80000ms,c4a09a8d636154145a1b85af0f67cec3ec3d4d72,SLOWFOX Foxtrot    Livi,D:\projekty\Hudba\music-editor\src\data\segments\slowfox\c4a09a8d636154145a1b85af0f67cec3ec3d4d72__s80000ms.wav,80000,20000,,slowfox
c4a09a8d636154145a1b85af0f67cec3ec3d4d72__100000ms,c4a09a8d636154145a1b85af0f67cec3ec3d4d72,SLOWFOX Foxtrot    Livi,D:\projekty\Hudba\music-editor\src\data\segments\slowfox\c4a09a8d636154145a1b85af0f67cec3ec3d4d72__s100000ms.wav,100000,20000,,slowfox
c4a09a8d636154145a1b85af0f67cec3ec3d4d72__120000ms,c4a09a8d636154145a1b85af0f67cec3ec3d4d72,SLOWFOX Foxtrot    Livi,D:\projekty\Hudba\music-editor\src\data\segments\slowfox\c4a09a8d636154145a1b85af0f67cec3ec3d4d72__s120000ms.wav,120000,20000,,slowfox
c4a09a8d636154145a1b85af0f67cec3ec3d4d72__140000ms,c4a09a8d636154145a1b85af0f67cec3ec3d4d72,SLOWFOX Foxtrot    Livi,D:\projekty\Hudba\music-editor\src\data\segments\slowfox\c4a09a8d636154145a1b85af0f67cec3ec3d4d72__s140000ms.wav,140000,20000,,slowfox
c4a09a8d636154145a1b85af0f67cec3ec3d4d72__160000ms,c4a09a8d636154145a1b85af0f67cec3ec3d4d72,SLOWFOX Foxtrot    Livi,D:\projekty\Hudba\music-editor\src\data\segments\slowfox\c4a09a8d636154145a1b85af0f67cec3ec3d4d72__s160000ms.wav,160000,20000,,slowfox
c4a09a8d636154145a1b85af0f67cec3ec3d4d72__180000ms,c4a09a8d636154145a1b85af0f67cec3ec3d4d72,SLOWFOX Foxtrot    Livi,D:\projekty\Hudba\music-editor\src\data\segments\slowfox\c4a09a8d636154145a1b85af0f67cec3ec3d4d72__s180000ms.wav,180000,12261,,slowfox
b4466bb91f9890d50c56c3bc8fd173555f3cec40__0ms,b4466bb91f9890d50c56c3bc8fd173555f3cec40,SLOWFOX Foxtrot   Chill   Anna Davi,D:\projekty\Hudba\music-editor\src\data\segments\slowfox\b4466bb91f9890d50c56c3bc8fd173555f3cec40__s0ms.wav,0,20000,,slowfox
b4466bb91f9890d50c56c3bc8fd173555f3cec40__20000ms,b4466bb91f9890d50c56c3bc8fd173555f3cec40,SLOWFOX Foxtrot   Chill   Anna Davi,D:\projekty\Hudba\music-editor\src\data\segments\slowfox\b4466bb91f9890d50c56c3bc8fd173555f3cec40__s20000ms.wav,20000,20000,,slowfox
b4466bb91f9890d50c56c3bc8fd173555f3cec40__40000ms,b4466bb91f9890d50c56c3bc8fd173555f3cec40,SLOWFOX Foxtrot   Chill   Anna Davi,D:\projekty\Hudba\music-editor\src\data\segments\slowfox\b4466bb91f9890d50c56c3bc8fd173555f3cec40__s40000ms.wav,40000,20000,,slowfox
b4466bb91f9890d50c56c3bc8fd173555f3cec40__60000ms,b4466bb91f9890d50c56c3bc8fd173555f3cec40,SLOWFOX Foxtrot   Chill   Anna Davi,D:\projekty\Hudba\music-editor\src\data\segments\slowfox\b4466bb91f9890d50c56c3bc8fd173555f3cec40__s60000ms.wav,60000,20000,,slowfox
b4466bb91f9890d50c56c3bc8fd173555f3cec40__80000ms,b4466bb91f9890d50c56c3bc8fd173555f3cec40,SLOWFOX Foxtrot   Chill   Anna Davi,D:\projekty\Hudba\music-editor\src\data\segments\slowfox\b4466bb91f9890d50c56c3bc8fd173555f3cec40__s80000ms.wav,80000,20000,,slowfox
b4466bb91f9890d50c56c3bc8fd173555f3cec40__100000ms,b4466bb91f9890d50c56c3bc8fd173555f3cec40,SLOWFOX Foxtrot   Chill   Anna Davi,D:\projekty\Hudba\music-editor\src\data\segments\slowfox\b4466bb91f9890d50c56c3bc8fd173555f3cec40__s100000ms.wav,100000,20000,,slowfox
b4466bb91f9890d50c56c3bc8fd173555f3cec40__120000ms,b4466bb91f9890d50c56c3bc8fd173555f3cec40,SLOWFOX Foxtrot   Chill   Anna Davi,D:\projekty\Hudba\music-editor\src\data\segments\slowfox\b4466bb91f9890d50c56c3bc8fd173555f3cec40__s120000ms.wav,120000,20000,,slowfox
b4466bb91f9890d50c56c3bc8fd173555f3cec40__140000ms,b4466bb91f9890d50c56c3bc8fd173555f3cec40,SLOWFOX Foxtrot   Chill   Anna Davi,D:\projekty\Hudba\music-editor\src\data\segments\slowfox\b4466bb91f9890d50c56c3bc8fd173555f3cec40__s140000ms.wav,140000,20000,,slowfox
b4466bb91f9890d50c56c3bc8fd173555f3cec40__160000ms,b4466bb91f9890d50c56c3bc8fd173555f3cec40,SLOWFOX Foxtrot   Chill   Anna Davi,D:\projekty\Hudba\music-editor\src\data\segments\slowfox\b4466bb91f9890d50c56c3bc8fd173555f3cec40__s160000ms.wav,160000,20000,,slowfox
b4466bb91f9890d50c56c3bc8fd173555f3cec40__180000ms,b4466bb91f9890d50c56c3bc8fd173555f3cec40,SLOWFOX Foxtrot   Chill   Anna Davi,D:\projekty\Hudba\music-editor\src\data\segments\slowfox\b4466bb91f9890d50c56c3bc8fd173555f3cec40__s180000ms.wav,180000,20000,,slowfox
b4466bb91f9890d50c56c3bc8fd173555f3cec40__200000ms,b4466bb91f9890d50c56c3bc8fd173555f3cec40,SLOWFOX Foxtrot   Chill   Anna Davi,D:\projekty\Hudba\music-editor\src\data\segments\slowfox\b4466bb91f9890d50c56c3bc8fd173555f3cec40__s200000ms.wav,200000,20000,,slowfox
b4466bb91f9890d50c56c3bc8fd173555f3cec40__220000ms,b4466bb91f9890d50c56c3bc8fd173555f3cec40,SLOWFOX Foxtrot   Chill   Anna Davi,D:\projekty\Hudba\music-editor\src\data\segments\slowfox\b4466bb91f9890d50c56c3bc8fd173555f3cec40__s220000ms.wav,220000,11288,,slowfox
63c1f01716c43884e50b03c512d83d9b6b586b25__0ms,63c1f01716c43884e50b03c512d83d9b6b586b25,SLOWFOX Foxtrot   Dancing With You   Jeff Meega,D:\projekty\Hudba\music-editor\src\data\segments\slowfox\63c1f01716c43884e50b03c512d83d9b6b586b25__s0ms.wav,0,20000,,slowfox
63c1f01716c43884e50b03c512d83d9b6b586b25__20000ms,63c1f01716c43884e50b03c512d83d9b6b586b25,SLOWFOX Foxtrot   Dancing With You   Jeff Meega,D:\projekty\Hudba\music-editor\src\data\segments\slowfox\63c1f01716c43884e50b03c512d83d9b6b586b25__s20000ms.wav,20000,20000,,slowfox
63c1f01716c43884e50b03c512d83d9b6b586b25__40000ms,63c1f01716c43884e50b03c512d83d9b6b586b25,SLOWFOX Foxtrot   Dancing With You   Jeff Meega,D:\projekty\Hudba\music-editor\src\data\segments\slowfox\63c1f01716c43884e50b03c512d83d9b6b586b25__s40000ms.wav,40000,20000,,slowfox
63c1f01716c43884e50b03c512d83d9b6b586b25__60000ms,63c1f01716c43884e50b03c512d83d9b6b586b25,SLOWFOX Foxtrot   Dancing With You   Jeff Meega,D:\projekty\Hudba\music-editor\src\data\segments\slowfox\63c1f01716c43884e50b03c512d83d9b6b586b25__s60000ms.wav,60000,20000,,slowfox
63c1f01716c43884e50b03c512d83d9b6b586b25__80000ms,63c1f01716c43884e50b03c512d83d9b6b586b25,SLOWFOX Foxtrot   Dancing With You   Jeff Meega,D:\projekty\Hudba\music-editor\src\data\segments\slowfox\63c1f01716c43884e50b03c512d83d9b6b586b25__s80000ms.wav,80000,20000,,slowfox
63c1f01716c43884e50b03c512d83d9b6b586b25__100000ms,63c1f01716c43884e50b03c512d83d9b6b586b25,SLOWFOX Foxtrot   Dancing With You   Jeff Meega,D:\projekty\Hudba\music-editor\src\data\segments\slowfox\63c1f01716c43884e50b03c512d83d9b6b586b25__s100000ms.wav,100000,20000,,slowfox
63c1f01716c43884e50b03c512d83d9b6b586b25__120000ms,63c1f01716c43884e50b03c512d83d9b6b586b25,SLOWFOX Foxtrot   Dancing With You   Jeff Meega,D:\projekty\Hudba\music-editor\src\data\segments\slowfox\63c1f01716c43884e50b03c512d83d9b6b586b25__s120000ms.wav,120000,20000,,slowfox
2578211274f9a48872006f2223afc681082dba21__0ms,2578211274f9a48872006f2223afc681082dba21,SLOWFOX Foxtrot   Every Breath You Take   Music Travel Lov,D:\projekty\Hudba\music-editor\src\data\segments\slowfox\2578211274f9a48872006f2223afc681082dba21__s0ms.wav,0,20000,,slowfox
2578211274f9a48872006f2223afc681082dba21__20000ms,2578211274f9a48872006f2223afc681082dba21,SLOWFOX Foxtrot   Every Breath You Take   Music Travel Lov,D:\projekty\Hudba\music-editor\src\data\segments\slowfox\2578211274f9a48872006f2223afc681082dba21__s20000ms.wav,20000,20000,,slowfox
2578211274f9a48872006f2223afc681082dba21__40000ms,2578211274f9a48872006f2223afc681082dba21,SLOWFOX Foxtrot   Every Breath You Take   Music Travel Lov,D:\projekty\Hudba\music-editor\src\data\segments\slowfox\2578211274f9a48872006f2223afc681082dba21__s40000ms.wav,40000,20000,,slowfox
2578211274f9a48872006f2223afc681082dba21__60000ms,2578211274f9a48872006f2223afc681082dba21,SLOWFOX Foxtrot   Every Breath You Take   Music Travel Lov,D:\projekty\Hudba\music-editor\src\data\segments\slowfox\2578211274f9a48872006f2223afc681082dba21__s60000ms.wav,60000,20000,,slowfox
2578211274f9a48872006f2223afc681082dba21__80000ms,2578211274f9a48872006f2223afc681082dba21,SLOWFOX Foxtrot   Every Breath You Take   Music Travel Lov,D:\projekty\Hudba\music-editor\src\data\segments\slowfox\2578211274f9a48872006f2223afc681082dba21__s80000ms.wav,80000,20000,,slowfox
2578211274f9a48872006f2223afc681082dba21__100000ms,2578211274f9a48872006f2223afc681082dba21,SLOWFOX Foxtrot   Every Breath You Take   Music Travel Lov,D:\projekty\Hudba\music-editor\src\data\segments\slowfox\2578211274f9a48872006f2223afc681082dba21__s100000ms.wav,100000,20000,,slowfox
2578211274f9a48872006f2223afc681082dba21__120000ms,2578211274f9a48872006f2223afc681082dba21,SLOWFOX Foxtrot   Every Breath You Take   Music Travel Lov,D:\projekty\Hudba\music-editor\src\data\segments\slowfox\2578211274f9a48872006f2223afc681082dba21__s120000ms.wav,120000,20000,,slowfox
2578211274f9a48872006f2223afc681082dba21__140000ms,2578211274f9a48872006f2223afc681082dba21,SLOWFOX Foxtrot   Every Breath You Take   Music Travel Lov,D:\projekty\Hudba\music-editor\src\data\segments\slowfox\2578211274f9a48872006f2223afc681082dba21__s140000ms.wav,140000,20000,,slowfox
2578211274f9a48872006f2223afc681082dba21__160000ms,2578211274f9a48872006f2223afc681082dba21,SLOWFOX Foxtrot   Every Breath You Take   Music Travel Lov,D:\projekty\Hudba\music-editor\src\data\segments\slowfox\2578211274f9a48872006f2223afc681082dba21__s160000ms.wav,160000,20000,,slowfox
2578211274f9a48872006f2223afc681082dba21__180000ms,2578211274f9a48872006f2223afc681082dba21,SLOWFOX Foxtrot   Every Breath You Take   Music Travel Lov,D:\projekty\Hudba\music-editor\src\data\segments\slowfox\2578211274f9a48872006f2223afc681082dba21__s180000ms.wav,180000,20000,,slowfox
2578211274f9a48872006f2223afc681082dba21__200000ms,2578211274f9a48872006f2223afc681082dba21,SLOWFOX Foxtrot   Every Breath You Take   Music Travel Lov,D:\projekty\Hudba\music-editor\src\data\segments\slowfox\2578211274f9a48872006f2223afc681082dba21__s200000ms.wav,200000,10129,,slowfox
0c99a8d3e8e0431d2f5de078302cba5751db8477__0ms,0c99a8d3e8e0431d2f5de078302cba5751db8477,SLOWFOX Foxtrot   Fly me to the Moon   Frank Sinatr,D:\projekty\Hudba\music-editor\src\data\segments\slowfox\0c99a8d3e8e0431d2f5de078302cba5751db8477__s0ms.wav,0,20000,,slowfox
0c99a8d3e8e0431d2f5de078302cba5751db8477__20000ms,0c99a8d3e8e0431d2f5de078302cba5751db8477,SLOWFOX Foxtrot   Fly me to the Moon   Frank Sinatr,D:\projekty\Hudba\music-editor\src\data\segments\slowfox\0c99a8d3e8e0431d2f5de078302cba5751db8477__s20000ms.wav,20000,20000,,slowfox
0c99a8d3e8e0431d2f5de078302cba5751db8477__40000ms,0c99a8d3e8e0431d2f5de078302cba5751db8477,SLOWFOX Foxtrot   Fly me to the Moon   Frank Sinatr,D:\projekty\Hudba\music-editor\src\data\segments\slowfox\0c99a8d3e8e0431d2f5de078302cba5751db8477__s40000ms.wav,40000,20000,,slowfox
0c99a8d3e8e0431d2f5de078302cba5751db8477__60000ms,0c99a8d3e8e0431d2f5de078302cba5751db8477,SLOWFOX Foxtrot   Fly me to the Moon   Frank Sinatr,D:\projekty\Hudba\music-editor\src\data\segments\slowfox\0c99a8d3e8e0431d2f5de078302cba5751db8477__s60000ms.wav,60000,20000,,slowfox
0c99a8d3e8e0431d2f5de078302cba5751db8477__80000ms,0c99a8d3e8e0431d2f5de078302cba5751db8477,SLOWFOX Foxtrot   Fly me to the Moon   Frank Sinatr,D:\projekty\Hudba\music-editor\src\data\segments\slowfox\0c99a8d3e8e0431d2f5de078302cba5751db8477__s80000ms.wav,80000,20000,,slowfox
0c99a8d3e8e0431d2f5de078302cba5751db8477__100000ms,0c99a8d3e8e0431d2f5de078302cba5751db8477,SLOWFOX Foxtrot   Fly me to the Moon   Frank Sinatr,D:\projekty\Hudba\music-editor\src\data\segments\slowfox\0c99a8d3e8e0431d2f5de078302cba5751db8477__s100000ms.wav,100000,20000,,slowfox
0c99a8d3e8e0431d2f5de078302cba5751db8477__120000ms,0c99a8d3e8e0431d2f5de078302cba5751db8477,SLOWFOX Foxtrot   Fly me to the Moon   Frank Sinatr,D:\projekty\Hudba\music-editor\src\data\segments\slowfox\0c99a8d3e8e0431d2f5de078302cba5751db8477__s120000ms.wav,120000,20000,,slowfox
0c99a8d3e8e0431d2f5de078302cba5751db8477__140000ms,0c99a8d3e8e0431d2f5de078302cba5751db8477,SLOWFOX Foxtrot   Fly me to the Moon   Frank Sinatr,D:\projekty\Hudba\music-editor\src\data\segments\slowfox\0c99a8d3e8e0431d2f5de078302cba5751db8477__s140000ms.wav,140000,14514,,slowfox
155d4687aab9b0678facdb80ed444e2002f684ce__0ms,155d4687aab9b0678facdb80ed444e2002f684ce,SLOWFOX Foxtrot   If There Was,D:\projekty\Hudba\music-editor\src\data\segments\slowfox\155d4687aab9b0678facdb80ed444e2002f684ce__s0ms.wav,0,20000,,slowfox
155d4687aab9b0678facdb80ed444e2002f684ce__20000ms,155d4687aab9b0678facdb80ed444e2002f684ce,SLOWFOX Foxtrot   If There Was,D:\projekty\Hudba\music-editor\src\data\segments\slowfox\155d4687aab9b0678facdb80ed444e2002f684ce__s20000ms.wav,20000,20000,,slowfox
155d4687aab9b0678facdb80ed444e2002f684ce__40000ms,155d4687aab9b0678facdb80ed444e2002f684ce,SLOWFOX Foxtrot   If There Was,D:\projekty\Hudba\music-editor\src\data\segments\slowfox\155d4687aab9b0678facdb80ed444e2002f684ce__s40000ms.wav,40000,20000,,slowfox
155d4687aab9b0678facdb80ed444e2002f684ce__60000ms,155d4687aab9b0678facdb80ed444e2002f684ce,SLOWFOX Foxtrot   If There Was,D:\projekty\Hudba\music-editor\src\data\segments\slowfox\155d4687aab9b0678facdb80ed444e2002f684ce__s60000ms.wav,60000,20000,,slowfox
155d4687aab9b0678facdb80ed444e2002f684ce__80000ms,155d4687aab9b0678facdb80ed444e2002f684ce,SLOWFOX Foxtrot   If There Was,D:\projekty\Hudba\music-editor\src\data\segments\slowfox\155d4687aab9b0678facdb80ed444e2002f684ce__s80000ms.wav,80000,20000,,slowfox
155d4687aab9b0678facdb80ed444e2002f684ce__100000ms,155d4687aab9b0678facdb80ed444e2002f684ce,SLOWFOX Foxtrot   If There Was,D:\projekty\Hudba\music-editor\src\data\segments\slowfox\155d4687aab9b0678facdb80ed444e2002f684ce__s100000ms.wav,100000,20000,,slowfox
155d4687aab9b0678facdb80ed444e2002f684ce__120000ms,155d4687aab9b0678facdb80ed444e2002f684ce,SLOWFOX Foxtrot   If There Was,D:\projekty\Hudba\music-editor\src\data\segments\slowfox\155d4687aab9b0678facdb80ed444e2002f684ce__s120000ms.wav,120000,20000,,slowfox
155d4687aab9b0678facdb80ed444e2002f684ce__140000ms,155d4687aab9b0678facdb80ed444e2002f684ce,SLOWFOX Foxtrot   If There Was,D:\projekty\Hudba\music-editor\src\data\segments\slowfox\155d4687aab9b0678facdb80ed444e2002f684ce__s140000ms.wav,140000,20000,,slowfox
155d4687aab9b0678facdb80ed444e2002f684ce__160000ms,155d4687aab9b0678facdb80ed444e2002f684ce,SLOWFOX Foxtrot   If There Was,D:\projekty\Hudba\music-editor\src\data\segments\slowfox\155d4687aab9b0678facdb80ed444e2002f684ce__s160000ms.wav,160000,20000,,slowfox
155d4687aab9b0678facdb80ed444e2002f684ce__180000ms,155d4687aab9b0678facdb80ed444e2002f684ce,SLOWFOX Foxtrot   If There Was,D:\projekty\Hudba\music-editor\src\data\segments\slowfox\155d4687aab9b0678facdb80ed444e2002f684ce__s180000ms.wav,180000,20000,,slowfox
4d4bbf2c1d57ff5db66b622a6ab6432ca28b5e27__0ms,4d4bbf2c1d57ff5db66b622a6ab6432ca28b5e27,"SLOWFOX Foxtrot   In the Cold, Cold Night   Tracey Thor",D:\projekty\Hudba\music-editor\src\data\segments\slowfox\4d4bbf2c1d57ff5db66b622a6ab6432ca28b5e27__s0ms.wav,0,20000,,slowfox
4d4bbf2c1d57ff5db66b622a6ab6432ca28b5e27__20000ms,4d4bbf2c1d57ff5db66b622a6ab6432ca28b5e27,"SLOWFOX Foxtrot   In the Cold, Cold Night   Tracey Thor",D:\projekty\Hudba\music-editor\src\data\segments\slowfox\4d4bbf2c1d57ff5db66b622a6ab6432ca28b5e27__s20000ms.wav,20000,20000,,slowfox
4d4bbf2c1d57ff5db66b622a6ab6432ca28b5e27__40000ms,4d4bbf2c1d57ff5db66b622a6ab6432ca28b5e27,"SLOWFOX Foxtrot   In the Cold, Cold Night   Tracey Thor",D:\projekty\Hudba\music-editor\src\data\segments\slowfox\4d4bbf2c1d57ff5db66b622a6ab6432ca28b5e27__s40000ms.wav,40000,20000,,slowfox
4d4bbf2c1d57ff5db66b622a6ab6432ca28b5e27__60000ms,4d4bbf2c1d57ff5db66b622a6ab6432ca28b5e27,"SLOWFOX Foxtrot   In the Cold, Cold Night   Tracey Thor",D:\projekty\Hudba\music-editor\src\data\segments\slowfox\4d4bbf2c1d57ff5db66b622a6ab6432ca28b5e27__s60000ms.wav,60000,20000,,slowfox
4d4bbf2c1d57ff5db66b622a6ab6432ca28b5e27__80000ms,4d4bbf2c1d57ff5db66b622a6ab6432ca28b5e27,"SLOWFOX Foxtrot   In the Cold, Cold Night   Tracey Thor",D:\projekty\Hudba\music-editor\src\data\segments\slowfox\4d4bbf2c1d57ff5db66b622a6ab6432ca28b5e27__s80000ms.wav,80000,20000,,slowfox
4d4bbf2c1d57ff5db66b622a6ab6432ca28b5e27__100000ms,4d4bbf2c1d57ff5db66b622a6ab6432ca28b5e27,"SLOWFOX Foxtrot   In the Cold, Cold Night   Tracey Thor",D:\projekty\Hudba\music-editor\src\data\segments\slowfox\4d4bbf2c1d57ff5db66b622a6ab6432ca28b5e27__s100000ms.wav,100000,20000,,slowfox
4d4bbf2c1d57ff5db66b622a6ab6432ca28b5e27__120000ms,4d4bbf2c1d57ff5db66b622a6ab6432ca28b5e27,"SLOWFOX Foxtrot   In the Cold, Cold Night   Tracey Thor",D:\projekty\Hudba\music-editor\src\data\segments\slowfox\4d4bbf2c1d57ff5db66b622a6ab6432ca28b5e27__s120000ms.wav,120000,20000,,slowfox
4d4bbf2c1d57ff5db66b622a6ab6432ca28b5e27__140000ms,4d4bbf2c1d57ff5db66b622a6ab6432ca28b5e27,"SLOWFOX Foxtrot   In the Cold, Cold Night   Tracey Thor",D:\projekty\Hudba\music-editor\src\data\segments\slowfox\4d4bbf2c1d57ff5db66b622a6ab6432ca28b5e27__s140000ms.wav,140000,18616,,slowfox
08e714a9abc9472bbad114024a6ca76188d427f8__0ms,08e714a9abc9472bbad114024a6ca76188d427f8,SLOWFOX Foxtrot   Just Dance   Lady Gag,D:\projekty\Hudba\music-editor\src\data\segments\slowfox\08e714a9abc9472bbad114024a6ca76188d427f8__s0ms.wav,0,20000,,slowfox
08e714a9abc9472bbad114024a6ca76188d427f8__20000ms,08e714a9abc9472bbad114024a6ca76188d427f8,SLOWFOX Foxtrot   Just Dance   Lady Gag,D:\projekty\Hudba\music-editor\src\data\segments\slowfox\08e714a9abc9472bbad114024a6ca76188d427f8__s20000ms.wav,20000,20000,,slowfox
08e714a9abc9472bbad114024a6ca76188d427f8__40000ms,08e714a9abc9472bbad114024a6ca76188d427f8,SLOWFOX Foxtrot   Just Dance   Lady Gag,D:\projekty\Hudba\music-editor\src\data\segments\slowfox\08e714a9abc9472bbad114024a6ca76188d427f8__s40000ms.wav,40000,20000,,slowfox
08e714a9abc9472bbad114024a6ca76188d427f8__60000ms,08e714a9abc9472bbad114024a6ca76188d427f8,SLOWFOX Foxtrot   Just Dance   Lady Gag,D:\projekty\Hudba\music-editor\src\data\segments\slowfox\08e714a9abc9472bbad114024a6ca76188d427f8__s60000ms.wav,60000,20000,,slowfox
08e714a9abc9472bbad114024a6ca76188d427f8__80000ms,08e714a9abc9472bbad114024a6ca76188d427f8,SLOWFOX Foxtrot   Just Dance   Lady Gag,D:\projekty\Hudba\music-editor\src\data\segments\slowfox\08e714a9abc9472bbad114024a6ca76188d427f8__s80000ms.wav,80000,20000,,slowfox
08e714a9abc9472bbad114024a6ca76188d427f8__100000ms,08e714a9abc9472bbad114024a6ca76188d427f8,SLOWFOX Foxtrot   Just Dance   Lady Gag,D:\projekty\Hudba\music-editor\src\data\segments\slowfox\08e714a9abc9472bbad114024a6ca76188d427f8__s100000ms.wav,100000,20000,,slowfox
08e714a9abc9472bbad114024a6ca76188d427f8__120000ms,08e714a9abc9472bbad114024a6ca76188d427f8,SLOWFOX Foxtrot   Just Dance   Lady Gag,D:\projekty\Hudba\music-editor\src\data\segments\slowfox\08e714a9abc9472bbad114024a6ca76188d427f8__s120000ms.wav,120000,20000,,slowfox
08e714a9abc9472bbad114024a6ca76188d427f8__140000ms,08e714a9abc9472bbad114024a6ca76188d427f8,SLOWFOX Foxtrot   Just Dance   Lady Gag,D:\projekty\Hudba\music-editor\src\data\segments\slowfox\08e714a9abc9472bbad114024a6ca76188d427f8__s140000ms.wav,140000,20000,,slowfox
08e714a9abc9472bbad114024a6ca76188d427f8__160000ms,08e714a9abc9472bbad114024a6ca76188d427f8,SLOWFOX Foxtrot   Just Dance   Lady Gag,D:\projekty\Hudba\music-editor\src\data\segments\slowfox\08e714a9abc9472bbad114024a6ca76188d427f8__s160000ms.wav,160000,20000,,slowfox
cd1bad5b50f3aa515d38c0f67a94919fa673eca6__0ms,cd1bad5b50f3aa515d38c0f67a94919fa673eca6,SLOWFOX Foxtrot   Love Makes The World Go Round   Bruce Willi,D:\projekty\Hudba\music-editor\src\data\segments\slowfox\cd1bad5b50f3aa515d38c0f67a94919fa673eca6__s0ms.wav,0,20000,,slowfox
cd1bad5b50f3aa515d38c0f67a94919fa673eca6__20000ms,cd1bad5b50f3aa515d38c0f67a94919fa673eca6,SLOWFOX Foxtrot   Love Makes The World Go Round   Bruce Willi,D:\projekty\Hudba\music-editor\src\data\segments\slowfox\cd1bad5b50f3aa515d38c0f67a94919fa673eca6__s20000ms.wav,20000,20000,,slowfox
cd1bad5b50f3aa515d38c0f67a94919fa673eca6__40000ms,cd1bad5b50f3aa515d38c0f67a94919fa673eca6,SLOWFOX Foxtrot   Love Makes The World Go Round   Bruce Willi,D:\projekty\Hudba\music-editor\src\data\segments\slowfox\cd1bad5b50f3aa515d38c0f67a94919fa673eca6__s40000ms.wav,40000,20000,,slowfox
cd1bad5b50f3aa515d38c0f67a94919fa673eca6__60000ms,cd1bad5b50f3aa515d38c0f67a94919fa673eca6,SLOWFOX Foxtrot   Love Makes The World Go Round   Bruce Willi,D:\projekty\Hudba\music-editor\src\data\segments\slowfox\cd1bad5b50f3aa515d38c0f67a94919fa673eca6__s60000ms.wav,60000,20000,,slowfox
cd1bad5b50f3aa515d38c0f67a94919fa673eca6__80000ms,cd1bad5b50f3aa515d38c0f67a94919fa673eca6,SLOWFOX Foxtrot   Love Makes The World Go Round   Bruce Willi,D:\projekty\Hudba\music-editor\src\data\segments\slowfox\cd1bad5b50f3aa515d38c0f67a94919fa673eca6__s80000ms.wav,80000,20000,,slowfox
cd1bad5b50f3aa515d38c0f67a94919fa673eca6__100000ms,cd1bad5b50f3aa515d38c0f67a94919fa673eca6,SLOWFOX Foxtrot   Love Makes The World Go Round   Bruce Willi,D:\projekty\Hudba\music-editor\src\data\segments\slowfox\cd1bad5b50f3aa515d38c0f67a94919fa673eca6__s100000ms.wav,100000,20000,,slowfox
cd1bad5b50f3aa515d38c0f67a94919fa673eca6__120000ms,cd1bad5b50f3aa515d38c0f67a94919fa673eca6,SLOWFOX Foxtrot   Love Makes The World Go Round   Bruce Willi,D:\projekty\Hudba\music-editor\src\data\segments\slowfox\cd1bad5b50f3aa515d38c0f67a94919fa673eca6__s120000ms.wav,120000,20000,,slowfox
cd1bad5b50f3aa515d38c0f67a94919fa673eca6__140000ms,cd1bad5b50f3aa515d38c0f67a94919fa673eca6,SLOWFOX Foxtrot   Love Makes The World Go Round   Bruce Willi,D:\projekty\Hudba\music-editor\src\data\segments\slowfox\cd1bad5b50f3aa515d38c0f67a94919fa673eca6__s140000ms.wav,140000,20000,,slowfox
cd1bad5b50f3aa515d38c0f67a94919fa673eca6__160000ms,cd1bad5b50f3aa515d38c0f67a94919fa673eca6,SLOWFOX Foxtrot   Love Makes The World Go Round   Bruce Willi,D:\projekty\Hudba\music-editor\src\data\segments\slowfox\cd1bad5b50f3aa515d38c0f67a94919fa673eca6__s160000ms.wav,160000,20000,,slowfox
071ff32b0cb6c191dccf9fd64003403cfa87bb5c__0ms,071ff32b0cb6c191dccf9fd64003403cfa87bb5c,SLOWFOX Foxtrot   Purple Rain   The Cooltrane Quarte,D:\projekty\Hudba\music-editor\src\data\segments\slowfox\071ff32b0cb6c191dccf9fd64003403cfa87bb5c__s0ms.wav,0,20000,,slowfox
071ff32b0cb6c191dccf9fd64003403cfa87bb5c__20000ms,071ff32b0cb6c191dccf9fd64003403cfa87bb5c,SLOWFOX Foxtrot   Purple Rain   The Cooltrane Quarte,D:\projekty\Hudba\music-editor\src\data\segments\slowfox\071ff32b0cb6c191dccf9fd64003403cfa87bb5c__s20000ms.wav,20000,20000,,slowfox
071ff32b0cb6c191dccf9fd64003403cfa87bb5c__40000ms,071ff32b0cb6c191dccf9fd64003403cfa87bb5c,SLOWFOX Foxtrot   Purple Rain   The Cooltrane Quarte,D:\projekty\Hudba\music-editor\src\data\segments\slowfox\071ff32b0cb6c191dccf9fd64003403cfa87bb5c__s40000ms.wav,40000,20000,,slowfox
071ff32b0cb6c191dccf9fd64003403cfa87bb5c__60000ms,071ff32b0cb6c191dccf9fd64003403cfa87bb5c,SLOWFOX Foxtrot   Purple Rain   The Cooltrane Quarte,D:\projekty\Hudba\music-editor\src\data\segments\slowfox\071ff32b0cb6c191dccf9fd64003403cfa87bb5c__s60000ms.wav,60000,20000,,slowfox
071ff32b0cb6c191dccf9fd64003403cfa87bb5c__80000ms,071ff32b0cb6c191dccf9fd64003403cfa87bb5c,SLOWFOX Foxtrot   Purple Rain   The Cooltrane Quarte,D:\projekty\Hudba\music-editor\src\data\segments\slowfox\071ff32b0cb6c191dccf9fd64003403cfa87bb5c__s80000ms.wav,80000,20000,,slowfox
071ff32b0cb6c191dccf9fd64003403cfa87bb5c__100000ms,071ff32b0cb6c191dccf9fd64003403cfa87bb5c,SLOWFOX Foxtrot   Purple Rain   The Cooltrane Quarte,D:\projekty\Hudba\music-editor\src\data\segments\slowfox\071ff32b0cb6c191dccf9fd64003403cfa87bb5c__s100000ms.wav,100000,20000,,slowfox
071ff32b0cb6c191dccf9fd64003403cfa87bb5c__120000ms,071ff32b0cb6c191dccf9fd64003403cfa87bb5c,SLOWFOX Foxtrot   Purple Rain   The Cooltrane Quarte,D:\projekty\Hudba\music-editor\src\data\segments\slowfox\071ff32b0cb6c191dccf9fd64003403cfa87bb5c__s120000ms.wav,120000,20000,,slowfox
071ff32b0cb6c191dccf9fd64003403cfa87bb5c__140000ms,071ff32b0cb6c191dccf9fd64003403cfa87bb5c,SLOWFOX Foxtrot   Purple Rain   The Cooltrane Quarte,D:\projekty\Hudba\music-editor\src\data\segments\slowfox\071ff32b0cb6c191dccf9fd64003403cfa87bb5c__s140000ms.wav,140000,20000,,slowfox
071ff32b0cb6c191dccf9fd64003403cfa87bb5c__160000ms,071ff32b0cb6c191dccf9fd64003403cfa87bb5c,SLOWFOX Foxtrot   Purple Rain   The Cooltrane Quarte,D:\projekty\Hudba\music-editor\src\data\segments\slowfox\071ff32b0cb6c191dccf9fd64003403cfa87bb5c__s160000ms.wav,160000,20000,,slowfox
071ff32b0cb6c191dccf9fd64003403cfa87bb5c__180000ms,071ff32b0cb6c191dccf9fd64003403cfa87bb5c,SLOWFOX Foxtrot   Purple Rain   The Cooltrane Quarte,D:\projekty\Hudba\music-editor\src\data\segments\slowfox\071ff32b0cb6c191dccf9fd64003403cfa87bb5c__s180000ms.wav,180000,20000,,slowfox
071ff32b0cb6c191dccf9fd64003403cfa87bb5c__200000ms,071ff32b0cb6c191dccf9fd64003403cfa87bb5c,SLOWFOX Foxtrot   Purple Rain   The Cooltrane Quarte,D:\projekty\Hudba\music-editor\src\data\segments\slowfox\071ff32b0cb6c191dccf9fd64003403cfa87bb5c__s200000ms.wav,200000,20000,,slowfox
071ff32b0cb6c191dccf9fd64003403cfa87bb5c__220000ms,071ff32b0cb6c191dccf9fd64003403cfa87bb5c,SLOWFOX Foxtrot   Purple Rain   The Cooltrane Quarte,D:\projekty\Hudba\music-editor\src\data\segments\slowfox\071ff32b0cb6c191dccf9fd64003403cfa87bb5c__s220000ms.wav,220000,20000,,slowfox
071ff32b0cb6c191dccf9fd64003403cfa87bb5c__240000ms,071ff32b0cb6c191dccf9fd64003403cfa87bb5c,SLOWFOX Foxtrot   Purple Rain   The Cooltrane Quarte,D:\projekty\Hudba\music-editor\src\data\segments\slowfox\071ff32b0cb6c191dccf9fd64003403cfa87bb5c__s240000ms.wav,240000,20000,,slowfox
b88a40842338470fa246464ce91225eee9d54389__0ms,b88a40842338470fa246464ce91225eee9d54389,SLOWFOX Foxtrot   Take This Love And Bury It   Little Rache,D:\projekty\Hudba\music-editor\src\data\segments\slowfox\b88a40842338470fa246464ce91225eee9d54389__s0ms.wav,0,20000,,slowfox
b88a40842338470fa246464ce91225eee9d54389__20000ms,b88a40842338470fa246464ce91225eee9d54389,SLOWFOX Foxtrot   Take This Love And Bury It   Little Rache,D:\projekty\Hudba\music-editor\src\data\segments\slowfox\b88a40842338470fa246464ce91225eee9d54389__s20000ms.wav,20000,20000,,slowfox
b88a40842338470fa246464ce91225eee9d54389__40000ms,b88a40842338470fa246464ce91225eee9d54389,SLOWFOX Foxtrot   Take This Love And Bury It   Little Rache,D:\projekty\Hudba\music-editor\src\data\segments\slowfox\b88a40842338470fa246464ce91225eee9d54389__s40000ms.wav,40000,20000,,slowfox
b88a40842338470fa246464ce91225eee9d54389__60000ms,b88a40842338470fa246464ce91225eee9d54389,SLOWFOX Foxtrot   Take This Love And Bury It   Little Rache,D:\projekty\Hudba\music-editor\src\data\segments\slowfox\b88a40842338470fa246464ce91225eee9d54389__s60000ms.wav,60000,20000,,slowfox
b88a40842338470fa246464ce91225eee9d54389__80000ms,b88a40842338470fa246464ce91225eee9d54389,SLOWFOX Foxtrot   Take This Love And Bury It   Little Rache,D:\projekty\Hudba\music-editor\src\data\segments\slowfox\b88a40842338470fa246464ce91225eee9d54389__s80000ms.wav,80000,20000,,slowfox
b88a40842338470fa246464ce91225eee9d54389__100000ms,b88a40842338470fa246464ce91225eee9d54389,SLOWFOX Foxtrot   Take This Love And Bury It   Little Rache,D:\projekty\Hudba\music-editor\src\data\segments\slowfox\b88a40842338470fa246464ce91225eee9d54389__s100000ms.wav,100000,20000,,slowfox
b88a40842338470fa246464ce91225eee9d54389__120000ms,b88a40842338470fa246464ce91225eee9d54389,SLOWFOX Foxtrot   Take This Love And Bury It   Little Rache,D:\projekty\Hudba\music-editor\src\data\segments\slowfox\b88a40842338470fa246464ce91225eee9d54389__s120000ms.wav,120000,20000,,slowfox
b88a40842338470fa246464ce91225eee9d54389__140000ms,b88a40842338470fa246464ce91225eee9d54389,SLOWFOX Foxtrot   Take This Love And Bury It   Little Rache,D:\projekty\Hudba\music-editor\src\data\segments\slowfox\b88a40842338470fa246464ce91225eee9d54389__s140000ms.wav,140000,20000,,slowfox
a85ead9b4b118fa5e0cf90376e4bb3ee91698663__0ms,a85ead9b4b118fa5e0cf90376e4bb3ee91698663,SLOWFOX Have Yourself a Merry Little Christmas (Slow Foxtrot  28BPM,D:\projekty\Hudba\music-editor\src\data\segments\slowfox\a85ead9b4b118fa5e0cf90376e4bb3ee91698663__s0ms.wav,0,20000,,slowfox
a85ead9b4b118fa5e0cf90376e4bb3ee91698663__20000ms,a85ead9b4b118fa5e0cf90376e4bb3ee91698663,SLOWFOX Have Yourself a Merry Little Christmas (Slow Foxtrot  28BPM,D:\projekty\Hudba\music-editor\src\data\segments\slowfox\a85ead9b4b118fa5e0cf90376e4bb3ee91698663__s20000ms.wav,20000,20000,,slowfox
a85ead9b4b118fa5e0cf90376e4bb3ee91698663__40000ms,a85ead9b4b118fa5e0cf90376e4bb3ee91698663,SLOWFOX Have Yourself a Merry Little Christmas (Slow Foxtrot  28BPM,D:\projekty\Hudba\music-editor\src\data\segments\slowfox\a85ead9b4b118fa5e0cf90376e4bb3ee91698663__s40000ms.wav,40000,20000,,slowfox
a85ead9b4b118fa5e0cf90376e4bb3ee91698663__60000ms,a85ead9b4b118fa5e0cf90376e4bb3ee91698663,SLOWFOX Have Yourself a Merry Little Christmas (Slow Foxtrot  28BPM,D:\projekty\Hudba\music-editor\src\data\segments\slowfox\a85ead9b4b118fa5e0cf90376e4bb3ee91698663__s60000ms.wav,60000,20000,,slowfox
a85ead9b4b118fa5e0cf90376e4bb3ee91698663__80000ms,a85ead9b4b118fa5e0cf90376e4bb3ee91698663,SLOWFOX Have Yourself a Merry Little Christmas (Slow Foxtrot  28BPM,D:\projekty\Hudba\music-editor\src\data\segments\slowfox\a85ead9b4b118fa5e0cf90376e4bb3ee91698663__s80000ms.wav,80000,20000,,slowfox
a85ead9b4b118fa5e0cf90376e4bb3ee91698663__100000ms,a85ead9b4b118fa5e0cf90376e4bb3ee91698663,SLOWFOX Have Yourself a Merry Little Christmas (Slow Foxtrot  28BPM,D:\projekty\Hudba\music-editor\src\data\segments\slowfox\a85ead9b4b118fa5e0cf90376e4bb3ee91698663__s100000ms.wav,100000,20000,,slowfox
a85ead9b4b118fa5e0cf90376e4bb3ee91698663__120000ms,a85ead9b4b118fa5e0cf90376e4bb3ee91698663,SLOWFOX Have Yourself a Merry Little Christmas (Slow Foxtrot  28BPM,D:\projekty\Hudba\music-editor\src\data\segments\slowfox\a85ead9b4b118fa5e0cf90376e4bb3ee91698663__s120000ms.wav,120000,20000,,slowfox
a85ead9b4b118fa5e0cf90376e4bb3ee91698663__140000ms,a85ead9b4b118fa5e0cf90376e4bb3ee91698663,SLOWFOX Have Yourself a Merry Little Christmas (Slow Foxtrot  28BPM,D:\projekty\Hudba\music-editor\src\data\segments\slowfox\a85ead9b4b118fa5e0cf90376e4bb3ee91698663__s140000ms.wav,140000,9238,,slowfox
bd0b6a7de97d059355e42c7c46eea164fa20587e__0ms,bd0b6a7de97d059355e42c7c46eea164fa20587e,SLOWFOX Human Nature   White Christma,D:\projekty\Hudba\music-editor\src\data\segments\slowfox\bd0b6a7de97d059355e42c7c46eea164fa20587e__s0ms.wav,0,20000,,slowfox
bd0b6a7de97d059355e42c7c46eea164fa20587e__20000ms,bd0b6a7de97d059355e42c7c46eea164fa20587e,SLOWFOX Human Nature   White Christma,D:\projekty\Hudba\music-editor\src\data\segments\slowfox\bd0b6a7de97d059355e42c7c46eea164fa20587e__s20000ms.wav,20000,20000,,slowfox
bd0b6a7de97d059355e42c7c46eea164fa20587e__40000ms,bd0b6a7de97d059355e42c7c46eea164fa20587e,SLOWFOX Human Nature   White Christma,D:\projekty\Hudba\music-editor\src\data\segments\slowfox\bd0b6a7de97d059355e42c7c46eea164fa20587e__s40000ms.wav,40000,20000,,slowfox
bd0b6a7de97d059355e42c7c46eea164fa20587e__60000ms,bd0b6a7de97d059355e42c7c46eea164fa20587e,SLOWFOX Human Nature   White Christma,D:\projekty\Hudba\music-editor\src\data\segments\slowfox\bd0b6a7de97d059355e42c7c46eea164fa20587e__s60000ms.wav,60000,20000,,slowfox
bd0b6a7de97d059355e42c7c46eea164fa20587e__80000ms,bd0b6a7de97d059355e42c7c46eea164fa20587e,SLOWFOX Human Nature   White Christma,D:\projekty\Hudba\music-editor\src\data\segments\slowfox\bd0b6a7de97d059355e42c7c46eea164fa20587e__s80000ms.wav,80000,20000,,slowfox
bd0b6a7de97d059355e42c7c46eea164fa20587e__100000ms,bd0b6a7de97d059355e42c7c46eea164fa20587e,SLOWFOX Human Nature   White Christma,D:\projekty\Hudba\music-editor\src\data\segments\slowfox\bd0b6a7de97d059355e42c7c46eea164fa20587e__s100000ms.wav,100000,20000,,slowfox
bd0b6a7de97d059355e42c7c46eea164fa20587e__120000ms,bd0b6a7de97d059355e42c7c46eea164fa20587e,SLOWFOX Human Nature   White Christma,D:\projekty\Hudba\music-editor\src\data\segments\slowfox\bd0b6a7de97d059355e42c7c46eea164fa20587e__s120000ms.wav,120000,20000,,slowfox
bd0b6a7de97d059355e42c7c46eea164fa20587e__140000ms,bd0b6a7de97d059355e42c7c46eea164fa20587e,SLOWFOX Human Nature   White Christma,D:\projekty\Hudba\music-editor\src\data\segments\slowfox\bd0b6a7de97d059355e42c7c46eea164fa20587e__s140000ms.wav,140000,20000,,slowfox
bd0b6a7de97d059355e42c7c46eea164fa20587e__160000ms,bd0b6a7de97d059355e42c7c46eea164fa20587e,SLOWFOX Human Nature   White Christma,D:\projekty\Hudba\music-editor\src\data\segments\slowfox\bd0b6a7de97d059355e42c7c46eea164fa20587e__s160000ms.wav,160000,11807,,slowfox
1e64f4a9c50030ed4a14ebaf18eda5b090be6950__0ms,1e64f4a9c50030ed4a14ebaf18eda5b090be6950,SLOWFOX Ice Ice Baby (Slow Foxtrot 29BPM,D:\projekty\Hudba\music-editor\src\data\segments\slowfox\1e64f4a9c50030ed4a14ebaf18eda5b090be6950__s0ms.wav,0,20000,,slowfox
1e64f4a9c50030ed4a14ebaf18eda5b090be6950__20000ms,1e64f4a9c50030ed4a14ebaf18eda5b090be6950,SLOWFOX Ice Ice Baby (Slow Foxtrot 29BPM,D:\projekty\Hudba\music-editor\src\data\segments\slowfox\1e64f4a9c50030ed4a14ebaf18eda5b090be6950__s20000ms.wav,20000,20000,,slowfox
1e64f4a9c50030ed4a14ebaf18eda5b090be6950__40000ms,1e64f4a9c50030ed4a14ebaf18eda5b090be6950,SLOWFOX Ice Ice Baby (Slow Foxtrot 29BPM,D:\projekty\Hudba\music-editor\src\data\segments\slowfox\1e64f4a9c50030ed4a14ebaf18eda5b090be6950__s40000ms.wav,40000,20000,,slowfox
1e64f4a9c50030ed4a14ebaf18eda5b090be6950__60000ms,1e64f4a9c50030ed4a14ebaf18eda5b090be6950,SLOWFOX Ice Ice Baby (Slow Foxtrot 29BPM,D:\projekty\Hudba\music-editor\src\data\segments\slowfox\1e64f4a9c50030ed4a14ebaf18eda5b090be6950__s60000ms.wav,60000,20000,,slowfox
1e64f4a9c50030ed4a14ebaf18eda5b090be6950__80000ms,1e64f4a9c50030ed4a14ebaf18eda5b090be6950,SLOWFOX Ice Ice Baby (Slow Foxtrot 29BPM,D:\projekty\Hudba\music-editor\src\data\segments\slowfox\1e64f4a9c50030ed4a14ebaf18eda5b090be6950__s80000ms.wav,80000,20000,,slowfox
1e64f4a9c50030ed4a14ebaf18eda5b090be6950__100000ms,1e64f4a9c50030ed4a14ebaf18eda5b090be6950,SLOWFOX Ice Ice Baby (Slow Foxtrot 29BPM,D:\projekty\Hudba\music-editor\src\data\segments\slowfox\1e64f4a9c50030ed4a14ebaf18eda5b090be6950__s100000ms.wav,100000,20000,,slowfox
1e64f4a9c50030ed4a14ebaf18eda5b090be6950__120000ms,1e64f4a9c50030ed4a14ebaf18eda5b090be6950,SLOWFOX Ice Ice Baby (Slow Foxtrot 29BPM,D:\projekty\Hudba\music-editor\src\data\segments\slowfox\1e64f4a9c50030ed4a14ebaf18eda5b090be6950__s120000ms.wav,120000,20000,,slowfox
0ae95bd23f035aaae38e48c3be845bd622cdfbbd__0ms,0ae95bd23f035aaae38e48c3be845bd622cdfbbd,SLOWFOX Il Tempo Se Ne Va (SlowFox  29 Bpm,D:\projekty\Hudba\music-editor\src\data\segments\slowfox\0ae95bd23f035aaae38e48c3be845bd622cdfbbd__s0ms.wav,0,20000,,slowfox
0ae95bd23f035aaae38e48c3be845bd622cdfbbd__20000ms,0ae95bd23f035aaae38e48c3be845bd622cdfbbd,SLOWFOX Il Tempo Se Ne Va (SlowFox  29 Bpm,D:\projekty\Hudba\music-editor\src\data\segments\slowfox\0ae95bd23f035aaae38e48c3be845bd622cdfbbd__s20000ms.wav,20000,20000,,slowfox
0ae95bd23f035aaae38e48c3be845bd622cdfbbd__40000ms,0ae95bd23f035aaae38e48c3be845bd622cdfbbd,SLOWFOX Il Tempo Se Ne Va (SlowFox  29 Bpm,D:\projekty\Hudba\music-editor\src\data\segments\slowfox\0ae95bd23f035aaae38e48c3be845bd622cdfbbd__s40000ms.wav,40000,20000,,slowfox
0ae95bd23f035aaae38e48c3be845bd622cdfbbd__60000ms,0ae95bd23f035aaae38e48c3be845bd622cdfbbd,SLOWFOX Il Tempo Se Ne Va (SlowFox  29 Bpm,D:\projekty\Hudba\music-editor\src\data\segments\slowfox\0ae95bd23f035aaae38e48c3be845bd622cdfbbd__s60000ms.wav,60000,20000,,slowfox
0ae95bd23f035aaae38e48c3be845bd622cdfbbd__80000ms,0ae95bd23f035aaae38e48c3be845bd622cdfbbd,SLOWFOX Il Tempo Se Ne Va (SlowFox  29 Bpm,D:\projekty\Hudba\music-editor\src\data\segments\slowfox\0ae95bd23f035aaae38e48c3be845bd622cdfbbd__s80000ms.wav,80000,20000,,slowfox
0ae95bd23f035aaae38e48c3be845bd622cdfbbd__100000ms,0ae95bd23f035aaae38e48c3be845bd622cdfbbd,SLOWFOX Il Tempo Se Ne Va (SlowFox  29 Bpm,D:\projekty\Hudba\music-editor\src\data\segments\slowfox\0ae95bd23f035aaae38e48c3be845bd622cdfbbd__s100000ms.wav,100000,20000,,slowfox
0ae95bd23f035aaae38e48c3be845bd622cdfbbd__120000ms,0ae95bd23f035aaae38e48c3be845bd622cdfbbd,SLOWFOX Il Tempo Se Ne Va (SlowFox  29 Bpm,D:\projekty\Hudba\music-editor\src\data\segments\slowfox\0ae95bd23f035aaae38e48c3be845bd622cdfbbd__s120000ms.wav,120000,20000,,slowfox
0ae95bd23f035aaae38e48c3be845bd622cdfbbd__140000ms,0ae95bd23f035aaae38e48c3be845bd622cdfbbd,SLOWFOX Il Tempo Se Ne Va (SlowFox  29 Bpm,D:\projekty\Hudba\music-editor\src\data\segments\slowfox\0ae95bd23f035aaae38e48c3be845bd622cdfbbd__s140000ms.wav,140000,20000,,slowfox
0ae95bd23f035aaae38e48c3be845bd622cdfbbd__160000ms,0ae95bd23f035aaae38e48c3be845bd622cdfbbd,SLOWFOX Il Tempo Se Ne Va (SlowFox  29 Bpm,D:\projekty\Hudba\music-editor\src\data\segments\slowfox\0ae95bd23f035aaae38e48c3be845bd622cdfbbd__s160000ms.wav,160000,20000,,slowfox
0ae95bd23f035aaae38e48c3be845bd622cdfbbd__180000ms,0ae95bd23f035aaae38e48c3be845bd622cdfbbd,SLOWFOX Il Tempo Se Ne Va (SlowFox  29 Bpm,D:\projekty\Hudba\music-editor\src\data\segments\slowfox\0ae95bd23f035aaae38e48c3be845bd622cdfbbd__s180000ms.wav,180000,20000,,slowfox
0ae95bd23f035aaae38e48c3be845bd622cdfbbd__200000ms,0ae95bd23f035aaae38e48c3be845bd622cdfbbd,SLOWFOX Il Tempo Se Ne Va (SlowFox  29 Bpm,D:\projekty\Hudba\music-editor\src\data\segments\slowfox\0ae95bd23f035aaae38e48c3be845bd622cdfbbd__s200000ms.wav,200000,20000,,slowfox
0ae95bd23f035aaae38e48c3be845bd622cdfbbd__220000ms,0ae95bd23f035aaae38e48c3be845bd622cdfbbd,SLOWFOX Il Tempo Se Ne Va (SlowFox  29 Bpm,D:\projekty\Hudba\music-editor\src\data\segments\slowfox\0ae95bd23f035aaae38e48c3be845bd622cdfbbd__s220000ms.wav,220000,13221,,slowfox
776401b1aa6dd10fd984764c38a51bec0d57b044__0ms,776401b1aa6dd10fd984764c38a51bec0d57b044,SLOWFOX In Just That Kind Of A Mood - Jonny Blu,D:\projekty\Hudba\music-editor\src\data\segments\slowfox\776401b1aa6dd10fd984764c38a51bec0d57b044__s0ms.wav,0,20000,,slowfox
776401b1aa6dd10fd984764c38a51bec0d57b044__20000ms,776401b1aa6dd10fd984764c38a51bec0d57b044,SLOWFOX In Just That Kind Of A Mood - Jonny Blu,D:\projekty\Hudba\music-editor\src\data\segments\slowfox\776401b1aa6dd10fd984764c38a51bec0d57b044__s20000ms.wav,20000,20000,,slowfox
776401b1aa6dd10fd984764c38a51bec0d57b044__40000ms,776401b1aa6dd10fd984764c38a51bec0d57b044,SLOWFOX In Just That Kind Of A Mood - Jonny Blu,D:\projekty\Hudba\music-editor\src\data\segments\slowfox\776401b1aa6dd10fd984764c38a51bec0d57b044__s40000ms.wav,40000,20000,,slowfox
776401b1aa6dd10fd984764c38a51bec0d57b044__60000ms,776401b1aa6dd10fd984764c38a51bec0d57b044,SLOWFOX In Just That Kind Of A Mood - Jonny Blu,D:\projekty\Hudba\music-editor\src\data\segments\slowfox\776401b1aa6dd10fd984764c38a51bec0d57b044__s60000ms.wav,60000,20000,,slowfox
776401b1aa6dd10fd984764c38a51bec0d57b044__80000ms,776401b1aa6dd10fd984764c38a51bec0d57b044,SLOWFOX In Just That Kind Of A Mood - Jonny Blu,D:\projekty\Hudba\music-editor\src\data\segments\slowfox\776401b1aa6dd10fd984764c38a51bec0d57b044__s80000ms.wav,80000,20000,,slowfox
776401b1aa6dd10fd984764c38a51bec0d57b044__100000ms,776401b1aa6dd10fd984764c38a51bec0d57b044,SLOWFOX In Just That Kind Of A Mood - Jonny Blu,D:\projekty\Hudba\music-editor\src\data\segments\slowfox\776401b1aa6dd10fd984764c38a51bec0d57b044__s100000ms.wav,100000,20000,,slowfox
776401b1aa6dd10fd984764c38a51bec0d57b044__120000ms,776401b1aa6dd10fd984764c38a51bec0d57b044,SLOWFOX In Just That Kind Of A Mood - Jonny Blu,D:\projekty\Hudba\music-editor\src\data\segments\slowfox\776401b1aa6dd10fd984764c38a51bec0d57b044__s120000ms.wav,120000,20000,,slowfox
776401b1aa6dd10fd984764c38a51bec0d57b044__140000ms,776401b1aa6dd10fd984764c38a51bec0d57b044,SLOWFOX In Just That Kind Of A Mood - Jonny Blu,D:\projekty\Hudba\music-editor\src\data\segments\slowfox\776401b1aa6dd10fd984764c38a51bec0d57b044__s140000ms.wav,140000,20000,,slowfox
776401b1aa6dd10fd984764c38a51bec0d57b044__160000ms,776401b1aa6dd10fd984764c38a51bec0d57b044,SLOWFOX In Just That Kind Of A Mood - Jonny Blu,D:\projekty\Hudba\music-editor\src\data\segments\slowfox\776401b1aa6dd10fd984764c38a51bec0d57b044__s160000ms.wav,160000,15830,,slowfox
1e41a5025f403dad4c0b20519456997c9ad99054__0ms,1e41a5025f403dad4c0b20519456997c9ad99054,SLOWFOX Infinity (Slowfox 29,D:\projekty\Hudba\music-editor\src\data\segments\slowfox\1e41a5025f403dad4c0b20519456997c9ad99054__s0ms.wav,0,20000,,slowfox
1e41a5025f403dad4c0b20519456997c9ad99054__20000ms,1e41a5025f403dad4c0b20519456997c9ad99054,SLOWFOX Infinity (Slowfox 29,D:\projekty\Hudba\music-editor\src\data\segments\slowfox\1e41a5025f403dad4c0b20519456997c9ad99054__s20000ms.wav,20000,20000,,slowfox
1e41a5025f403dad4c0b20519456997c9ad99054__40000ms,1e41a5025f403dad4c0b20519456997c9ad99054,SLOWFOX Infinity (Slowfox 29,D:\projekty\Hudba\music-editor\src\data\segments\slowfox\1e41a5025f403dad4c0b20519456997c9ad99054__s40000ms.wav,40000,20000,,slowfox
1e41a5025f403dad4c0b20519456997c9ad99054__60000ms,1e41a5025f403dad4c0b20519456997c9ad99054,SLOWFOX Infinity (Slowfox 29,D:\projekty\Hudba\music-editor\src\data\segments\slowfox\1e41a5025f403dad4c0b20519456997c9ad99054__s60000ms.wav,60000,20000,,slowfox
1e41a5025f403dad4c0b20519456997c9ad99054__80000ms,1e41a5025f403dad4c0b20519456997c9ad99054,SLOWFOX Infinity (Slowfox 29,D:\projekty\Hudba\music-editor\src\data\segments\slowfox\1e41a5025f403dad4c0b20519456997c9ad99054__s80000ms.wav,80000,20000,,slowfox
1e41a5025f403dad4c0b20519456997c9ad99054__100000ms,1e41a5025f403dad4c0b20519456997c9ad99054,SLOWFOX Infinity (Slowfox 29,D:\projekty\Hudba\music-editor\src\data\segments\slowfox\1e41a5025f403dad4c0b20519456997c9ad99054__s100000ms.wav,100000,20000,,slowfox
1e41a5025f403dad4c0b20519456997c9ad99054__120000ms,1e41a5025f403dad4c0b20519456997c9ad99054,SLOWFOX Infinity (Slowfox 29,D:\projekty\Hudba\music-editor\src\data\segments\slowfox\1e41a5025f403dad4c0b20519456997c9ad99054__s120000ms.wav,120000,20000,,slowfox
3d6ded32419db4c8cf6a771dfb7ea06e6480905a__0ms,3d6ded32419db4c8cf6a771dfb7ea06e6480905a,SLOWFOX Its My Life SlowFox,D:\projekty\Hudba\music-editor\src\data\segments\slowfox\3d6ded32419db4c8cf6a771dfb7ea06e6480905a__s0ms.wav,0,20000,,slowfox
3d6ded32419db4c8cf6a771dfb7ea06e6480905a__20000ms,3d6ded32419db4c8cf6a771dfb7ea06e6480905a,SLOWFOX Its My Life SlowFox,D:\projekty\Hudba\music-editor\src\data\segments\slowfox\3d6ded32419db4c8cf6a771dfb7ea06e6480905a__s20000ms.wav,20000,20000,,slowfox
3d6ded32419db4c8cf6a771dfb7ea06e6480905a__40000ms,3d6ded32419db4c8cf6a771dfb7ea06e6480905a,SLOWFOX Its My Life SlowFox,D:\projekty\Hudba\music-editor\src\data\segments\slowfox\3d6ded32419db4c8cf6a771dfb7ea06e6480905a__s40000ms.wav,40000,20000,,slowfox
3d6ded32419db4c8cf6a771dfb7ea06e6480905a__60000ms,3d6ded32419db4c8cf6a771dfb7ea06e6480905a,SLOWFOX Its My Life SlowFox,D:\projekty\Hudba\music-editor\src\data\segments\slowfox\3d6ded32419db4c8cf6a771dfb7ea06e6480905a__s60000ms.wav,60000,20000,,slowfox
3d6ded32419db4c8cf6a771dfb7ea06e6480905a__80000ms,3d6ded32419db4c8cf6a771dfb7ea06e6480905a,SLOWFOX Its My Life SlowFox,D:\projekty\Hudba\music-editor\src\data\segments\slowfox\3d6ded32419db4c8cf6a771dfb7ea06e6480905a__s80000ms.wav,80000,20000,,slowfox
3d6ded32419db4c8cf6a771dfb7ea06e6480905a__100000ms,3d6ded32419db4c8cf6a771dfb7ea06e6480905a,SLOWFOX Its My Life SlowFox,D:\projekty\Hudba\music-editor\src\data\segments\slowfox\3d6ded32419db4c8cf6a771dfb7ea06e6480905a__s100000ms.wav,100000,20000,,slowfox
3d6ded32419db4c8cf6a771dfb7ea06e6480905a__120000ms,3d6ded32419db4c8cf6a771dfb7ea06e6480905a,SLOWFOX Its My Life SlowFox,D:\projekty\Hudba\music-editor\src\data\segments\slowfox\3d6ded32419db4c8cf6a771dfb7ea06e6480905a__s120000ms.wav,120000,20000,,slowfox
3d6ded32419db4c8cf6a771dfb7ea06e6480905a__140000ms,3d6ded32419db4c8cf6a771dfb7ea06e6480905a,SLOWFOX Its My Life SlowFox,D:\projekty\Hudba\music-editor\src\data\segments\slowfox\3d6ded32419db4c8cf6a771dfb7ea06e6480905a__s140000ms.wav,140000,20000,,slowfox
3d6ded32419db4c8cf6a771dfb7ea06e6480905a__160000ms,3d6ded32419db4c8cf6a771dfb7ea06e6480905a,SLOWFOX Its My Life SlowFox,D:\projekty\Hudba\music-editor\src\data\segments\slowfox\3d6ded32419db4c8cf6a771dfb7ea06e6480905a__s160000ms.wav,160000,20000,,slowfox
68442ec21cb4e98dcf24ba09a4c705e89b9cce46__0ms,68442ec21cb4e98dcf24ba09a4c705e89b9cce46,SLOWFOX Kookies and Kream - Miss Kookie,D:\projekty\Hudba\music-editor\src\data\segments\slowfox\68442ec21cb4e98dcf24ba09a4c705e89b9cce46__s0ms.wav,0,20000,,slowfox
68442ec21cb4e98dcf24ba09a4c705e89b9cce46__20000ms,68442ec21cb4e98dcf24ba09a4c705e89b9cce46,SLOWFOX Kookies and Kream - Miss Kookie,D:\projekty\Hudba\music-editor\src\data\segments\slowfox\68442ec21cb4e98dcf24ba09a4c705e89b9cce46__s20000ms.wav,20000,20000,,slowfox
68442ec21cb4e98dcf24ba09a4c705e89b9cce46__40000ms,68442ec21cb4e98dcf24ba09a4c705e89b9cce46,SLOWFOX Kookies and Kream - Miss Kookie,D:\projekty\Hudba\music-editor\src\data\segments\slowfox\68442ec21cb4e98dcf24ba09a4c705e89b9cce46__s40000ms.wav,40000,20000,,slowfox
68442ec21cb4e98dcf24ba09a4c705e89b9cce46__60000ms,68442ec21cb4e98dcf24ba09a4c705e89b9cce46,SLOWFOX Kookies and Kream - Miss Kookie,D:\projekty\Hudba\music-editor\src\data\segments\slowfox\68442ec21cb4e98dcf24ba09a4c705e89b9cce46__s60000ms.wav,60000,20000,,slowfox
68442ec21cb4e98dcf24ba09a4c705e89b9cce46__80000ms,68442ec21cb4e98dcf24ba09a4c705e89b9cce46,SLOWFOX Kookies and Kream - Miss Kookie,D:\projekty\Hudba\music-editor\src\data\segments\slowfox\68442ec21cb4e98dcf24ba09a4c705e89b9cce46__s80000ms.wav,80000,20000,,slowfox
68442ec21cb4e98dcf24ba09a4c705e89b9cce46__100000ms,68442ec21cb4e98dcf24ba09a4c705e89b9cce46,SLOWFOX Kookies and Kream - Miss Kookie,D:\projekty\Hudba\music-editor\src\data\segments\slowfox\68442ec21cb4e98dcf24ba09a4c705e89b9cce46__s100000ms.wav,100000,20000,,slowfox
68442ec21cb4e98dcf24ba09a4c705e89b9cce46__120000ms,68442ec21cb4e98dcf24ba09a4c705e89b9cce46,SLOWFOX Kookies and Kream - Miss Kookie,D:\projekty\Hudba\music-editor\src\data\segments\slowfox\68442ec21cb4e98dcf24ba09a4c705e89b9cce46__s120000ms.wav,120000,20000,,slowfox
68442ec21cb4e98dcf24ba09a4c705e89b9cce46__140000ms,68442ec21cb4e98dcf24ba09a4c705e89b9cce46,SLOWFOX Kookies and Kream - Miss Kookie,D:\projekty\Hudba\music-editor\src\data\segments\slowfox\68442ec21cb4e98dcf24ba09a4c705e89b9cce46__s140000ms.wav,140000,9238,,slowfox
6b0eb83d82ab407414382862af11228573296d2d__0ms,6b0eb83d82ab407414382862af11228573296d2d,SLOWFOX Lauren Spencer Smith   Fingers Crosse,D:\projekty\Hudba\music-editor\src\data\segments\slowfox\6b0eb83d82ab407414382862af11228573296d2d__s0ms.wav,0,20000,,slowfox
6b0eb83d82ab407414382862af11228573296d2d__20000ms,6b0eb83d82ab407414382862af11228573296d2d,SLOWFOX Lauren Spencer Smith   Fingers Crosse,D:\projekty\Hudba\music-editor\src\data\segments\slowfox\6b0eb83d82ab407414382862af11228573296d2d__s20000ms.wav,20000,20000,,slowfox
6b0eb83d82ab407414382862af11228573296d2d__40000ms,6b0eb83d82ab407414382862af11228573296d2d,SLOWFOX Lauren Spencer Smith   Fingers Crosse,D:\projekty\Hudba\music-editor\src\data\segments\slowfox\6b0eb83d82ab407414382862af11228573296d2d__s40000ms.wav,40000,20000,,slowfox
6b0eb83d82ab407414382862af11228573296d2d__60000ms,6b0eb83d82ab407414382862af11228573296d2d,SLOWFOX Lauren Spencer Smith   Fingers Crosse,D:\projekty\Hudba\music-editor\src\data\segments\slowfox\6b0eb83d82ab407414382862af11228573296d2d__s60000ms.wav,60000,20000,,slowfox
6b0eb83d82ab407414382862af11228573296d2d__80000ms,6b0eb83d82ab407414382862af11228573296d2d,SLOWFOX Lauren Spencer Smith   Fingers Crosse,D:\projekty\Hudba\music-editor\src\data\segments\slowfox\6b0eb83d82ab407414382862af11228573296d2d__s80000ms.wav,80000,20000,,slowfox
6b0eb83d82ab407414382862af11228573296d2d__100000ms,6b0eb83d82ab407414382862af11228573296d2d,SLOWFOX Lauren Spencer Smith   Fingers Crosse,D:\projekty\Hudba\music-editor\src\data\segments\slowfox\6b0eb83d82ab407414382862af11228573296d2d__s100000ms.wav,100000,20000,,slowfox
6b0eb83d82ab407414382862af11228573296d2d__120000ms,6b0eb83d82ab407414382862af11228573296d2d,SLOWFOX Lauren Spencer Smith   Fingers Crosse,D:\projekty\Hudba\music-editor\src\data\segments\slowfox\6b0eb83d82ab407414382862af11228573296d2d__s120000ms.wav,120000,20000,,slowfox
6b0eb83d82ab407414382862af11228573296d2d__140000ms,6b0eb83d82ab407414382862af11228573296d2d,SLOWFOX Lauren Spencer Smith   Fingers Crosse,D:\projekty\Hudba\music-editor\src\data\segments\slowfox\6b0eb83d82ab407414382862af11228573296d2d__s140000ms.wav,140000,20000,,slowfox
6b0eb83d82ab407414382862af11228573296d2d__160000ms,6b0eb83d82ab407414382862af11228573296d2d,SLOWFOX Lauren Spencer Smith   Fingers Crosse,D:\projekty\Hudba\music-editor\src\data\segments\slowfox\6b0eb83d82ab407414382862af11228573296d2d__s160000ms.wav,160000,15491,,slowfox
d94916481801a0de5ed5565505966f886eb61210__0ms,d94916481801a0de5ed5565505966f886eb61210,SLOWFOX Perfect (Foxtrot,D:\projekty\Hudba\music-editor\src\data\segments\slowfox\d94916481801a0de5ed5565505966f886eb61210__s0ms.wav,0,20000,,slowfox
d94916481801a0de5ed5565505966f886eb61210__20000ms,d94916481801a0de5ed5565505966f886eb61210,SLOWFOX Perfect (Foxtrot,D:\projekty\Hudba\music-editor\src\data\segments\slowfox\d94916481801a0de5ed5565505966f886eb61210__s20000ms.wav,20000,20000,,slowfox
d94916481801a0de5ed5565505966f886eb61210__40000ms,d94916481801a0de5ed5565505966f886eb61210,SLOWFOX Perfect (Foxtrot,D:\projekty\Hudba\music-editor\src\data\segments\slowfox\d94916481801a0de5ed5565505966f886eb61210__s40000ms.wav,40000,20000,,slowfox
d94916481801a0de5ed5565505966f886eb61210__60000ms,d94916481801a0de5ed5565505966f886eb61210,SLOWFOX Perfect (Foxtrot,D:\projekty\Hudba\music-editor\src\data\segments\slowfox\d94916481801a0de5ed5565505966f886eb61210__s60000ms.wav,60000,20000,,slowfox
d94916481801a0de5ed5565505966f886eb61210__80000ms,d94916481801a0de5ed5565505966f886eb61210,SLOWFOX Perfect (Foxtrot,D:\projekty\Hudba\music-editor\src\data\segments\slowfox\d94916481801a0de5ed5565505966f886eb61210__s80000ms.wav,80000,20000,,slowfox
d94916481801a0de5ed5565505966f886eb61210__100000ms,d94916481801a0de5ed5565505966f886eb61210,SLOWFOX Perfect (Foxtrot,D:\projekty\Hudba\music-editor\src\data\segments\slowfox\d94916481801a0de5ed5565505966f886eb61210__s100000ms.wav,100000,20000,,slowfox
d94916481801a0de5ed5565505966f886eb61210__120000ms,d94916481801a0de5ed5565505966f886eb61210,SLOWFOX Perfect (Foxtrot,D:\projekty\Hudba\music-editor\src\data\segments\slowfox\d94916481801a0de5ed5565505966f886eb61210__s120000ms.wav,120000,20000,,slowfox
d94916481801a0de5ed5565505966f886eb61210__140000ms,d94916481801a0de5ed5565505966f886eb61210,SLOWFOX Perfect (Foxtrot,D:\projekty\Hudba\music-editor\src\data\segments\slowfox\d94916481801a0de5ed5565505966f886eb61210__s140000ms.wav,140000,20000,,slowfox
d94916481801a0de5ed5565505966f886eb61210__160000ms,d94916481801a0de5ed5565505966f886eb61210,SLOWFOX Perfect (Foxtrot,D:\projekty\Hudba\music-editor\src\data\segments\slowfox\d94916481801a0de5ed5565505966f886eb61210__s160000ms.wav,160000,20000,,slowfox
d94916481801a0de5ed5565505966f886eb61210__180000ms,d94916481801a0de5ed5565505966f886eb61210,SLOWFOX Perfect (Foxtrot,D:\projekty\Hudba\music-editor\src\data\segments\slowfox\d94916481801a0de5ed5565505966f886eb61210__s180000ms.wav,180000,20000,,slowfox
d94916481801a0de5ed5565505966f886eb61210__200000ms,d94916481801a0de5ed5565505966f886eb61210,SLOWFOX Perfect (Foxtrot,D:\projekty\Hudba\music-editor\src\data\segments\slowfox\d94916481801a0de5ed5565505966f886eb61210__s200000ms.wav,200000,20000,,slowfox
d94916481801a0de5ed5565505966f886eb61210__220000ms,d94916481801a0de5ed5565505966f886eb61210,SLOWFOX Perfect (Foxtrot,D:\projekty\Hudba\music-editor\src\data\segments\slowfox\d94916481801a0de5ed5565505966f886eb61210__s220000ms.wav,220000,20000,,slowfox
70110ebc0259c3e97121847645acee9f133bd852__0ms,70110ebc0259c3e97121847645acee9f133bd852,SLOWFOX So Emotional - Michelle Willson,D:\projekty\Hudba\music-editor\src\data\segments\slowfox\70110ebc0259c3e97121847645acee9f133bd852__s0ms.wav,0,20000,,slowfox
70110ebc0259c3e97121847645acee9f133bd852__20000ms,70110ebc0259c3e97121847645acee9f133bd852,SLOWFOX So Emotional - Michelle Willson,D:\projekty\Hudba\music-editor\src\data\segments\slowfox\70110ebc0259c3e97121847645acee9f133bd852__s20000ms.wav,20000,20000,,slowfox
70110ebc0259c3e97121847645acee9f133bd852__40000ms,70110ebc0259c3e97121847645acee9f133bd852,SLOWFOX So Emotional - Michelle Willson,D:\projekty\Hudba\music-editor\src\data\segments\slowfox\70110ebc0259c3e97121847645acee9f133bd852__s40000ms.wav,40000,20000,,slowfox
70110ebc0259c3e97121847645acee9f133bd852__60000ms,70110ebc0259c3e97121847645acee9f133bd852,SLOWFOX So Emotional - Michelle Willson,D:\projekty\Hudba\music-editor\src\data\segments\slowfox\70110ebc0259c3e97121847645acee9f133bd852__s60000ms.wav,60000,20000,,slowfox
70110ebc0259c3e97121847645acee9f133bd852__80000ms,70110ebc0259c3e97121847645acee9f133bd852,SLOWFOX So Emotional - Michelle Willson,D:\projekty\Hudba\music-editor\src\data\segments\slowfox\70110ebc0259c3e97121847645acee9f133bd852__s80000ms.wav,80000,20000,,slowfox
70110ebc0259c3e97121847645acee9f133bd852__100000ms,70110ebc0259c3e97121847645acee9f133bd852,SLOWFOX So Emotional - Michelle Willson,D:\projekty\Hudba\music-editor\src\data\segments\slowfox\70110ebc0259c3e97121847645acee9f133bd852__s100000ms.wav,100000,20000,,slowfox
70110ebc0259c3e97121847645acee9f133bd852__120000ms,70110ebc0259c3e97121847645acee9f133bd852,SLOWFOX So Emotional - Michelle Willson,D:\projekty\Hudba\music-editor\src\data\segments\slowfox\70110ebc0259c3e97121847645acee9f133bd852__s120000ms.wav,120000,20000,,slowfox
70110ebc0259c3e97121847645acee9f133bd852__140000ms,70110ebc0259c3e97121847645acee9f133bd852,SLOWFOX So Emotional - Michelle Willson,D:\projekty\Hudba\music-editor\src\data\segments\slowfox\70110ebc0259c3e97121847645acee9f133bd852__s140000ms.wav,140000,20000,,slowfox
70110ebc0259c3e97121847645acee9f133bd852__160000ms,70110ebc0259c3e97121847645acee9f133bd852,SLOWFOX So Emotional - Michelle Willson,D:\projekty\Hudba\music-editor\src\data\segments\slowfox\70110ebc0259c3e97121847645acee9f133bd852__s160000ms.wav,160000,20000,,slowfox
70110ebc0259c3e97121847645acee9f133bd852__180000ms,70110ebc0259c3e97121847645acee9f133bd852,SLOWFOX So Emotional - Michelle Willson,D:\projekty\Hudba\music-editor\src\data\segments\slowfox\70110ebc0259c3e97121847645acee9f133bd852__s180000ms.wav,180000,20000,,slowfox
70110ebc0259c3e97121847645acee9f133bd852__200000ms,70110ebc0259c3e97121847645acee9f133bd852,SLOWFOX So Emotional - Michelle Willson,D:\projekty\Hudba\music-editor\src\data\segments\slowfox\70110ebc0259c3e97121847645acee9f133bd852__s200000ms.wav,200000,11148,,slowfox
51e42b9ab04423781d0ea40b5e4dd091fc9286bf__0ms,51e42b9ab04423781d0ea40b5e4dd091fc9286bf,SLOWFOX Under Attack (Foxtrot,D:\projekty\Hudba\music-editor\src\data\segments\slowfox\51e42b9ab04423781d0ea40b5e4dd091fc9286bf__s0ms.wav,0,20000,,slowfox
51e42b9ab04423781d0ea40b5e4dd091fc9286bf__20000ms,51e42b9ab04423781d0ea40b5e4dd091fc9286bf,SLOWFOX Under Attack (Foxtrot,D:\projekty\Hudba\music-editor\src\data\segments\slowfox\51e42b9ab04423781d0ea40b5e4dd091fc9286bf__s20000ms.wav,20000,20000,,slowfox
51e42b9ab04423781d0ea40b5e4dd091fc9286bf__40000ms,51e42b9ab04423781d0ea40b5e4dd091fc9286bf,SLOWFOX Under Attack (Foxtrot,D:\projekty\Hudba\music-editor\src\data\segments\slowfox\51e42b9ab04423781d0ea40b5e4dd091fc9286bf__s40000ms.wav,40000,20000,,slowfox
51e42b9ab04423781d0ea40b5e4dd091fc9286bf__60000ms,51e42b9ab04423781d0ea40b5e4dd091fc9286bf,SLOWFOX Under Attack (Foxtrot,D:\projekty\Hudba\music-editor\src\data\segments\slowfox\51e42b9ab04423781d0ea40b5e4dd091fc9286bf__s60000ms.wav,60000,20000,,slowfox
51e42b9ab04423781d0ea40b5e4dd091fc9286bf__80000ms,51e42b9ab04423781d0ea40b5e4dd091fc9286bf,SLOWFOX Under Attack (Foxtrot,D:\projekty\Hudba\music-editor\src\data\segments\slowfox\51e42b9ab04423781d0ea40b5e4dd091fc9286bf__s80000ms.wav,80000,20000,,slowfox
51e42b9ab04423781d0ea40b5e4dd091fc9286bf__100000ms,51e42b9ab04423781d0ea40b5e4dd091fc9286bf,SLOWFOX Under Attack (Foxtrot,D:\projekty\Hudba\music-editor\src\data\segments\slowfox\51e42b9ab04423781d0ea40b5e4dd091fc9286bf__s100000ms.wav,100000,20000,,slowfox
51e42b9ab04423781d0ea40b5e4dd091fc9286bf__120000ms,51e42b9ab04423781d0ea40b5e4dd091fc9286bf,SLOWFOX Under Attack (Foxtrot,D:\projekty\Hudba\music-editor\src\data\segments\slowfox\51e42b9ab04423781d0ea40b5e4dd091fc9286bf__s120000ms.wav,120000,20000,,slowfox
51e42b9ab04423781d0ea40b5e4dd091fc9286bf__140000ms,51e42b9ab04423781d0ea40b5e4dd091fc9286bf,SLOWFOX Under Attack (Foxtrot,D:\projekty\Hudba\music-editor\src\data\segments\slowfox\51e42b9ab04423781d0ea40b5e4dd091fc9286bf__s140000ms.wav,140000,20000,,slowfox
51e42b9ab04423781d0ea40b5e4dd091fc9286bf__160000ms,51e42b9ab04423781d0ea40b5e4dd091fc9286bf,SLOWFOX Under Attack (Foxtrot,D:\projekty\Hudba\music-editor\src\data\segments\slowfox\51e42b9ab04423781d0ea40b5e4dd091fc9286bf__s160000ms.wav,160000,20000,,slowfox
16fddaba9362eadc73188c99c978d72210b134aa__0ms,16fddaba9362eadc73188c99c978d72210b134aa,SLOWFOX Way You Look Tonight (Slow Foxtrot  27 BPM,D:\projekty\Hudba\music-editor\src\data\segments\slowfox\16fddaba9362eadc73188c99c978d72210b134aa__s0ms.wav,0,20000,,slowfox
16fddaba9362eadc73188c99c978d72210b134aa__20000ms,16fddaba9362eadc73188c99c978d72210b134aa,SLOWFOX Way You Look Tonight (Slow Foxtrot  27 BPM,D:\projekty\Hudba\music-editor\src\data\segments\slowfox\16fddaba9362eadc73188c99c978d72210b134aa__s20000ms.wav,20000,20000,,slowfox
16fddaba9362eadc73188c99c978d72210b134aa__40000ms,16fddaba9362eadc73188c99c978d72210b134aa,SLOWFOX Way You Look Tonight (Slow Foxtrot  27 BPM,D:\projekty\Hudba\music-editor\src\data\segments\slowfox\16fddaba9362eadc73188c99c978d72210b134aa__s40000ms.wav,40000,20000,,slowfox
16fddaba9362eadc73188c99c978d72210b134aa__60000ms,16fddaba9362eadc73188c99c978d72210b134aa,SLOWFOX Way You Look Tonight (Slow Foxtrot  27 BPM,D:\projekty\Hudba\music-editor\src\data\segments\slowfox\16fddaba9362eadc73188c99c978d72210b134aa__s60000ms.wav,60000,20000,,slowfox
16fddaba9362eadc73188c99c978d72210b134aa__80000ms,16fddaba9362eadc73188c99c978d72210b134aa,SLOWFOX Way You Look Tonight (Slow Foxtrot  27 BPM,D:\projekty\Hudba\music-editor\src\data\segments\slowfox\16fddaba9362eadc73188c99c978d72210b134aa__s80000ms.wav,80000,20000,,slowfox
16fddaba9362eadc73188c99c978d72210b134aa__100000ms,16fddaba9362eadc73188c99c978d72210b134aa,SLOWFOX Way You Look Tonight (Slow Foxtrot  27 BPM,D:\projekty\Hudba\music-editor\src\data\segments\slowfox\16fddaba9362eadc73188c99c978d72210b134aa__s100000ms.wav,100000,20000,,slowfox
16fddaba9362eadc73188c99c978d72210b134aa__120000ms,16fddaba9362eadc73188c99c978d72210b134aa,SLOWFOX Way You Look Tonight (Slow Foxtrot  27 BPM,D:\projekty\Hudba\music-editor\src\data\segments\slowfox\16fddaba9362eadc73188c99c978d72210b134aa__s120000ms.wav,120000,20000,,slowfox
c505383e4eb5f4e430ff8ddef42491473eb221ef__0ms,c505383e4eb5f4e430ff8ddef42491473eb221ef,Tango   Bad Romance   Lady Gaga,D:\projekty\Hudba\music-editor\src\data\segments\tango\c505383e4eb5f4e430ff8ddef42491473eb221ef__s0ms.wav,0,20000,,tango
c505383e4eb5f4e430ff8ddef42491473eb221ef__20000ms,c505383e4eb5f4e430ff8ddef42491473eb221ef,Tango   Bad Romance   Lady Gaga,D:\projekty\Hudba\music-editor\src\data\segments\tango\c505383e4eb5f4e430ff8ddef42491473eb221ef__s20000ms.wav,20000,20000,,tango
c505383e4eb5f4e430ff8ddef42491473eb221ef__40000ms,c505383e4eb5f4e430ff8ddef42491473eb221ef,Tango   Bad Romance   Lady Gaga,D:\projekty\Hudba\music-editor\src\data\segments\tango\c505383e4eb5f4e430ff8ddef42491473eb221ef__s40000ms.wav,40000,20000,,tango
c505383e4eb5f4e430ff8ddef42491473eb221ef__60000ms,c505383e4eb5f4e430ff8ddef42491473eb221ef,Tango   Bad Romance   Lady Gaga,D:\projekty\Hudba\music-editor\src\data\segments\tango\c505383e4eb5f4e430ff8ddef42491473eb221ef__s60000ms.wav,60000,20000,,tango
c505383e4eb5f4e430ff8ddef42491473eb221ef__80000ms,c505383e4eb5f4e430ff8ddef42491473eb221ef,Tango   Bad Romance   Lady Gaga,D:\projekty\Hudba\music-editor\src\data\segments\tango\c505383e4eb5f4e430ff8ddef42491473eb221ef__s80000ms.wav,80000,15033,,tango
a974779449764c609adbcb993d8c258127cdb997__0ms,a974779449764c609adbcb993d8c258127cdb997,Tango   Believer   Imagine Dragon,D:\projekty\Hudba\music-editor\src\data\segments\tango\a974779449764c609adbcb993d8c258127cdb997__s0ms.wav,0,20000,,tango
a974779449764c609adbcb993d8c258127cdb997__20000ms,a974779449764c609adbcb993d8c258127cdb997,Tango   Believer   Imagine Dragon,D:\projekty\Hudba\music-editor\src\data\segments\tango\a974779449764c609adbcb993d8c258127cdb997__s20000ms.wav,20000,20000,,tango
a974779449764c609adbcb993d8c258127cdb997__40000ms,a974779449764c609adbcb993d8c258127cdb997,Tango   Believer   Imagine Dragon,D:\projekty\Hudba\music-editor\src\data\segments\tango\a974779449764c609adbcb993d8c258127cdb997__s40000ms.wav,40000,20000,,tango
a974779449764c609adbcb993d8c258127cdb997__60000ms,a974779449764c609adbcb993d8c258127cdb997,Tango   Believer   Imagine Dragon,D:\projekty\Hudba\music-editor\src\data\segments\tango\a974779449764c609adbcb993d8c258127cdb997__s60000ms.wav,60000,20000,,tango
a974779449764c609adbcb993d8c258127cdb997__80000ms,a974779449764c609adbcb993d8c258127cdb997,Tango   Believer   Imagine Dragon,D:\projekty\Hudba\music-editor\src\data\segments\tango\a974779449764c609adbcb993d8c258127cdb997__s80000ms.wav,80000,20000,,tango
a974779449764c609adbcb993d8c258127cdb997__100000ms,a974779449764c609adbcb993d8c258127cdb997,Tango   Believer   Imagine Dragon,D:\projekty\Hudba\music-editor\src\data\segments\tango\a974779449764c609adbcb993d8c258127cdb997__s100000ms.wav,100000,20000,,tango
a974779449764c609adbcb993d8c258127cdb997__120000ms,a974779449764c609adbcb993d8c258127cdb997,Tango   Believer   Imagine Dragon,D:\projekty\Hudba\music-editor\src\data\segments\tango\a974779449764c609adbcb993d8c258127cdb997__s120000ms.wav,120000,20000,,tango
a974779449764c609adbcb993d8c258127cdb997__140000ms,a974779449764c609adbcb993d8c258127cdb997,Tango   Believer   Imagine Dragon,D:\projekty\Hudba\music-editor\src\data\segments\tango\a974779449764c609adbcb993d8c258127cdb997__s140000ms.wav,140000,20000,,tango
a974779449764c609adbcb993d8c258127cdb997__160000ms,a974779449764c609adbcb993d8c258127cdb997,Tango   Believer   Imagine Dragon,D:\projekty\Hudba\music-editor\src\data\segments\tango\a974779449764c609adbcb993d8c258127cdb997__s160000ms.wav,160000,20000,,tango
a974779449764c609adbcb993d8c258127cdb997__180000ms,a974779449764c609adbcb993d8c258127cdb997,Tango   Believer   Imagine Dragon,D:\projekty\Hudba\music-editor\src\data\segments\tango\a974779449764c609adbcb993d8c258127cdb997__s180000ms.wav,180000,20000,,tango
a974779449764c609adbcb993d8c258127cdb997__200000ms,a974779449764c609adbcb993d8c258127cdb997,Tango   Believer   Imagine Dragon,D:\projekty\Hudba\music-editor\src\data\segments\tango\a974779449764c609adbcb993d8c258127cdb997__s200000ms.wav,200000,13420,,tango
fabde3687d9f461e3758cfe0b5a0f4cbc45b2ea7__0ms,fabde3687d9f461e3758cfe0b5a0f4cbc45b2ea7,Tango   Black Sheep   Valentin,D:\projekty\Hudba\music-editor\src\data\segments\tango\fabde3687d9f461e3758cfe0b5a0f4cbc45b2ea7__s0ms.wav,0,20000,,tango
fabde3687d9f461e3758cfe0b5a0f4cbc45b2ea7__20000ms,fabde3687d9f461e3758cfe0b5a0f4cbc45b2ea7,Tango   Black Sheep   Valentin,D:\projekty\Hudba\music-editor\src\data\segments\tango\fabde3687d9f461e3758cfe0b5a0f4cbc45b2ea7__s20000ms.wav,20000,20000,,tango
fabde3687d9f461e3758cfe0b5a0f4cbc45b2ea7__40000ms,fabde3687d9f461e3758cfe0b5a0f4cbc45b2ea7,Tango   Black Sheep   Valentin,D:\projekty\Hudba\music-editor\src\data\segments\tango\fabde3687d9f461e3758cfe0b5a0f4cbc45b2ea7__s40000ms.wav,40000,20000,,tango
fabde3687d9f461e3758cfe0b5a0f4cbc45b2ea7__60000ms,fabde3687d9f461e3758cfe0b5a0f4cbc45b2ea7,Tango   Black Sheep   Valentin,D:\projekty\Hudba\music-editor\src\data\segments\tango\fabde3687d9f461e3758cfe0b5a0f4cbc45b2ea7__s60000ms.wav,60000,20000,,tango
fabde3687d9f461e3758cfe0b5a0f4cbc45b2ea7__80000ms,fabde3687d9f461e3758cfe0b5a0f4cbc45b2ea7,Tango   Black Sheep   Valentin,D:\projekty\Hudba\music-editor\src\data\segments\tango\fabde3687d9f461e3758cfe0b5a0f4cbc45b2ea7__s80000ms.wav,80000,20000,,tango
fabde3687d9f461e3758cfe0b5a0f4cbc45b2ea7__100000ms,fabde3687d9f461e3758cfe0b5a0f4cbc45b2ea7,Tango   Black Sheep   Valentin,D:\projekty\Hudba\music-editor\src\data\segments\tango\fabde3687d9f461e3758cfe0b5a0f4cbc45b2ea7__s100000ms.wav,100000,20000,,tango
fabde3687d9f461e3758cfe0b5a0f4cbc45b2ea7__120000ms,fabde3687d9f461e3758cfe0b5a0f4cbc45b2ea7,Tango   Black Sheep   Valentin,D:\projekty\Hudba\music-editor\src\data\segments\tango\fabde3687d9f461e3758cfe0b5a0f4cbc45b2ea7__s120000ms.wav,120000,20000,,tango
fabde3687d9f461e3758cfe0b5a0f4cbc45b2ea7__140000ms,fabde3687d9f461e3758cfe0b5a0f4cbc45b2ea7,Tango   Black Sheep   Valentin,D:\projekty\Hudba\music-editor\src\data\segments\tango\fabde3687d9f461e3758cfe0b5a0f4cbc45b2ea7__s140000ms.wav,140000,20000,,tango
fabde3687d9f461e3758cfe0b5a0f4cbc45b2ea7__160000ms,fabde3687d9f461e3758cfe0b5a0f4cbc45b2ea7,Tango   Black Sheep   Valentin,D:\projekty\Hudba\music-editor\src\data\segments\tango\fabde3687d9f461e3758cfe0b5a0f4cbc45b2ea7__s160000ms.wav,160000,12669,,tango
dc9144dd45d5aefe3970d27b753d87c6810ca07a__0ms,dc9144dd45d5aefe3970d27b753d87c6810ca07a,Tango   Blue   GnuS Cell,D:\projekty\Hudba\music-editor\src\data\segments\tango\dc9144dd45d5aefe3970d27b753d87c6810ca07a__s0ms.wav,0,20000,,tango
dc9144dd45d5aefe3970d27b753d87c6810ca07a__20000ms,dc9144dd45d5aefe3970d27b753d87c6810ca07a,Tango   Blue   GnuS Cell,D:\projekty\Hudba\music-editor\src\data\segments\tango\dc9144dd45d5aefe3970d27b753d87c6810ca07a__s20000ms.wav,20000,20000,,tango
dc9144dd45d5aefe3970d27b753d87c6810ca07a__40000ms,dc9144dd45d5aefe3970d27b753d87c6810ca07a,Tango   Blue   GnuS Cell,D:\projekty\Hudba\music-editor\src\data\segments\tango\dc9144dd45d5aefe3970d27b753d87c6810ca07a__s40000ms.wav,40000,20000,,tango
dc9144dd45d5aefe3970d27b753d87c6810ca07a__60000ms,dc9144dd45d5aefe3970d27b753d87c6810ca07a,Tango   Blue   GnuS Cell,D:\projekty\Hudba\music-editor\src\data\segments\tango\dc9144dd45d5aefe3970d27b753d87c6810ca07a__s60000ms.wav,60000,20000,,tango
dc9144dd45d5aefe3970d27b753d87c6810ca07a__80000ms,dc9144dd45d5aefe3970d27b753d87c6810ca07a,Tango   Blue   GnuS Cell,D:\projekty\Hudba\music-editor\src\data\segments\tango\dc9144dd45d5aefe3970d27b753d87c6810ca07a__s80000ms.wav,80000,20000,,tango
dc9144dd45d5aefe3970d27b753d87c6810ca07a__100000ms,dc9144dd45d5aefe3970d27b753d87c6810ca07a,Tango   Blue   GnuS Cell,D:\projekty\Hudba\music-editor\src\data\segments\tango\dc9144dd45d5aefe3970d27b753d87c6810ca07a__s100000ms.wav,100000,20000,,tango
dc9144dd45d5aefe3970d27b753d87c6810ca07a__120000ms,dc9144dd45d5aefe3970d27b753d87c6810ca07a,Tango   Blue   GnuS Cell,D:\projekty\Hudba\music-editor\src\data\segments\tango\dc9144dd45d5aefe3970d27b753d87c6810ca07a__s120000ms.wav,120000,20000,,tango
dc9144dd45d5aefe3970d27b753d87c6810ca07a__140000ms,dc9144dd45d5aefe3970d27b753d87c6810ca07a,Tango   Blue   GnuS Cell,D:\projekty\Hudba\music-editor\src\data\segments\tango\dc9144dd45d5aefe3970d27b753d87c6810ca07a__s140000ms.wav,140000,20000,,tango
d7870b823a4e4d282882d3a086ddb814c27e372f__0ms,d7870b823a4e4d282882d3a086ddb814c27e372f,Tango   Buenos Aires Underground   Jose Rendon Santan,D:\projekty\Hudba\music-editor\src\data\segments\tango\d7870b823a4e4d282882d3a086ddb814c27e372f__s0ms.wav,0,20000,,tango
d7870b823a4e4d282882d3a086ddb814c27e372f__20000ms,d7870b823a4e4d282882d3a086ddb814c27e372f,Tango   Buenos Aires Underground   Jose Rendon Santan,D:\projekty\Hudba\music-editor\src\data\segments\tango\d7870b823a4e4d282882d3a086ddb814c27e372f__s20000ms.wav,20000,20000,,tango
d7870b823a4e4d282882d3a086ddb814c27e372f__40000ms,d7870b823a4e4d282882d3a086ddb814c27e372f,Tango   Buenos Aires Underground   Jose Rendon Santan,D:\projekty\Hudba\music-editor\src\data\segments\tango\d7870b823a4e4d282882d3a086ddb814c27e372f__s40000ms.wav,40000,20000,,tango
d7870b823a4e4d282882d3a086ddb814c27e372f__60000ms,d7870b823a4e4d282882d3a086ddb814c27e372f,Tango   Buenos Aires Underground   Jose Rendon Santan,D:\projekty\Hudba\music-editor\src\data\segments\tango\d7870b823a4e4d282882d3a086ddb814c27e372f__s60000ms.wav,60000,20000,,tango
d7870b823a4e4d282882d3a086ddb814c27e372f__80000ms,d7870b823a4e4d282882d3a086ddb814c27e372f,Tango   Buenos Aires Underground   Jose Rendon Santan,D:\projekty\Hudba\music-editor\src\data\segments\tango\d7870b823a4e4d282882d3a086ddb814c27e372f__s80000ms.wav,80000,20000,,tango
d7870b823a4e4d282882d3a086ddb814c27e372f__100000ms,d7870b823a4e4d282882d3a086ddb814c27e372f,Tango   Buenos Aires Underground   Jose Rendon Santan,D:\projekty\Hudba\music-editor\src\data\segments\tango\d7870b823a4e4d282882d3a086ddb814c27e372f__s100000ms.wav,100000,17264,,tango
f0635ec4a231f372838189743bdf82b55b2b5e96__0ms,f0635ec4a231f372838189743bdf82b55b2b5e96,TANGO   Dj Ice   Astronomia (Coffin Dance,D:\projekty\Hudba\music-editor\src\data\segments\tango\f0635ec4a231f372838189743bdf82b55b2b5e96__s0ms.wav,0,20000,,tango
f0635ec4a231f372838189743bdf82b55b2b5e96__20000ms,f0635ec4a231f372838189743bdf82b55b2b5e96,TANGO   Dj Ice   Astronomia (Coffin Dance,D:\projekty\Hudba\music-editor\src\data\segments\tango\f0635ec4a231f372838189743bdf82b55b2b5e96__s20000ms.wav,20000,20000,,tango
f0635ec4a231f372838189743bdf82b55b2b5e96__40000ms,f0635ec4a231f372838189743bdf82b55b2b5e96,TANGO   Dj Ice   Astronomia (Coffin Dance,D:\projekty\Hudba\music-editor\src\data\segments\tango\f0635ec4a231f372838189743bdf82b55b2b5e96__s40000ms.wav,40000,20000,,tango
f0635ec4a231f372838189743bdf82b55b2b5e96__60000ms,f0635ec4a231f372838189743bdf82b55b2b5e96,TANGO   Dj Ice   Astronomia (Coffin Dance,D:\projekty\Hudba\music-editor\src\data\segments\tango\f0635ec4a231f372838189743bdf82b55b2b5e96__s60000ms.wav,60000,20000,,tango
f0635ec4a231f372838189743bdf82b55b2b5e96__80000ms,f0635ec4a231f372838189743bdf82b55b2b5e96,TANGO   Dj Ice   Astronomia (Coffin Dance,D:\projekty\Hudba\music-editor\src\data\segments\tango\f0635ec4a231f372838189743bdf82b55b2b5e96__s80000ms.wav,80000,20000,,tango
6a13470f68657e3b5c0b01d2d21e17ffe3e22138__0ms,6a13470f68657e3b5c0b01d2d21e17ffe3e22138,TANGO   Dj Ice   Sour Cand,D:\projekty\Hudba\music-editor\src\data\segments\tango\6a13470f68657e3b5c0b01d2d21e17ffe3e22138__s0ms.wav,0,20000,,tango
6a13470f68657e3b5c0b01d2d21e17ffe3e22138__20000ms,6a13470f68657e3b5c0b01d2d21e17ffe3e22138,TANGO   Dj Ice   Sour Cand,D:\projekty\Hudba\music-editor\src\data\segments\tango\6a13470f68657e3b5c0b01d2d21e17ffe3e22138__s20000ms.wav,20000,20000,,tango
6a13470f68657e3b5c0b01d2d21e17ffe3e22138__40000ms,6a13470f68657e3b5c0b01d2d21e17ffe3e22138,TANGO   Dj Ice   Sour Cand,D:\projekty\Hudba\music-editor\src\data\segments\tango\6a13470f68657e3b5c0b01d2d21e17ffe3e22138__s40000ms.wav,40000,20000,,tango
6a13470f68657e3b5c0b01d2d21e17ffe3e22138__60000ms,6a13470f68657e3b5c0b01d2d21e17ffe3e22138,TANGO   Dj Ice   Sour Cand,D:\projekty\Hudba\music-editor\src\data\segments\tango\6a13470f68657e3b5c0b01d2d21e17ffe3e22138__s60000ms.wav,60000,20000,,tango
6a13470f68657e3b5c0b01d2d21e17ffe3e22138__80000ms,6a13470f68657e3b5c0b01d2d21e17ffe3e22138,TANGO   Dj Ice   Sour Cand,D:\projekty\Hudba\music-editor\src\data\segments\tango\6a13470f68657e3b5c0b01d2d21e17ffe3e22138__s80000ms.wav,80000,20000,,tango
2149e893bf3103432fa862a5ede783735de9ff15__0ms,2149e893bf3103432fa862a5ede783735de9ff15,Tango   Enjoy The Silence   Depeche Mod,D:\projekty\Hudba\music-editor\src\data\segments\tango\2149e893bf3103432fa862a5ede783735de9ff15__s0ms.wav,0,20000,,tango
2149e893bf3103432fa862a5ede783735de9ff15__20000ms,2149e893bf3103432fa862a5ede783735de9ff15,Tango   Enjoy The Silence   Depeche Mod,D:\projekty\Hudba\music-editor\src\data\segments\tango\2149e893bf3103432fa862a5ede783735de9ff15__s20000ms.wav,20000,20000,,tango
2149e893bf3103432fa862a5ede783735de9ff15__40000ms,2149e893bf3103432fa862a5ede783735de9ff15,Tango   Enjoy The Silence   Depeche Mod,D:\projekty\Hudba\music-editor\src\data\segments\tango\2149e893bf3103432fa862a5ede783735de9ff15__s40000ms.wav,40000,20000,,tango
2149e893bf3103432fa862a5ede783735de9ff15__60000ms,2149e893bf3103432fa862a5ede783735de9ff15,Tango   Enjoy The Silence   Depeche Mod,D:\projekty\Hudba\music-editor\src\data\segments\tango\2149e893bf3103432fa862a5ede783735de9ff15__s60000ms.wav,60000,20000,,tango
2149e893bf3103432fa862a5ede783735de9ff15__80000ms,2149e893bf3103432fa862a5ede783735de9ff15,Tango   Enjoy The Silence   Depeche Mod,D:\projekty\Hudba\music-editor\src\data\segments\tango\2149e893bf3103432fa862a5ede783735de9ff15__s80000ms.wav,80000,20000,,tango
2149e893bf3103432fa862a5ede783735de9ff15__100000ms,2149e893bf3103432fa862a5ede783735de9ff15,Tango   Enjoy The Silence   Depeche Mod,D:\projekty\Hudba\music-editor\src\data\segments\tango\2149e893bf3103432fa862a5ede783735de9ff15__s100000ms.wav,100000,20000,,tango
2149e893bf3103432fa862a5ede783735de9ff15__120000ms,2149e893bf3103432fa862a5ede783735de9ff15,Tango   Enjoy The Silence   Depeche Mod,D:\projekty\Hudba\music-editor\src\data\segments\tango\2149e893bf3103432fa862a5ede783735de9ff15__s120000ms.wav,120000,20000,,tango
2149e893bf3103432fa862a5ede783735de9ff15__140000ms,2149e893bf3103432fa862a5ede783735de9ff15,Tango   Enjoy The Silence   Depeche Mod,D:\projekty\Hudba\music-editor\src\data\segments\tango\2149e893bf3103432fa862a5ede783735de9ff15__s140000ms.wav,140000,16212,,tango
e41449ba10f68b697b2aabd8dbd74728ba30a5bc__0ms,e41449ba10f68b697b2aabd8dbd74728ba30a5bc,Tango   Hot Stuff,D:\projekty\Hudba\music-editor\src\data\segments\tango\e41449ba10f68b697b2aabd8dbd74728ba30a5bc__s0ms.wav,0,20000,,tango
e41449ba10f68b697b2aabd8dbd74728ba30a5bc__20000ms,e41449ba10f68b697b2aabd8dbd74728ba30a5bc,Tango   Hot Stuff,D:\projekty\Hudba\music-editor\src\data\segments\tango\e41449ba10f68b697b2aabd8dbd74728ba30a5bc__s20000ms.wav,20000,20000,,tango
e41449ba10f68b697b2aabd8dbd74728ba30a5bc__40000ms,e41449ba10f68b697b2aabd8dbd74728ba30a5bc,Tango   Hot Stuff,D:\projekty\Hudba\music-editor\src\data\segments\tango\e41449ba10f68b697b2aabd8dbd74728ba30a5bc__s40000ms.wav,40000,20000,,tango
e41449ba10f68b697b2aabd8dbd74728ba30a5bc__60000ms,e41449ba10f68b697b2aabd8dbd74728ba30a5bc,Tango   Hot Stuff,D:\projekty\Hudba\music-editor\src\data\segments\tango\e41449ba10f68b697b2aabd8dbd74728ba30a5bc__s60000ms.wav,60000,20000,,tango
e41449ba10f68b697b2aabd8dbd74728ba30a5bc__80000ms,e41449ba10f68b697b2aabd8dbd74728ba30a5bc,Tango   Hot Stuff,D:\projekty\Hudba\music-editor\src\data\segments\tango\e41449ba10f68b697b2aabd8dbd74728ba30a5bc__s80000ms.wav,80000,20000,,tango
e41449ba10f68b697b2aabd8dbd74728ba30a5bc__100000ms,e41449ba10f68b697b2aabd8dbd74728ba30a5bc,Tango   Hot Stuff,D:\projekty\Hudba\music-editor\src\data\segments\tango\e41449ba10f68b697b2aabd8dbd74728ba30a5bc__s100000ms.wav,100000,20000,,tango
e41449ba10f68b697b2aabd8dbd74728ba30a5bc__120000ms,e41449ba10f68b697b2aabd8dbd74728ba30a5bc,Tango   Hot Stuff,D:\projekty\Hudba\music-editor\src\data\segments\tango\e41449ba10f68b697b2aabd8dbd74728ba30a5bc__s120000ms.wav,120000,20000,,tango
e41449ba10f68b697b2aabd8dbd74728ba30a5bc__140000ms,e41449ba10f68b697b2aabd8dbd74728ba30a5bc,Tango   Hot Stuff,D:\projekty\Hudba\music-editor\src\data\segments\tango\e41449ba10f68b697b2aabd8dbd74728ba30a5bc__s140000ms.wav,140000,20000,,tango
e41449ba10f68b697b2aabd8dbd74728ba30a5bc__160000ms,e41449ba10f68b697b2aabd8dbd74728ba30a5bc,Tango   Hot Stuff,D:\projekty\Hudba\music-editor\src\data\segments\tango\e41449ba10f68b697b2aabd8dbd74728ba30a5bc__s160000ms.wav,160000,20000,,tango
e41449ba10f68b697b2aabd8dbd74728ba30a5bc__180000ms,e41449ba10f68b697b2aabd8dbd74728ba30a5bc,Tango   Hot Stuff,D:\projekty\Hudba\music-editor\src\data\segments\tango\e41449ba10f68b697b2aabd8dbd74728ba30a5bc__s180000ms.wav,180000,8709,,tango
67f6b91f489b62829560d2fd6ed2da3d727edf52__0ms,67f6b91f489b62829560d2fd6ed2da3d727edf52,Tango   I,D:\projekty\Hudba\music-editor\src\data\segments\tango\67f6b91f489b62829560d2fd6ed2da3d727edf52__s0ms.wav,0,20000,,tango
67f6b91f489b62829560d2fd6ed2da3d727edf52__20000ms,67f6b91f489b62829560d2fd6ed2da3d727edf52,Tango   I,D:\projekty\Hudba\music-editor\src\data\segments\tango\67f6b91f489b62829560d2fd6ed2da3d727edf52__s20000ms.wav,20000,20000,,tango
67f6b91f489b62829560d2fd6ed2da3d727edf52__40000ms,67f6b91f489b62829560d2fd6ed2da3d727edf52,Tango   I,D:\projekty\Hudba\music-editor\src\data\segments\tango\67f6b91f489b62829560d2fd6ed2da3d727edf52__s40000ms.wav,40000,20000,,tango
67f6b91f489b62829560d2fd6ed2da3d727edf52__60000ms,67f6b91f489b62829560d2fd6ed2da3d727edf52,Tango   I,D:\projekty\Hudba\music-editor\src\data\segments\tango\67f6b91f489b62829560d2fd6ed2da3d727edf52__s60000ms.wav,60000,20000,,tango
67f6b91f489b62829560d2fd6ed2da3d727edf52__80000ms,67f6b91f489b62829560d2fd6ed2da3d727edf52,Tango   I,D:\projekty\Hudba\music-editor\src\data\segments\tango\67f6b91f489b62829560d2fd6ed2da3d727edf52__s80000ms.wav,80000,20000,,tango
67f6b91f489b62829560d2fd6ed2da3d727edf52__100000ms,67f6b91f489b62829560d2fd6ed2da3d727edf52,Tango   I,D:\projekty\Hudba\music-editor\src\data\segments\tango\67f6b91f489b62829560d2fd6ed2da3d727edf52__s100000ms.wav,100000,20000,,tango
67f6b91f489b62829560d2fd6ed2da3d727edf52__120000ms,67f6b91f489b62829560d2fd6ed2da3d727edf52,Tango   I,D:\projekty\Hudba\music-editor\src\data\segments\tango\67f6b91f489b62829560d2fd6ed2da3d727edf52__s120000ms.wav,120000,20000,,tango
67f6b91f489b62829560d2fd6ed2da3d727edf52__140000ms,67f6b91f489b62829560d2fd6ed2da3d727edf52,Tango   I,D:\projekty\Hudba\music-editor\src\data\segments\tango\67f6b91f489b62829560d2fd6ed2da3d727edf52__s140000ms.wav,140000,13208,,tango
d6531115e07da33998aad4d014cdb1ac0b82ef44__0ms,d6531115e07da33998aad4d014cdb1ac0b82ef44,Tango   La Felicida,D:\projekty\Hudba\music-editor\src\data\segments\tango\d6531115e07da33998aad4d014cdb1ac0b82ef44__s0ms.wav,0,20000,,tango
d6531115e07da33998aad4d014cdb1ac0b82ef44__20000ms,d6531115e07da33998aad4d014cdb1ac0b82ef44,Tango   La Felicida,D:\projekty\Hudba\music-editor\src\data\segments\tango\d6531115e07da33998aad4d014cdb1ac0b82ef44__s20000ms.wav,20000,20000,,tango
d6531115e07da33998aad4d014cdb1ac0b82ef44__40000ms,d6531115e07da33998aad4d014cdb1ac0b82ef44,Tango   La Felicida,D:\projekty\Hudba\music-editor\src\data\segments\tango\d6531115e07da33998aad4d014cdb1ac0b82ef44__s40000ms.wav,40000,20000,,tango
d6531115e07da33998aad4d014cdb1ac0b82ef44__60000ms,d6531115e07da33998aad4d014cdb1ac0b82ef44,Tango   La Felicida,D:\projekty\Hudba\music-editor\src\data\segments\tango\d6531115e07da33998aad4d014cdb1ac0b82ef44__s60000ms.wav,60000,20000,,tango
d6531115e07da33998aad4d014cdb1ac0b82ef44__80000ms,d6531115e07da33998aad4d014cdb1ac0b82ef44,Tango   La Felicida,D:\projekty\Hudba\music-editor\src\data\segments\tango\d6531115e07da33998aad4d014cdb1ac0b82ef44__s80000ms.wav,80000,20000,,tango
d6531115e07da33998aad4d014cdb1ac0b82ef44__100000ms,d6531115e07da33998aad4d014cdb1ac0b82ef44,Tango   La Felicida,D:\projekty\Hudba\music-editor\src\data\segments\tango\d6531115e07da33998aad4d014cdb1ac0b82ef44__s100000ms.wav,100000,20000,,tango
d6531115e07da33998aad4d014cdb1ac0b82ef44__120000ms,d6531115e07da33998aad4d014cdb1ac0b82ef44,Tango   La Felicida,D:\projekty\Hudba\music-editor\src\data\segments\tango\d6531115e07da33998aad4d014cdb1ac0b82ef44__s120000ms.wav,120000,20000,,tango
d6531115e07da33998aad4d014cdb1ac0b82ef44__140000ms,d6531115e07da33998aad4d014cdb1ac0b82ef44,Tango   La Felicida,D:\projekty\Hudba\music-editor\src\data\segments\tango\d6531115e07da33998aad4d014cdb1ac0b82ef44__s140000ms.wav,140000,20000,,tango
d6531115e07da33998aad4d014cdb1ac0b82ef44__160000ms,d6531115e07da33998aad4d014cdb1ac0b82ef44,Tango   La Felicida,D:\projekty\Hudba\music-editor\src\data\segments\tango\d6531115e07da33998aad4d014cdb1ac0b82ef44__s160000ms.wav,160000,20000,,tango
d6531115e07da33998aad4d014cdb1ac0b82ef44__180000ms,d6531115e07da33998aad4d014cdb1ac0b82ef44,Tango   La Felicida,D:\projekty\Hudba\music-editor\src\data\segments\tango\d6531115e07da33998aad4d014cdb1ac0b82ef44__s180000ms.wav,180000,20000,,tango
d6531115e07da33998aad4d014cdb1ac0b82ef44__200000ms,d6531115e07da33998aad4d014cdb1ac0b82ef44,Tango   La Felicida,D:\projekty\Hudba\music-editor\src\data\segments\tango\d6531115e07da33998aad4d014cdb1ac0b82ef44__s200000ms.wav,200000,19611,,tango
4f0b35f2a16a1f3b5b1690b6237cd67a966049d0__0ms,4f0b35f2a16a1f3b5b1690b6237cd67a966049d0,Tango   La Hada Y El Gordo   Medialuna Tango Projec,D:\projekty\Hudba\music-editor\src\data\segments\tango\4f0b35f2a16a1f3b5b1690b6237cd67a966049d0__s0ms.wav,0,20000,,tango
4f0b35f2a16a1f3b5b1690b6237cd67a966049d0__20000ms,4f0b35f2a16a1f3b5b1690b6237cd67a966049d0,Tango   La Hada Y El Gordo   Medialuna Tango Projec,D:\projekty\Hudba\music-editor\src\data\segments\tango\4f0b35f2a16a1f3b5b1690b6237cd67a966049d0__s20000ms.wav,20000,20000,,tango
4f0b35f2a16a1f3b5b1690b6237cd67a966049d0__40000ms,4f0b35f2a16a1f3b5b1690b6237cd67a966049d0,Tango   La Hada Y El Gordo   Medialuna Tango Projec,D:\projekty\Hudba\music-editor\src\data\segments\tango\4f0b35f2a16a1f3b5b1690b6237cd67a966049d0__s40000ms.wav,40000,20000,,tango
4f0b35f2a16a1f3b5b1690b6237cd67a966049d0__60000ms,4f0b35f2a16a1f3b5b1690b6237cd67a966049d0,Tango   La Hada Y El Gordo   Medialuna Tango Projec,D:\projekty\Hudba\music-editor\src\data\segments\tango\4f0b35f2a16a1f3b5b1690b6237cd67a966049d0__s60000ms.wav,60000,20000,,tango
4f0b35f2a16a1f3b5b1690b6237cd67a966049d0__80000ms,4f0b35f2a16a1f3b5b1690b6237cd67a966049d0,Tango   La Hada Y El Gordo   Medialuna Tango Projec,D:\projekty\Hudba\music-editor\src\data\segments\tango\4f0b35f2a16a1f3b5b1690b6237cd67a966049d0__s80000ms.wav,80000,20000,,tango
4f0b35f2a16a1f3b5b1690b6237cd67a966049d0__100000ms,4f0b35f2a16a1f3b5b1690b6237cd67a966049d0,Tango   La Hada Y El Gordo   Medialuna Tango Projec,D:\projekty\Hudba\music-editor\src\data\segments\tango\4f0b35f2a16a1f3b5b1690b6237cd67a966049d0__s100000ms.wav,100000,20000,,tango
4f0b35f2a16a1f3b5b1690b6237cd67a966049d0__120000ms,4f0b35f2a16a1f3b5b1690b6237cd67a966049d0,Tango   La Hada Y El Gordo   Medialuna Tango Projec,D:\projekty\Hudba\music-editor\src\data\segments\tango\4f0b35f2a16a1f3b5b1690b6237cd67a966049d0__s120000ms.wav,120000,20000,,tango
4f0b35f2a16a1f3b5b1690b6237cd67a966049d0__140000ms,4f0b35f2a16a1f3b5b1690b6237cd67a966049d0,Tango   La Hada Y El Gordo   Medialuna Tango Projec,D:\projekty\Hudba\music-editor\src\data\segments\tango\4f0b35f2a16a1f3b5b1690b6237cd67a966049d0__s140000ms.wav,140000,20000,,tango
4f0b35f2a16a1f3b5b1690b6237cd67a966049d0__160000ms,4f0b35f2a16a1f3b5b1690b6237cd67a966049d0,Tango   La Hada Y El Gordo   Medialuna Tango Projec,D:\projekty\Hudba\music-editor\src\data\segments\tango\4f0b35f2a16a1f3b5b1690b6237cd67a966049d0__s160000ms.wav,160000,10083,,tango
9f4d140c2055db90862209fa2a46fb3b6a4b2250__0ms,9f4d140c2055db90862209fa2a46fb3b6a4b2250,Tango   Last Tango In Paris   Jeff Steinber,D:\projekty\Hudba\music-editor\src\data\segments\tango\9f4d140c2055db90862209fa2a46fb3b6a4b2250__s0ms.wav,0,20000,,tango
9f4d140c2055db90862209fa2a46fb3b6a4b2250__20000ms,9f4d140c2055db90862209fa2a46fb3b6a4b2250,Tango   Last Tango In Paris   Jeff Steinber,D:\projekty\Hudba\music-editor\src\data\segments\tango\9f4d140c2055db90862209fa2a46fb3b6a4b2250__s20000ms.wav,20000,20000,,tango
9f4d140c2055db90862209fa2a46fb3b6a4b2250__40000ms,9f4d140c2055db90862209fa2a46fb3b6a4b2250,Tango   Last Tango In Paris   Jeff Steinber,D:\projekty\Hudba\music-editor\src\data\segments\tango\9f4d140c2055db90862209fa2a46fb3b6a4b2250__s40000ms.wav,40000,20000,,tango
9f4d140c2055db90862209fa2a46fb3b6a4b2250__60000ms,9f4d140c2055db90862209fa2a46fb3b6a4b2250,Tango   Last Tango In Paris   Jeff Steinber,D:\projekty\Hudba\music-editor\src\data\segments\tango\9f4d140c2055db90862209fa2a46fb3b6a4b2250__s60000ms.wav,60000,20000,,tango
9f4d140c2055db90862209fa2a46fb3b6a4b2250__80000ms,9f4d140c2055db90862209fa2a46fb3b6a4b2250,Tango   Last Tango In Paris   Jeff Steinber,D:\projekty\Hudba\music-editor\src\data\segments\tango\9f4d140c2055db90862209fa2a46fb3b6a4b2250__s80000ms.wav,80000,20000,,tango
9f4d140c2055db90862209fa2a46fb3b6a4b2250__100000ms,9f4d140c2055db90862209fa2a46fb3b6a4b2250,Tango   Last Tango In Paris   Jeff Steinber,D:\projekty\Hudba\music-editor\src\data\segments\tango\9f4d140c2055db90862209fa2a46fb3b6a4b2250__s100000ms.wav,100000,20000,,tango
9f4d140c2055db90862209fa2a46fb3b6a4b2250__120000ms,9f4d140c2055db90862209fa2a46fb3b6a4b2250,Tango   Last Tango In Paris   Jeff Steinber,D:\projekty\Hudba\music-editor\src\data\segments\tango\9f4d140c2055db90862209fa2a46fb3b6a4b2250__s120000ms.wav,120000,15445,,tango
8c6352b6a3d793e50c88b4b4d0914947fe305191__0ms,8c6352b6a3d793e50c88b4b4d0914947fe305191,Tango   Love Me Again   John Newma,D:\projekty\Hudba\music-editor\src\data\segments\tango\8c6352b6a3d793e50c88b4b4d0914947fe305191__s0ms.wav,0,20000,,tango
8c6352b6a3d793e50c88b4b4d0914947fe305191__20000ms,8c6352b6a3d793e50c88b4b4d0914947fe305191,Tango   Love Me Again   John Newma,D:\projekty\Hudba\music-editor\src\data\segments\tango\8c6352b6a3d793e50c88b4b4d0914947fe305191__s20000ms.wav,20000,20000,,tango
8c6352b6a3d793e50c88b4b4d0914947fe305191__40000ms,8c6352b6a3d793e50c88b4b4d0914947fe305191,Tango   Love Me Again   John Newma,D:\projekty\Hudba\music-editor\src\data\segments\tango\8c6352b6a3d793e50c88b4b4d0914947fe305191__s40000ms.wav,40000,20000,,tango
8c6352b6a3d793e50c88b4b4d0914947fe305191__60000ms,8c6352b6a3d793e50c88b4b4d0914947fe305191,Tango   Love Me Again   John Newma,D:\projekty\Hudba\music-editor\src\data\segments\tango\8c6352b6a3d793e50c88b4b4d0914947fe305191__s60000ms.wav,60000,20000,,tango
8c6352b6a3d793e50c88b4b4d0914947fe305191__80000ms,8c6352b6a3d793e50c88b4b4d0914947fe305191,Tango   Love Me Again   John Newma,D:\projekty\Hudba\music-editor\src\data\segments\tango\8c6352b6a3d793e50c88b4b4d0914947fe305191__s80000ms.wav,80000,20000,,tango
8c6352b6a3d793e50c88b4b4d0914947fe305191__100000ms,8c6352b6a3d793e50c88b4b4d0914947fe305191,Tango   Love Me Again   John Newma,D:\projekty\Hudba\music-editor\src\data\segments\tango\8c6352b6a3d793e50c88b4b4d0914947fe305191__s100000ms.wav,100000,20000,,tango
8c6352b6a3d793e50c88b4b4d0914947fe305191__120000ms,8c6352b6a3d793e50c88b4b4d0914947fe305191,Tango   Love Me Again   John Newma,D:\projekty\Hudba\music-editor\src\data\segments\tango\8c6352b6a3d793e50c88b4b4d0914947fe305191__s120000ms.wav,120000,20000,,tango
8c6352b6a3d793e50c88b4b4d0914947fe305191__140000ms,8c6352b6a3d793e50c88b4b4d0914947fe305191,Tango   Love Me Again   John Newma,D:\projekty\Hudba\music-editor\src\data\segments\tango\8c6352b6a3d793e50c88b4b4d0914947fe305191__s140000ms.wav,140000,20000,,tango
a57400b576acf01bb8cff059b7a3962f5b5ea131__0ms,a57400b576acf01bb8cff059b7a3962f5b5ea131,Tango   Oelle Como Espiritu   Mandragora Orchestr,D:\projekty\Hudba\music-editor\src\data\segments\tango\a57400b576acf01bb8cff059b7a3962f5b5ea131__s0ms.wav,0,20000,,tango
a57400b576acf01bb8cff059b7a3962f5b5ea131__20000ms,a57400b576acf01bb8cff059b7a3962f5b5ea131,Tango   Oelle Como Espiritu   Mandragora Orchestr,D:\projekty\Hudba\music-editor\src\data\segments\tango\a57400b576acf01bb8cff059b7a3962f5b5ea131__s20000ms.wav,20000,20000,,tango
a57400b576acf01bb8cff059b7a3962f5b5ea131__40000ms,a57400b576acf01bb8cff059b7a3962f5b5ea131,Tango   Oelle Como Espiritu   Mandragora Orchestr,D:\projekty\Hudba\music-editor\src\data\segments\tango\a57400b576acf01bb8cff059b7a3962f5b5ea131__s40000ms.wav,40000,20000,,tango
a57400b576acf01bb8cff059b7a3962f5b5ea131__60000ms,a57400b576acf01bb8cff059b7a3962f5b5ea131,Tango   Oelle Como Espiritu   Mandragora Orchestr,D:\projekty\Hudba\music-editor\src\data\segments\tango\a57400b576acf01bb8cff059b7a3962f5b5ea131__s60000ms.wav,60000,20000,,tango
a57400b576acf01bb8cff059b7a3962f5b5ea131__80000ms,a57400b576acf01bb8cff059b7a3962f5b5ea131,Tango   Oelle Como Espiritu   Mandragora Orchestr,D:\projekty\Hudba\music-editor\src\data\segments\tango\a57400b576acf01bb8cff059b7a3962f5b5ea131__s80000ms.wav,80000,20000,,tango
a57400b576acf01bb8cff059b7a3962f5b5ea131__100000ms,a57400b576acf01bb8cff059b7a3962f5b5ea131,Tango   Oelle Como Espiritu   Mandragora Orchestr,D:\projekty\Hudba\music-editor\src\data\segments\tango\a57400b576acf01bb8cff059b7a3962f5b5ea131__s100000ms.wav,100000,20000,,tango
a57400b576acf01bb8cff059b7a3962f5b5ea131__120000ms,a57400b576acf01bb8cff059b7a3962f5b5ea131,Tango   Oelle Como Espiritu   Mandragora Orchestr,D:\projekty\Hudba\music-editor\src\data\segments\tango\a57400b576acf01bb8cff059b7a3962f5b5ea131__s120000ms.wav,120000,20000,,tango
a57400b576acf01bb8cff059b7a3962f5b5ea131__140000ms,a57400b576acf01bb8cff059b7a3962f5b5ea131,Tango   Oelle Como Espiritu   Mandragora Orchestr,D:\projekty\Hudba\music-editor\src\data\segments\tango\a57400b576acf01bb8cff059b7a3962f5b5ea131__s140000ms.wav,140000,20000,,tango
a57400b576acf01bb8cff059b7a3962f5b5ea131__160000ms,a57400b576acf01bb8cff059b7a3962f5b5ea131,Tango   Oelle Como Espiritu   Mandragora Orchestr,D:\projekty\Hudba\music-editor\src\data\segments\tango\a57400b576acf01bb8cff059b7a3962f5b5ea131__s160000ms.wav,160000,20000,,tango
a57400b576acf01bb8cff059b7a3962f5b5ea131__180000ms,a57400b576acf01bb8cff059b7a3962f5b5ea131,Tango   Oelle Como Espiritu   Mandragora Orchestr,D:\projekty\Hudba\music-editor\src\data\segments\tango\a57400b576acf01bb8cff059b7a3962f5b5ea131__s180000ms.wav,180000,20000,,tango
a57400b576acf01bb8cff059b7a3962f5b5ea131__200000ms,a57400b576acf01bb8cff059b7a3962f5b5ea131,Tango   Oelle Como Espiritu   Mandragora Orchestr,D:\projekty\Hudba\music-editor\src\data\segments\tango\a57400b576acf01bb8cff059b7a3962f5b5ea131__s200000ms.wav,200000,11566,,tango
8227bd28b9b519447833670086066cff1a455d41__0ms,8227bd28b9b519447833670086066cff1a455d41,Tango   Ole Guapa    Alfred Hause,D:\projekty\Hudba\music-editor\src\data\segments\tango\8227bd28b9b519447833670086066cff1a455d41__s0ms.wav,0,20000,,tango
8227bd28b9b519447833670086066cff1a455d41__20000ms,8227bd28b9b519447833670086066cff1a455d41,Tango   Ole Guapa    Alfred Hause,D:\projekty\Hudba\music-editor\src\data\segments\tango\8227bd28b9b519447833670086066cff1a455d41__s20000ms.wav,20000,20000,,tango
8227bd28b9b519447833670086066cff1a455d41__40000ms,8227bd28b9b519447833670086066cff1a455d41,Tango   Ole Guapa    Alfred Hause,D:\projekty\Hudba\music-editor\src\data\segments\tango\8227bd28b9b519447833670086066cff1a455d41__s40000ms.wav,40000,20000,,tango
8227bd28b9b519447833670086066cff1a455d41__60000ms,8227bd28b9b519447833670086066cff1a455d41,Tango   Ole Guapa    Alfred Hause,D:\projekty\Hudba\music-editor\src\data\segments\tango\8227bd28b9b519447833670086066cff1a455d41__s60000ms.wav,60000,20000,,tango
8227bd28b9b519447833670086066cff1a455d41__80000ms,8227bd28b9b519447833670086066cff1a455d41,Tango   Ole Guapa    Alfred Hause,D:\projekty\Hudba\music-editor\src\data\segments\tango\8227bd28b9b519447833670086066cff1a455d41__s80000ms.wav,80000,20000,,tango
8227bd28b9b519447833670086066cff1a455d41__100000ms,8227bd28b9b519447833670086066cff1a455d41,Tango   Ole Guapa    Alfred Hause,D:\projekty\Hudba\music-editor\src\data\segments\tango\8227bd28b9b519447833670086066cff1a455d41__s100000ms.wav,100000,20000,,tango
8227bd28b9b519447833670086066cff1a455d41__120000ms,8227bd28b9b519447833670086066cff1a455d41,Tango   Ole Guapa    Alfred Hause,D:\projekty\Hudba\music-editor\src\data\segments\tango\8227bd28b9b519447833670086066cff1a455d41__s120000ms.wav,120000,20000,,tango
8227bd28b9b519447833670086066cff1a455d41__140000ms,8227bd28b9b519447833670086066cff1a455d41,Tango   Ole Guapa    Alfred Hause,D:\projekty\Hudba\music-editor\src\data\segments\tango\8227bd28b9b519447833670086066cff1a455d41__s140000ms.wav,140000,20000,,tango
8227bd28b9b519447833670086066cff1a455d41__160000ms,8227bd28b9b519447833670086066cff1a455d41,Tango   Ole Guapa    Alfred Hause,D:\projekty\Hudba\music-editor\src\data\segments\tango\8227bd28b9b519447833670086066cff1a455d41__s160000ms.wav,160000,20000,,tango
35ddd1303127edad0bda6591fc599d7401e2724a__0ms,35ddd1303127edad0bda6591fc599d7401e2724a,Tango   Ride It   Klaus Hallen Tanz Orcheste,D:\projekty\Hudba\music-editor\src\data\segments\tango\35ddd1303127edad0bda6591fc599d7401e2724a__s0ms.wav,0,20000,,tango
35ddd1303127edad0bda6591fc599d7401e2724a__20000ms,35ddd1303127edad0bda6591fc599d7401e2724a,Tango   Ride It   Klaus Hallen Tanz Orcheste,D:\projekty\Hudba\music-editor\src\data\segments\tango\35ddd1303127edad0bda6591fc599d7401e2724a__s20000ms.wav,20000,20000,,tango
35ddd1303127edad0bda6591fc599d7401e2724a__40000ms,35ddd1303127edad0bda6591fc599d7401e2724a,Tango   Ride It   Klaus Hallen Tanz Orcheste,D:\projekty\Hudba\music-editor\src\data\segments\tango\35ddd1303127edad0bda6591fc599d7401e2724a__s40000ms.wav,40000,20000,,tango
35ddd1303127edad0bda6591fc599d7401e2724a__60000ms,35ddd1303127edad0bda6591fc599d7401e2724a,Tango   Ride It   Klaus Hallen Tanz Orcheste,D:\projekty\Hudba\music-editor\src\data\segments\tango\35ddd1303127edad0bda6591fc599d7401e2724a__s60000ms.wav,60000,20000,,tango
35ddd1303127edad0bda6591fc599d7401e2724a__80000ms,35ddd1303127edad0bda6591fc599d7401e2724a,Tango   Ride It   Klaus Hallen Tanz Orcheste,D:\projekty\Hudba\music-editor\src\data\segments\tango\35ddd1303127edad0bda6591fc599d7401e2724a__s80000ms.wav,80000,20000,,tango
35ddd1303127edad0bda6591fc599d7401e2724a__100000ms,35ddd1303127edad0bda6591fc599d7401e2724a,Tango   Ride It   Klaus Hallen Tanz Orcheste,D:\projekty\Hudba\music-editor\src\data\segments\tango\35ddd1303127edad0bda6591fc599d7401e2724a__s100000ms.wav,100000,20000,,tango
35ddd1303127edad0bda6591fc599d7401e2724a__120000ms,35ddd1303127edad0bda6591fc599d7401e2724a,Tango   Ride It   Klaus Hallen Tanz Orcheste,D:\projekty\Hudba\music-editor\src\data\segments\tango\35ddd1303127edad0bda6591fc599d7401e2724a__s120000ms.wav,120000,20000,,tango
35ddd1303127edad0bda6591fc599d7401e2724a__140000ms,35ddd1303127edad0bda6591fc599d7401e2724a,Tango   Ride It   Klaus Hallen Tanz Orcheste,D:\projekty\Hudba\music-editor\src\data\segments\tango\35ddd1303127edad0bda6591fc599d7401e2724a__s140000ms.wav,140000,20000,,tango
35ddd1303127edad0bda6591fc599d7401e2724a__160000ms,35ddd1303127edad0bda6591fc599d7401e2724a,Tango   Ride It   Klaus Hallen Tanz Orcheste,D:\projekty\Hudba\music-editor\src\data\segments\tango\35ddd1303127edad0bda6591fc599d7401e2724a__s160000ms.wav,160000,20000,,tango
35ddd1303127edad0bda6591fc599d7401e2724a__180000ms,35ddd1303127edad0bda6591fc599d7401e2724a,Tango   Ride It   Klaus Hallen Tanz Orcheste,D:\projekty\Hudba\music-editor\src\data\segments\tango\35ddd1303127edad0bda6591fc599d7401e2724a__s180000ms.wav,180000,20000,,tango
35ddd1303127edad0bda6591fc599d7401e2724a__200000ms,35ddd1303127edad0bda6591fc599d7401e2724a,Tango   Ride It   Klaus Hallen Tanz Orcheste,D:\projekty\Hudba\music-editor\src\data\segments\tango\35ddd1303127edad0bda6591fc599d7401e2724a__s200000ms.wav,200000,16712,,tango
61650fdf50b36212268490f0a30327f60ef6dd41__0ms,61650fdf50b36212268490f0a30327f60ef6dd41,Tango   Set fire to the rain,D:\projekty\Hudba\music-editor\src\data\segments\tango\61650fdf50b36212268490f0a30327f60ef6dd41__s0ms.wav,0,20000,,tango
61650fdf50b36212268490f0a30327f60ef6dd41__20000ms,61650fdf50b36212268490f0a30327f60ef6dd41,Tango   Set fire to the rain,D:\projekty\Hudba\music-editor\src\data\segments\tango\61650fdf50b36212268490f0a30327f60ef6dd41__s20000ms.wav,20000,20000,,tango
61650fdf50b36212268490f0a30327f60ef6dd41__40000ms,61650fdf50b36212268490f0a30327f60ef6dd41,Tango   Set fire to the rain,D:\projekty\Hudba\music-editor\src\data\segments\tango\61650fdf50b36212268490f0a30327f60ef6dd41__s40000ms.wav,40000,20000,,tango
61650fdf50b36212268490f0a30327f60ef6dd41__60000ms,61650fdf50b36212268490f0a30327f60ef6dd41,Tango   Set fire to the rain,D:\projekty\Hudba\music-editor\src\data\segments\tango\61650fdf50b36212268490f0a30327f60ef6dd41__s60000ms.wav,60000,20000,,tango
61650fdf50b36212268490f0a30327f60ef6dd41__80000ms,61650fdf50b36212268490f0a30327f60ef6dd41,Tango   Set fire to the rain,D:\projekty\Hudba\music-editor\src\data\segments\tango\61650fdf50b36212268490f0a30327f60ef6dd41__s80000ms.wav,80000,20000,,tango
61650fdf50b36212268490f0a30327f60ef6dd41__100000ms,61650fdf50b36212268490f0a30327f60ef6dd41,Tango   Set fire to the rain,D:\projekty\Hudba\music-editor\src\data\segments\tango\61650fdf50b36212268490f0a30327f60ef6dd41__s100000ms.wav,100000,20000,,tango
61650fdf50b36212268490f0a30327f60ef6dd41__120000ms,61650fdf50b36212268490f0a30327f60ef6dd41,Tango   Set fire to the rain,D:\projekty\Hudba\music-editor\src\data\segments\tango\61650fdf50b36212268490f0a30327f60ef6dd41__s120000ms.wav,120000,20000,,tango
61650fdf50b36212268490f0a30327f60ef6dd41__140000ms,61650fdf50b36212268490f0a30327f60ef6dd41,Tango   Set fire to the rain,D:\projekty\Hudba\music-editor\src\data\segments\tango\61650fdf50b36212268490f0a30327f60ef6dd41__s140000ms.wav,140000,20000,,tango
61650fdf50b36212268490f0a30327f60ef6dd41__160000ms,61650fdf50b36212268490f0a30327f60ef6dd41,Tango   Set fire to the rain,D:\projekty\Hudba\music-editor\src\data\segments\tango\61650fdf50b36212268490f0a30327f60ef6dd41__s160000ms.wav,160000,20000,,tango
61650fdf50b36212268490f0a30327f60ef6dd41__180000ms,61650fdf50b36212268490f0a30327f60ef6dd41,Tango   Set fire to the rain,D:\projekty\Hudba\music-editor\src\data\segments\tango\61650fdf50b36212268490f0a30327f60ef6dd41__s180000ms.wav,180000,20000,,tango
de0e506b490fa64fe306026ee6f737ed09af05cf__0ms,de0e506b490fa64fe306026ee6f737ed09af05cf,Tango   Somebody That I Used To Know,D:\projekty\Hudba\music-editor\src\data\segments\tango\de0e506b490fa64fe306026ee6f737ed09af05cf__s0ms.wav,0,20000,,tango
de0e506b490fa64fe306026ee6f737ed09af05cf__20000ms,de0e506b490fa64fe306026ee6f737ed09af05cf,Tango   Somebody That I Used To Know,D:\projekty\Hudba\music-editor\src\data\segments\tango\de0e506b490fa64fe306026ee6f737ed09af05cf__s20000ms.wav,20000,20000,,tango
de0e506b490fa64fe306026ee6f737ed09af05cf__40000ms,de0e506b490fa64fe306026ee6f737ed09af05cf,Tango   Somebody That I Used To Know,D:\projekty\Hudba\music-editor\src\data\segments\tango\de0e506b490fa64fe306026ee6f737ed09af05cf__s40000ms.wav,40000,20000,,tango
de0e506b490fa64fe306026ee6f737ed09af05cf__60000ms,de0e506b490fa64fe306026ee6f737ed09af05cf,Tango   Somebody That I Used To Know,D:\projekty\Hudba\music-editor\src\data\segments\tango\de0e506b490fa64fe306026ee6f737ed09af05cf__s60000ms.wav,60000,20000,,tango
de0e506b490fa64fe306026ee6f737ed09af05cf__80000ms,de0e506b490fa64fe306026ee6f737ed09af05cf,Tango   Somebody That I Used To Know,D:\projekty\Hudba\music-editor\src\data\segments\tango\de0e506b490fa64fe306026ee6f737ed09af05cf__s80000ms.wav,80000,20000,,tango
de0e506b490fa64fe306026ee6f737ed09af05cf__100000ms,de0e506b490fa64fe306026ee6f737ed09af05cf,Tango   Somebody That I Used To Know,D:\projekty\Hudba\music-editor\src\data\segments\tango\de0e506b490fa64fe306026ee6f737ed09af05cf__s100000ms.wav,100000,20000,,tango
de0e506b490fa64fe306026ee6f737ed09af05cf__120000ms,de0e506b490fa64fe306026ee6f737ed09af05cf,Tango   Somebody That I Used To Know,D:\projekty\Hudba\music-editor\src\data\segments\tango\de0e506b490fa64fe306026ee6f737ed09af05cf__s120000ms.wav,120000,20000,,tango
de0e506b490fa64fe306026ee6f737ed09af05cf__140000ms,de0e506b490fa64fe306026ee6f737ed09af05cf,Tango   Somebody That I Used To Know,D:\projekty\Hudba\music-editor\src\data\segments\tango\de0e506b490fa64fe306026ee6f737ed09af05cf__s140000ms.wav,140000,20000,,tango
de0e506b490fa64fe306026ee6f737ed09af05cf__160000ms,de0e506b490fa64fe306026ee6f737ed09af05cf,Tango   Somebody That I Used To Know,D:\projekty\Hudba\music-editor\src\data\segments\tango\de0e506b490fa64fe306026ee6f737ed09af05cf__s160000ms.wav,160000,20000,,tango
09d2e8f574b11417eef3e63ad446a0f96a238e62__0ms,09d2e8f574b11417eef3e63ad446a0f96a238e62,Tango   Tango De Manzana   Kevin MacLeo,D:\projekty\Hudba\music-editor\src\data\segments\tango\09d2e8f574b11417eef3e63ad446a0f96a238e62__s0ms.wav,0,20000,,tango
09d2e8f574b11417eef3e63ad446a0f96a238e62__20000ms,09d2e8f574b11417eef3e63ad446a0f96a238e62,Tango   Tango De Manzana   Kevin MacLeo,D:\projekty\Hudba\music-editor\src\data\segments\tango\09d2e8f574b11417eef3e63ad446a0f96a238e62__s20000ms.wav,20000,20000,,tango
09d2e8f574b11417eef3e63ad446a0f96a238e62__40000ms,09d2e8f574b11417eef3e63ad446a0f96a238e62,Tango   Tango De Manzana   Kevin MacLeo,D:\projekty\Hudba\music-editor\src\data\segments\tango\09d2e8f574b11417eef3e63ad446a0f96a238e62__s40000ms.wav,40000,20000,,tango
09d2e8f574b11417eef3e63ad446a0f96a238e62__60000ms,09d2e8f574b11417eef3e63ad446a0f96a238e62,Tango   Tango De Manzana   Kevin MacLeo,D:\projekty\Hudba\music-editor\src\data\segments\tango\09d2e8f574b11417eef3e63ad446a0f96a238e62__s60000ms.wav,60000,20000,,tango
09d2e8f574b11417eef3e63ad446a0f96a238e62__80000ms,09d2e8f574b11417eef3e63ad446a0f96a238e62,Tango   Tango De Manzana   Kevin MacLeo,D:\projekty\Hudba\music-editor\src\data\segments\tango\09d2e8f574b11417eef3e63ad446a0f96a238e62__s80000ms.wav,80000,20000,,tango
09d2e8f574b11417eef3e63ad446a0f96a238e62__100000ms,09d2e8f574b11417eef3e63ad446a0f96a238e62,Tango   Tango De Manzana   Kevin MacLeo,D:\projekty\Hudba\music-editor\src\data\segments\tango\09d2e8f574b11417eef3e63ad446a0f96a238e62__s100000ms.wav,100000,20000,,tango
09d2e8f574b11417eef3e63ad446a0f96a238e62__120000ms,09d2e8f574b11417eef3e63ad446a0f96a238e62,Tango   Tango De Manzana   Kevin MacLeo,D:\projekty\Hudba\music-editor\src\data\segments\tango\09d2e8f574b11417eef3e63ad446a0f96a238e62__s120000ms.wav,120000,20000,,tango
09d2e8f574b11417eef3e63ad446a0f96a238e62__140000ms,09d2e8f574b11417eef3e63ad446a0f96a238e62,Tango   Tango De Manzana   Kevin MacLeo,D:\projekty\Hudba\music-editor\src\data\segments\tango\09d2e8f574b11417eef3e63ad446a0f96a238e62__s140000ms.wav,140000,20000,,tango
09d2e8f574b11417eef3e63ad446a0f96a238e62__160000ms,09d2e8f574b11417eef3e63ad446a0f96a238e62,Tango   Tango De Manzana   Kevin MacLeo,D:\projekty\Hudba\music-editor\src\data\segments\tango\09d2e8f574b11417eef3e63ad446a0f96a238e62__s160000ms.wav,160000,20000,,tango
f19662960ca76c1943232012989c17a7a98413d4__0ms,f19662960ca76c1943232012989c17a7a98413d4,Tango   The Little Drummer Bo,D:\projekty\Hudba\music-editor\src\data\segments\tango\f19662960ca76c1943232012989c17a7a98413d4__s0ms.wav,0,20000,,tango
f19662960ca76c1943232012989c17a7a98413d4__20000ms,f19662960ca76c1943232012989c17a7a98413d4,Tango   The Little Drummer Bo,D:\projekty\Hudba\music-editor\src\data\segments\tango\f19662960ca76c1943232012989c17a7a98413d4__s20000ms.wav,20000,20000,,tango
f19662960ca76c1943232012989c17a7a98413d4__40000ms,f19662960ca76c1943232012989c17a7a98413d4,Tango   The Little Drummer Bo,D:\projekty\Hudba\music-editor\src\data\segments\tango\f19662960ca76c1943232012989c17a7a98413d4__s40000ms.wav,40000,20000,,tango
f19662960ca76c1943232012989c17a7a98413d4__60000ms,f19662960ca76c1943232012989c17a7a98413d4,Tango   The Little Drummer Bo,D:\projekty\Hudba\music-editor\src\data\segments\tango\f19662960ca76c1943232012989c17a7a98413d4__s60000ms.wav,60000,20000,,tango
f19662960ca76c1943232012989c17a7a98413d4__80000ms,f19662960ca76c1943232012989c17a7a98413d4,Tango   The Little Drummer Bo,D:\projekty\Hudba\music-editor\src\data\segments\tango\f19662960ca76c1943232012989c17a7a98413d4__s80000ms.wav,80000,20000,,tango
f19662960ca76c1943232012989c17a7a98413d4__100000ms,f19662960ca76c1943232012989c17a7a98413d4,Tango   The Little Drummer Bo,D:\projekty\Hudba\music-editor\src\data\segments\tango\f19662960ca76c1943232012989c17a7a98413d4__s100000ms.wav,100000,20000,,tango
f19662960ca76c1943232012989c17a7a98413d4__120000ms,f19662960ca76c1943232012989c17a7a98413d4,Tango   The Little Drummer Bo,D:\projekty\Hudba\music-editor\src\data\segments\tango\f19662960ca76c1943232012989c17a7a98413d4__s120000ms.wav,120000,20000,,tango
f19662960ca76c1943232012989c17a7a98413d4__140000ms,f19662960ca76c1943232012989c17a7a98413d4,Tango   The Little Drummer Bo,D:\projekty\Hudba\music-editor\src\data\segments\tango\f19662960ca76c1943232012989c17a7a98413d4__s140000ms.wav,140000,20000,,tango
f19662960ca76c1943232012989c17a7a98413d4__160000ms,f19662960ca76c1943232012989c17a7a98413d4,Tango   The Little Drummer Bo,D:\projekty\Hudba\music-editor\src\data\segments\tango\f19662960ca76c1943232012989c17a7a98413d4__s160000ms.wav,160000,20000,,tango
f19662960ca76c1943232012989c17a7a98413d4__180000ms,f19662960ca76c1943232012989c17a7a98413d4,Tango   The Little Drummer Bo,D:\projekty\Hudba\music-editor\src\data\segments\tango\f19662960ca76c1943232012989c17a7a98413d4__s180000ms.wav,180000,9100,,tango
3b10e7f49545c6d457a18c347856a8892e3410e1__0ms,3b10e7f49545c6d457a18c347856a8892e3410e1,Tango   The Phantom Of The Opera,D:\projekty\Hudba\music-editor\src\data\segments\tango\3b10e7f49545c6d457a18c347856a8892e3410e1__s0ms.wav,0,20000,,tango
3b10e7f49545c6d457a18c347856a8892e3410e1__20000ms,3b10e7f49545c6d457a18c347856a8892e3410e1,Tango   The Phantom Of The Opera,D:\projekty\Hudba\music-editor\src\data\segments\tango\3b10e7f49545c6d457a18c347856a8892e3410e1__s20000ms.wav,20000,20000,,tango
3b10e7f49545c6d457a18c347856a8892e3410e1__40000ms,3b10e7f49545c6d457a18c347856a8892e3410e1,Tango   The Phantom Of The Opera,D:\projekty\Hudba\music-editor\src\data\segments\tango\3b10e7f49545c6d457a18c347856a8892e3410e1__s40000ms.wav,40000,20000,,tango
3b10e7f49545c6d457a18c347856a8892e3410e1__60000ms,3b10e7f49545c6d457a18c347856a8892e3410e1,Tango   The Phantom Of The Opera,D:\projekty\Hudba\music-editor\src\data\segments\tango\3b10e7f49545c6d457a18c347856a8892e3410e1__s60000ms.wav,60000,20000,,tango
3b10e7f49545c6d457a18c347856a8892e3410e1__80000ms,3b10e7f49545c6d457a18c347856a8892e3410e1,Tango   The Phantom Of The Opera,D:\projekty\Hudba\music-editor\src\data\segments\tango\3b10e7f49545c6d457a18c347856a8892e3410e1__s80000ms.wav,80000,20000,,tango
3b10e7f49545c6d457a18c347856a8892e3410e1__100000ms,3b10e7f49545c6d457a18c347856a8892e3410e1,Tango   The Phantom Of The Opera,D:\projekty\Hudba\music-editor\src\data\segments\tango\3b10e7f49545c6d457a18c347856a8892e3410e1__s100000ms.wav,100000,20000,,tango
3b10e7f49545c6d457a18c347856a8892e3410e1__120000ms,3b10e7f49545c6d457a18c347856a8892e3410e1,Tango   The Phantom Of The Opera,D:\projekty\Hudba\music-editor\src\data\segments\tango\3b10e7f49545c6d457a18c347856a8892e3410e1__s120000ms.wav,120000,20000,,tango
bd46efd04e3ccdda9550dd27a407d89e5171a664__0ms,bd46efd04e3ccdda9550dd27a407d89e5171a664,TANGO Bad Habits [Tango 32BPM,D:\projekty\Hudba\music-editor\src\data\segments\tango\bd46efd04e3ccdda9550dd27a407d89e5171a664__s0ms.wav,0,20000,,tango
bd46efd04e3ccdda9550dd27a407d89e5171a664__20000ms,bd46efd04e3ccdda9550dd27a407d89e5171a664,TANGO Bad Habits [Tango 32BPM,D:\projekty\Hudba\music-editor\src\data\segments\tango\bd46efd04e3ccdda9550dd27a407d89e5171a664__s20000ms.wav,20000,20000,,tango
bd46efd04e3ccdda9550dd27a407d89e5171a664__40000ms,bd46efd04e3ccdda9550dd27a407d89e5171a664,TANGO Bad Habits [Tango 32BPM,D:\projekty\Hudba\music-editor\src\data\segments\tango\bd46efd04e3ccdda9550dd27a407d89e5171a664__s40000ms.wav,40000,20000,,tango
bd46efd04e3ccdda9550dd27a407d89e5171a664__60000ms,bd46efd04e3ccdda9550dd27a407d89e5171a664,TANGO Bad Habits [Tango 32BPM,D:\projekty\Hudba\music-editor\src\data\segments\tango\bd46efd04e3ccdda9550dd27a407d89e5171a664__s60000ms.wav,60000,20000,,tango
bd46efd04e3ccdda9550dd27a407d89e5171a664__80000ms,bd46efd04e3ccdda9550dd27a407d89e5171a664,TANGO Bad Habits [Tango 32BPM,D:\projekty\Hudba\music-editor\src\data\segments\tango\bd46efd04e3ccdda9550dd27a407d89e5171a664__s80000ms.wav,80000,20000,,tango
bd46efd04e3ccdda9550dd27a407d89e5171a664__100000ms,bd46efd04e3ccdda9550dd27a407d89e5171a664,TANGO Bad Habits [Tango 32BPM,D:\projekty\Hudba\music-editor\src\data\segments\tango\bd46efd04e3ccdda9550dd27a407d89e5171a664__s100000ms.wav,100000,20000,,tango
bd46efd04e3ccdda9550dd27a407d89e5171a664__120000ms,bd46efd04e3ccdda9550dd27a407d89e5171a664,TANGO Bad Habits [Tango 32BPM,D:\projekty\Hudba\music-editor\src\data\segments\tango\bd46efd04e3ccdda9550dd27a407d89e5171a664__s120000ms.wav,120000,20000,,tango
bd46efd04e3ccdda9550dd27a407d89e5171a664__140000ms,bd46efd04e3ccdda9550dd27a407d89e5171a664,TANGO Bad Habits [Tango 32BPM,D:\projekty\Hudba\music-editor\src\data\segments\tango\bd46efd04e3ccdda9550dd27a407d89e5171a664__s140000ms.wav,140000,20000,,tango
bd46efd04e3ccdda9550dd27a407d89e5171a664__160000ms,bd46efd04e3ccdda9550dd27a407d89e5171a664,TANGO Bad Habits [Tango 32BPM,D:\projekty\Hudba\music-editor\src\data\segments\tango\bd46efd04e3ccdda9550dd27a407d89e5171a664__s160000ms.wav,160000,11389,,tango
896253e21c0f5bd82d2e0729e536cba68ca59beb__0ms,896253e21c0f5bd82d2e0729e536cba68ca59beb,TANGO Buenos Aires,D:\projekty\Hudba\music-editor\src\data\segments\tango\896253e21c0f5bd82d2e0729e536cba68ca59beb__s0ms.wav,0,20000,,tango
896253e21c0f5bd82d2e0729e536cba68ca59beb__20000ms,896253e21c0f5bd82d2e0729e536cba68ca59beb,TANGO Buenos Aires,D:\projekty\Hudba\music-editor\src\data\segments\tango\896253e21c0f5bd82d2e0729e536cba68ca59beb__s20000ms.wav,20000,20000,,tango
896253e21c0f5bd82d2e0729e536cba68ca59beb__40000ms,896253e21c0f5bd82d2e0729e536cba68ca59beb,TANGO Buenos Aires,D:\projekty\Hudba\music-editor\src\data\segments\tango\896253e21c0f5bd82d2e0729e536cba68ca59beb__s40000ms.wav,40000,20000,,tango
896253e21c0f5bd82d2e0729e536cba68ca59beb__60000ms,896253e21c0f5bd82d2e0729e536cba68ca59beb,TANGO Buenos Aires,D:\projekty\Hudba\music-editor\src\data\segments\tango\896253e21c0f5bd82d2e0729e536cba68ca59beb__s60000ms.wav,60000,20000,,tango
896253e21c0f5bd82d2e0729e536cba68ca59beb__80000ms,896253e21c0f5bd82d2e0729e536cba68ca59beb,TANGO Buenos Aires,D:\projekty\Hudba\music-editor\src\data\segments\tango\896253e21c0f5bd82d2e0729e536cba68ca59beb__s80000ms.wav,80000,20000,,tango
896253e21c0f5bd82d2e0729e536cba68ca59beb__100000ms,896253e21c0f5bd82d2e0729e536cba68ca59beb,TANGO Buenos Aires,D:\projekty\Hudba\music-editor\src\data\segments\tango\896253e21c0f5bd82d2e0729e536cba68ca59beb__s100000ms.wav,100000,20000,,tango
896253e21c0f5bd82d2e0729e536cba68ca59beb__120000ms,896253e21c0f5bd82d2e0729e536cba68ca59beb,TANGO Buenos Aires,D:\projekty\Hudba\music-editor\src\data\segments\tango\896253e21c0f5bd82d2e0729e536cba68ca59beb__s120000ms.wav,120000,16307,,tango
7da50adf71f5a4ec16992f8039cb2f1c7824ea90__0ms,7da50adf71f5a4ec16992f8039cb2f1c7824ea90,"TANGO Enrico Macias    Tango, L",D:\projekty\Hudba\music-editor\src\data\segments\tango\7da50adf71f5a4ec16992f8039cb2f1c7824ea90__s0ms.wav,0,20000,,tango
7da50adf71f5a4ec16992f8039cb2f1c7824ea90__20000ms,7da50adf71f5a4ec16992f8039cb2f1c7824ea90,"TANGO Enrico Macias    Tango, L",D:\projekty\Hudba\music-editor\src\data\segments\tango\7da50adf71f5a4ec16992f8039cb2f1c7824ea90__s20000ms.wav,20000,20000,,tango
7da50adf71f5a4ec16992f8039cb2f1c7824ea90__40000ms,7da50adf71f5a4ec16992f8039cb2f1c7824ea90,"TANGO Enrico Macias    Tango, L",D:\projekty\Hudba\music-editor\src\data\segments\tango\7da50adf71f5a4ec16992f8039cb2f1c7824ea90__s40000ms.wav,40000,20000,,tango
7da50adf71f5a4ec16992f8039cb2f1c7824ea90__60000ms,7da50adf71f5a4ec16992f8039cb2f1c7824ea90,"TANGO Enrico Macias    Tango, L",D:\projekty\Hudba\music-editor\src\data\segments\tango\7da50adf71f5a4ec16992f8039cb2f1c7824ea90__s60000ms.wav,60000,20000,,tango
7da50adf71f5a4ec16992f8039cb2f1c7824ea90__80000ms,7da50adf71f5a4ec16992f8039cb2f1c7824ea90,"TANGO Enrico Macias    Tango, L",D:\projekty\Hudba\music-editor\src\data\segments\tango\7da50adf71f5a4ec16992f8039cb2f1c7824ea90__s80000ms.wav,80000,20000,,tango
7da50adf71f5a4ec16992f8039cb2f1c7824ea90__100000ms,7da50adf71f5a4ec16992f8039cb2f1c7824ea90,"TANGO Enrico Macias    Tango, L",D:\projekty\Hudba\music-editor\src\data\segments\tango\7da50adf71f5a4ec16992f8039cb2f1c7824ea90__s100000ms.wav,100000,20000,,tango
7da50adf71f5a4ec16992f8039cb2f1c7824ea90__120000ms,7da50adf71f5a4ec16992f8039cb2f1c7824ea90,"TANGO Enrico Macias    Tango, L",D:\projekty\Hudba\music-editor\src\data\segments\tango\7da50adf71f5a4ec16992f8039cb2f1c7824ea90__s120000ms.wav,120000,20000,,tango
7da50adf71f5a4ec16992f8039cb2f1c7824ea90__140000ms,7da50adf71f5a4ec16992f8039cb2f1c7824ea90,"TANGO Enrico Macias    Tango, L",D:\projekty\Hudba\music-editor\src\data\segments\tango\7da50adf71f5a4ec16992f8039cb2f1c7824ea90__s140000ms.wav,140000,20000,,tango
7da50adf71f5a4ec16992f8039cb2f1c7824ea90__160000ms,7da50adf71f5a4ec16992f8039cb2f1c7824ea90,"TANGO Enrico Macias    Tango, L",D:\projekty\Hudba\music-editor\src\data\segments\tango\7da50adf71f5a4ec16992f8039cb2f1c7824ea90__s160000ms.wav,160000,16405,,tango
459247922a2c7a10db9cc9b9bbc86fdfa2eb69d4__0ms,459247922a2c7a10db9cc9b9bbc86fdfa2eb69d4,TANGO Happy Together [Tango 32BPM,D:\projekty\Hudba\music-editor\src\data\segments\tango\459247922a2c7a10db9cc9b9bbc86fdfa2eb69d4__s0ms.wav,0,20000,,tango
459247922a2c7a10db9cc9b9bbc86fdfa2eb69d4__20000ms,459247922a2c7a10db9cc9b9bbc86fdfa2eb69d4,TANGO Happy Together [Tango 32BPM,D:\projekty\Hudba\music-editor\src\data\segments\tango\459247922a2c7a10db9cc9b9bbc86fdfa2eb69d4__s20000ms.wav,20000,20000,,tango
459247922a2c7a10db9cc9b9bbc86fdfa2eb69d4__40000ms,459247922a2c7a10db9cc9b9bbc86fdfa2eb69d4,TANGO Happy Together [Tango 32BPM,D:\projekty\Hudba\music-editor\src\data\segments\tango\459247922a2c7a10db9cc9b9bbc86fdfa2eb69d4__s40000ms.wav,40000,20000,,tango
459247922a2c7a10db9cc9b9bbc86fdfa2eb69d4__60000ms,459247922a2c7a10db9cc9b9bbc86fdfa2eb69d4,TANGO Happy Together [Tango 32BPM,D:\projekty\Hudba\music-editor\src\data\segments\tango\459247922a2c7a10db9cc9b9bbc86fdfa2eb69d4__s60000ms.wav,60000,20000,,tango
459247922a2c7a10db9cc9b9bbc86fdfa2eb69d4__80000ms,459247922a2c7a10db9cc9b9bbc86fdfa2eb69d4,TANGO Happy Together [Tango 32BPM,D:\projekty\Hudba\music-editor\src\data\segments\tango\459247922a2c7a10db9cc9b9bbc86fdfa2eb69d4__s80000ms.wav,80000,20000,,tango
459247922a2c7a10db9cc9b9bbc86fdfa2eb69d4__100000ms,459247922a2c7a10db9cc9b9bbc86fdfa2eb69d4,TANGO Happy Together [Tango 32BPM,D:\projekty\Hudba\music-editor\src\data\segments\tango\459247922a2c7a10db9cc9b9bbc86fdfa2eb69d4__s100000ms.wav,100000,20000,,tango
459247922a2c7a10db9cc9b9bbc86fdfa2eb69d4__120000ms,459247922a2c7a10db9cc9b9bbc86fdfa2eb69d4,TANGO Happy Together [Tango 32BPM,D:\projekty\Hudba\music-editor\src\data\segments\tango\459247922a2c7a10db9cc9b9bbc86fdfa2eb69d4__s120000ms.wav,120000,20000,,tango
c4274c10bdffedf571e454f0744c52f647ecc7eb__0ms,c4274c10bdffedf571e454f0744c52f647ecc7eb,TANGO I Believe in Father Christmas [Tango  60 BPM] (feat Ross Mitchell,D:\projekty\Hudba\music-editor\src\data\segments\tango\c4274c10bdffedf571e454f0744c52f647ecc7eb__s0ms.wav,0,20000,,tango
c4274c10bdffedf571e454f0744c52f647ecc7eb__20000ms,c4274c10bdffedf571e454f0744c52f647ecc7eb,TANGO I Believe in Father Christmas [Tango  60 BPM] (feat Ross Mitchell,D:\projekty\Hudba\music-editor\src\data\segments\tango\c4274c10bdffedf571e454f0744c52f647ecc7eb__s20000ms.wav,20000,20000,,tango
c4274c10bdffedf571e454f0744c52f647ecc7eb__40000ms,c4274c10bdffedf571e454f0744c52f647ecc7eb,TANGO I Believe in Father Christmas [Tango  60 BPM] (feat Ross Mitchell,D:\projekty\Hudba\music-editor\src\data\segments\tango\c4274c10bdffedf571e454f0744c52f647ecc7eb__s40000ms.wav,40000,20000,,tango
c4274c10bdffedf571e454f0744c52f647ecc7eb__60000ms,c4274c10bdffedf571e454f0744c52f647ecc7eb,TANGO I Believe in Father Christmas [Tango  60 BPM] (feat Ross Mitchell,D:\projekty\Hudba\music-editor\src\data\segments\tango\c4274c10bdffedf571e454f0744c52f647ecc7eb__s60000ms.wav,60000,20000,,tango
c4274c10bdffedf571e454f0744c52f647ecc7eb__80000ms,c4274c10bdffedf571e454f0744c52f647ecc7eb,TANGO I Believe in Father Christmas [Tango  60 BPM] (feat Ross Mitchell,D:\projekty\Hudba\music-editor\src\data\segments\tango\c4274c10bdffedf571e454f0744c52f647ecc7eb__s80000ms.wav,80000,20000,,tango
c4274c10bdffedf571e454f0744c52f647ecc7eb__100000ms,c4274c10bdffedf571e454f0744c52f647ecc7eb,TANGO I Believe in Father Christmas [Tango  60 BPM] (feat Ross Mitchell,D:\projekty\Hudba\music-editor\src\data\segments\tango\c4274c10bdffedf571e454f0744c52f647ecc7eb__s100000ms.wav,100000,20000,,tango
c4274c10bdffedf571e454f0744c52f647ecc7eb__120000ms,c4274c10bdffedf571e454f0744c52f647ecc7eb,TANGO I Believe in Father Christmas [Tango  60 BPM] (feat Ross Mitchell,D:\projekty\Hudba\music-editor\src\data\segments\tango\c4274c10bdffedf571e454f0744c52f647ecc7eb__s120000ms.wav,120000,20000,,tango
c4274c10bdffedf571e454f0744c52f647ecc7eb__140000ms,c4274c10bdffedf571e454f0744c52f647ecc7eb,TANGO I Believe in Father Christmas [Tango  60 BPM] (feat Ross Mitchell,D:\projekty\Hudba\music-editor\src\data\segments\tango\c4274c10bdffedf571e454f0744c52f647ecc7eb__s140000ms.wav,140000,9891,,tango
c1cde7406d4b1163d93ebd1e3ac32951d0912c1e__0ms,c1cde7406d4b1163d93ebd1e3ac32951d0912c1e,TANGO Infinity [Tango 32BPM,D:\projekty\Hudba\music-editor\src\data\segments\tango\c1cde7406d4b1163d93ebd1e3ac32951d0912c1e__s0ms.wav,0,20000,,tango
c1cde7406d4b1163d93ebd1e3ac32951d0912c1e__20000ms,c1cde7406d4b1163d93ebd1e3ac32951d0912c1e,TANGO Infinity [Tango 32BPM,D:\projekty\Hudba\music-editor\src\data\segments\tango\c1cde7406d4b1163d93ebd1e3ac32951d0912c1e__s20000ms.wav,20000,20000,,tango
c1cde7406d4b1163d93ebd1e3ac32951d0912c1e__40000ms,c1cde7406d4b1163d93ebd1e3ac32951d0912c1e,TANGO Infinity [Tango 32BPM,D:\projekty\Hudba\music-editor\src\data\segments\tango\c1cde7406d4b1163d93ebd1e3ac32951d0912c1e__s40000ms.wav,40000,20000,,tango
c1cde7406d4b1163d93ebd1e3ac32951d0912c1e__60000ms,c1cde7406d4b1163d93ebd1e3ac32951d0912c1e,TANGO Infinity [Tango 32BPM,D:\projekty\Hudba\music-editor\src\data\segments\tango\c1cde7406d4b1163d93ebd1e3ac32951d0912c1e__s60000ms.wav,60000,20000,,tango
c1cde7406d4b1163d93ebd1e3ac32951d0912c1e__80000ms,c1cde7406d4b1163d93ebd1e3ac32951d0912c1e,TANGO Infinity [Tango 32BPM,D:\projekty\Hudba\music-editor\src\data\segments\tango\c1cde7406d4b1163d93ebd1e3ac32951d0912c1e__s80000ms.wav,80000,20000,,tango
c1cde7406d4b1163d93ebd1e3ac32951d0912c1e__100000ms,c1cde7406d4b1163d93ebd1e3ac32951d0912c1e,TANGO Infinity [Tango 32BPM,D:\projekty\Hudba\music-editor\src\data\segments\tango\c1cde7406d4b1163d93ebd1e3ac32951d0912c1e__s100000ms.wav,100000,20000,,tango
c1cde7406d4b1163d93ebd1e3ac32951d0912c1e__120000ms,c1cde7406d4b1163d93ebd1e3ac32951d0912c1e,TANGO Infinity [Tango 32BPM,D:\projekty\Hudba\music-editor\src\data\segments\tango\c1cde7406d4b1163d93ebd1e3ac32951d0912c1e__s120000ms.wav,120000,20000,,tango
c1cde7406d4b1163d93ebd1e3ac32951d0912c1e__140000ms,c1cde7406d4b1163d93ebd1e3ac32951d0912c1e,TANGO Infinity [Tango 32BPM,D:\projekty\Hudba\music-editor\src\data\segments\tango\c1cde7406d4b1163d93ebd1e3ac32951d0912c1e__s140000ms.wav,140000,15246,,tango
8b1ffd8a08a85b979361c4b07647c5acd1f1d322__0ms,8b1ffd8a08a85b979361c4b07647c5acd1f1d322,TANGO Its Mime Tango[1],D:\projekty\Hudba\music-editor\src\data\segments\tango\8b1ffd8a08a85b979361c4b07647c5acd1f1d322__s0ms.wav,0,20000,,tango
8b1ffd8a08a85b979361c4b07647c5acd1f1d322__20000ms,8b1ffd8a08a85b979361c4b07647c5acd1f1d322,TANGO Its Mime Tango[1],D:\projekty\Hudba\music-editor\src\data\segments\tango\8b1ffd8a08a85b979361c4b07647c5acd1f1d322__s20000ms.wav,20000,20000,,tango
8b1ffd8a08a85b979361c4b07647c5acd1f1d322__40000ms,8b1ffd8a08a85b979361c4b07647c5acd1f1d322,TANGO Its Mime Tango[1],D:\projekty\Hudba\music-editor\src\data\segments\tango\8b1ffd8a08a85b979361c4b07647c5acd1f1d322__s40000ms.wav,40000,20000,,tango
8b1ffd8a08a85b979361c4b07647c5acd1f1d322__60000ms,8b1ffd8a08a85b979361c4b07647c5acd1f1d322,TANGO Its Mime Tango[1],D:\projekty\Hudba\music-editor\src\data\segments\tango\8b1ffd8a08a85b979361c4b07647c5acd1f1d322__s60000ms.wav,60000,20000,,tango
8b1ffd8a08a85b979361c4b07647c5acd1f1d322__80000ms,8b1ffd8a08a85b979361c4b07647c5acd1f1d322,TANGO Its Mime Tango[1],D:\projekty\Hudba\music-editor\src\data\segments\tango\8b1ffd8a08a85b979361c4b07647c5acd1f1d322__s80000ms.wav,80000,20000,,tango
8b1ffd8a08a85b979361c4b07647c5acd1f1d322__100000ms,8b1ffd8a08a85b979361c4b07647c5acd1f1d322,TANGO Its Mime Tango[1],D:\projekty\Hudba\music-editor\src\data\segments\tango\8b1ffd8a08a85b979361c4b07647c5acd1f1d322__s100000ms.wav,100000,20000,,tango
8b1ffd8a08a85b979361c4b07647c5acd1f1d322__120000ms,8b1ffd8a08a85b979361c4b07647c5acd1f1d322,TANGO Its Mime Tango[1],D:\projekty\Hudba\music-editor\src\data\segments\tango\8b1ffd8a08a85b979361c4b07647c5acd1f1d322__s120000ms.wav,120000,20000,,tango
8b1ffd8a08a85b979361c4b07647c5acd1f1d322__140000ms,8b1ffd8a08a85b979361c4b07647c5acd1f1d322,TANGO Its Mime Tango[1],D:\projekty\Hudba\music-editor\src\data\segments\tango\8b1ffd8a08a85b979361c4b07647c5acd1f1d322__s140000ms.wav,140000,20000,,tango
8b1ffd8a08a85b979361c4b07647c5acd1f1d322__160000ms,8b1ffd8a08a85b979361c4b07647c5acd1f1d322,TANGO Its Mime Tango[1],D:\projekty\Hudba\music-editor\src\data\segments\tango\8b1ffd8a08a85b979361c4b07647c5acd1f1d322__s160000ms.wav,160000,20000,,tango
8b1ffd8a08a85b979361c4b07647c5acd1f1d322__180000ms,8b1ffd8a08a85b979361c4b07647c5acd1f1d322,TANGO Its Mime Tango[1],D:\projekty\Hudba\music-editor\src\data\segments\tango\8b1ffd8a08a85b979361c4b07647c5acd1f1d322__s180000ms.wav,180000,20000,,tango
c2db2172f0aec4e1ef16585c26cc2c15882c6a4e__0ms,c2db2172f0aec4e1ef16585c26cc2c15882c6a4e,TANGO Life (Tango 32BPM,D:\projekty\Hudba\music-editor\src\data\segments\tango\c2db2172f0aec4e1ef16585c26cc2c15882c6a4e__s0ms.wav,0,20000,,tango
c2db2172f0aec4e1ef16585c26cc2c15882c6a4e__20000ms,c2db2172f0aec4e1ef16585c26cc2c15882c6a4e,TANGO Life (Tango 32BPM,D:\projekty\Hudba\music-editor\src\data\segments\tango\c2db2172f0aec4e1ef16585c26cc2c15882c6a4e__s20000ms.wav,20000,20000,,tango
c2db2172f0aec4e1ef16585c26cc2c15882c6a4e__40000ms,c2db2172f0aec4e1ef16585c26cc2c15882c6a4e,TANGO Life (Tango 32BPM,D:\projekty\Hudba\music-editor\src\data\segments\tango\c2db2172f0aec4e1ef16585c26cc2c15882c6a4e__s40000ms.wav,40000,20000,,tango
c2db2172f0aec4e1ef16585c26cc2c15882c6a4e__60000ms,c2db2172f0aec4e1ef16585c26cc2c15882c6a4e,TANGO Life (Tango 32BPM,D:\projekty\Hudba\music-editor\src\data\segments\tango\c2db2172f0aec4e1ef16585c26cc2c15882c6a4e__s60000ms.wav,60000,20000,,tango
c2db2172f0aec4e1ef16585c26cc2c15882c6a4e__80000ms,c2db2172f0aec4e1ef16585c26cc2c15882c6a4e,TANGO Life (Tango 32BPM,D:\projekty\Hudba\music-editor\src\data\segments\tango\c2db2172f0aec4e1ef16585c26cc2c15882c6a4e__s80000ms.wav,80000,20000,,tango
c2db2172f0aec4e1ef16585c26cc2c15882c6a4e__100000ms,c2db2172f0aec4e1ef16585c26cc2c15882c6a4e,TANGO Life (Tango 32BPM,D:\projekty\Hudba\music-editor\src\data\segments\tango\c2db2172f0aec4e1ef16585c26cc2c15882c6a4e__s100000ms.wav,100000,20000,,tango
c2db2172f0aec4e1ef16585c26cc2c15882c6a4e__120000ms,c2db2172f0aec4e1ef16585c26cc2c15882c6a4e,TANGO Life (Tango 32BPM,D:\projekty\Hudba\music-editor\src\data\segments\tango\c2db2172f0aec4e1ef16585c26cc2c15882c6a4e__s120000ms.wav,120000,20000,,tango
c2db2172f0aec4e1ef16585c26cc2c15882c6a4e__140000ms,c2db2172f0aec4e1ef16585c26cc2c15882c6a4e,TANGO Life (Tango 32BPM,D:\projekty\Hudba\music-editor\src\data\segments\tango\c2db2172f0aec4e1ef16585c26cc2c15882c6a4e__s140000ms.wav,140000,16656,,tango
bc8255d8bec764b34162dab27b67673ab83ac4b0__0ms,bc8255d8bec764b34162dab27b67673ab83ac4b0,TANGO Little Drummer Boy (Tango,D:\projekty\Hudba\music-editor\src\data\segments\tango\bc8255d8bec764b34162dab27b67673ab83ac4b0__s0ms.wav,0,20000,,tango
bc8255d8bec764b34162dab27b67673ab83ac4b0__20000ms,bc8255d8bec764b34162dab27b67673ab83ac4b0,TANGO Little Drummer Boy (Tango,D:\projekty\Hudba\music-editor\src\data\segments\tango\bc8255d8bec764b34162dab27b67673ab83ac4b0__s20000ms.wav,20000,20000,,tango
bc8255d8bec764b34162dab27b67673ab83ac4b0__40000ms,bc8255d8bec764b34162dab27b67673ab83ac4b0,TANGO Little Drummer Boy (Tango,D:\projekty\Hudba\music-editor\src\data\segments\tango\bc8255d8bec764b34162dab27b67673ab83ac4b0__s40000ms.wav,40000,20000,,tango
bc8255d8bec764b34162dab27b67673ab83ac4b0__60000ms,bc8255d8bec764b34162dab27b67673ab83ac4b0,TANGO Little Drummer Boy (Tango,D:\projekty\Hudba\music-editor\src\data\segments\tango\bc8255d8bec764b34162dab27b67673ab83ac4b0__s60000ms.wav,60000,20000,,tango
bc8255d8bec764b34162dab27b67673ab83ac4b0__80000ms,bc8255d8bec764b34162dab27b67673ab83ac4b0,TANGO Little Drummer Boy (Tango,D:\projekty\Hudba\music-editor\src\data\segments\tango\bc8255d8bec764b34162dab27b67673ab83ac4b0__s80000ms.wav,80000,20000,,tango
bc8255d8bec764b34162dab27b67673ab83ac4b0__100000ms,bc8255d8bec764b34162dab27b67673ab83ac4b0,TANGO Little Drummer Boy (Tango,D:\projekty\Hudba\music-editor\src\data\segments\tango\bc8255d8bec764b34162dab27b67673ab83ac4b0__s100000ms.wav,100000,20000,,tango
bc8255d8bec764b34162dab27b67673ab83ac4b0__120000ms,bc8255d8bec764b34162dab27b67673ab83ac4b0,TANGO Little Drummer Boy (Tango,D:\projekty\Hudba\music-editor\src\data\segments\tango\bc8255d8bec764b34162dab27b67673ab83ac4b0__s120000ms.wav,120000,20000,,tango
bc8255d8bec764b34162dab27b67673ab83ac4b0__140000ms,bc8255d8bec764b34162dab27b67673ab83ac4b0,TANGO Little Drummer Boy (Tango,D:\projekty\Hudba\music-editor\src\data\segments\tango\bc8255d8bec764b34162dab27b67673ab83ac4b0__s140000ms.wav,140000,18354,,tango
8d094a2a97a5225facde330d82124921de955fd9__0ms,8d094a2a97a5225facde330d82124921de955fd9,TANGO music   Smooth Operato,D:\projekty\Hudba\music-editor\src\data\segments\tango\8d094a2a97a5225facde330d82124921de955fd9__s0ms.wav,0,20000,,tango
8d094a2a97a5225facde330d82124921de955fd9__20000ms,8d094a2a97a5225facde330d82124921de955fd9,TANGO music   Smooth Operato,D:\projekty\Hudba\music-editor\src\data\segments\tango\8d094a2a97a5225facde330d82124921de955fd9__s20000ms.wav,20000,20000,,tango
8d094a2a97a5225facde330d82124921de955fd9__40000ms,8d094a2a97a5225facde330d82124921de955fd9,TANGO music   Smooth Operato,D:\projekty\Hudba\music-editor\src\data\segments\tango\8d094a2a97a5225facde330d82124921de955fd9__s40000ms.wav,40000,20000,,tango
8d094a2a97a5225facde330d82124921de955fd9__60000ms,8d094a2a97a5225facde330d82124921de955fd9,TANGO music   Smooth Operato,D:\projekty\Hudba\music-editor\src\data\segments\tango\8d094a2a97a5225facde330d82124921de955fd9__s60000ms.wav,60000,20000,,tango
8d094a2a97a5225facde330d82124921de955fd9__80000ms,8d094a2a97a5225facde330d82124921de955fd9,TANGO music   Smooth Operato,D:\projekty\Hudba\music-editor\src\data\segments\tango\8d094a2a97a5225facde330d82124921de955fd9__s80000ms.wav,80000,20000,,tango
8d094a2a97a5225facde330d82124921de955fd9__100000ms,8d094a2a97a5225facde330d82124921de955fd9,TANGO music   Smooth Operato,D:\projekty\Hudba\music-editor\src\data\segments\tango\8d094a2a97a5225facde330d82124921de955fd9__s100000ms.wav,100000,20000,,tango
8d094a2a97a5225facde330d82124921de955fd9__120000ms,8d094a2a97a5225facde330d82124921de955fd9,TANGO music   Smooth Operato,D:\projekty\Hudba\music-editor\src\data\segments\tango\8d094a2a97a5225facde330d82124921de955fd9__s120000ms.wav,120000,20000,,tango
8d094a2a97a5225facde330d82124921de955fd9__140000ms,8d094a2a97a5225facde330d82124921de955fd9,TANGO music   Smooth Operato,D:\projekty\Hudba\music-editor\src\data\segments\tango\8d094a2a97a5225facde330d82124921de955fd9__s140000ms.wav,140000,20000,,tango
8d094a2a97a5225facde330d82124921de955fd9__160000ms,8d094a2a97a5225facde330d82124921de955fd9,TANGO music   Smooth Operato,D:\projekty\Hudba\music-editor\src\data\segments\tango\8d094a2a97a5225facde330d82124921de955fd9__s160000ms.wav,160000,20000,,tango
8d094a2a97a5225facde330d82124921de955fd9__180000ms,8d094a2a97a5225facde330d82124921de955fd9,TANGO music   Smooth Operato,D:\projekty\Hudba\music-editor\src\data\segments\tango\8d094a2a97a5225facde330d82124921de955fd9__s180000ms.wav,180000,20000,,tango
8d094a2a97a5225facde330d82124921de955fd9__200000ms,8d094a2a97a5225facde330d82124921de955fd9,TANGO music   Smooth Operato,D:\projekty\Hudba\music-editor\src\data\segments\tango\8d094a2a97a5225facde330d82124921de955fd9__s200000ms.wav,200000,14962,,tango
605d0646b6787907835bb44c3bbbbfe50669c5da__0ms,605d0646b6787907835bb44c3bbbbfe50669c5da,Tango music Amber Couple – Tango,D:\projekty\Hudba\music-editor\src\data\segments\tango\605d0646b6787907835bb44c3bbbbfe50669c5da__s0ms.wav,0,20000,,tango
605d0646b6787907835bb44c3bbbbfe50669c5da__20000ms,605d0646b6787907835bb44c3bbbbfe50669c5da,Tango music Amber Couple – Tango,D:\projekty\Hudba\music-editor\src\data\segments\tango\605d0646b6787907835bb44c3bbbbfe50669c5da__s20000ms.wav,20000,20000,,tango
605d0646b6787907835bb44c3bbbbfe50669c5da__40000ms,605d0646b6787907835bb44c3bbbbfe50669c5da,Tango music Amber Couple – Tango,D:\projekty\Hudba\music-editor\src\data\segments\tango\605d0646b6787907835bb44c3bbbbfe50669c5da__s40000ms.wav,40000,20000,,tango
605d0646b6787907835bb44c3bbbbfe50669c5da__60000ms,605d0646b6787907835bb44c3bbbbfe50669c5da,Tango music Amber Couple – Tango,D:\projekty\Hudba\music-editor\src\data\segments\tango\605d0646b6787907835bb44c3bbbbfe50669c5da__s60000ms.wav,60000,20000,,tango
605d0646b6787907835bb44c3bbbbfe50669c5da__80000ms,605d0646b6787907835bb44c3bbbbfe50669c5da,Tango music Amber Couple – Tango,D:\projekty\Hudba\music-editor\src\data\segments\tango\605d0646b6787907835bb44c3bbbbfe50669c5da__s80000ms.wav,80000,20000,,tango
605d0646b6787907835bb44c3bbbbfe50669c5da__100000ms,605d0646b6787907835bb44c3bbbbfe50669c5da,Tango music Amber Couple – Tango,D:\projekty\Hudba\music-editor\src\data\segments\tango\605d0646b6787907835bb44c3bbbbfe50669c5da__s100000ms.wav,100000,20000,,tango
605d0646b6787907835bb44c3bbbbfe50669c5da__120000ms,605d0646b6787907835bb44c3bbbbfe50669c5da,Tango music Amber Couple – Tango,D:\projekty\Hudba\music-editor\src\data\segments\tango\605d0646b6787907835bb44c3bbbbfe50669c5da__s120000ms.wav,120000,20000,,tango
605d0646b6787907835bb44c3bbbbfe50669c5da__140000ms,605d0646b6787907835bb44c3bbbbfe50669c5da,Tango music Amber Couple – Tango,D:\projekty\Hudba\music-editor\src\data\segments\tango\605d0646b6787907835bb44c3bbbbfe50669c5da__s140000ms.wav,140000,20000,,tango
605d0646b6787907835bb44c3bbbbfe50669c5da__160000ms,605d0646b6787907835bb44c3bbbbfe50669c5da,Tango music Amber Couple – Tango,D:\projekty\Hudba\music-editor\src\data\segments\tango\605d0646b6787907835bb44c3bbbbfe50669c5da__s160000ms.wav,160000,20000,,tango
617d9d7d0f924da6643a0740956cd77f5b2e3d0d__0ms,617d9d7d0f924da6643a0740956cd77f5b2e3d0d,Tango music Besame Mucho,D:\projekty\Hudba\music-editor\src\data\segments\tango\617d9d7d0f924da6643a0740956cd77f5b2e3d0d__s0ms.wav,0,20000,,tango
617d9d7d0f924da6643a0740956cd77f5b2e3d0d__20000ms,617d9d7d0f924da6643a0740956cd77f5b2e3d0d,Tango music Besame Mucho,D:\projekty\Hudba\music-editor\src\data\segments\tango\617d9d7d0f924da6643a0740956cd77f5b2e3d0d__s20000ms.wav,20000,20000,,tango
617d9d7d0f924da6643a0740956cd77f5b2e3d0d__40000ms,617d9d7d0f924da6643a0740956cd77f5b2e3d0d,Tango music Besame Mucho,D:\projekty\Hudba\music-editor\src\data\segments\tango\617d9d7d0f924da6643a0740956cd77f5b2e3d0d__s40000ms.wav,40000,20000,,tango
617d9d7d0f924da6643a0740956cd77f5b2e3d0d__60000ms,617d9d7d0f924da6643a0740956cd77f5b2e3d0d,Tango music Besame Mucho,D:\projekty\Hudba\music-editor\src\data\segments\tango\617d9d7d0f924da6643a0740956cd77f5b2e3d0d__s60000ms.wav,60000,20000,,tango
617d9d7d0f924da6643a0740956cd77f5b2e3d0d__80000ms,617d9d7d0f924da6643a0740956cd77f5b2e3d0d,Tango music Besame Mucho,D:\projekty\Hudba\music-editor\src\data\segments\tango\617d9d7d0f924da6643a0740956cd77f5b2e3d0d__s80000ms.wav,80000,20000,,tango
617d9d7d0f924da6643a0740956cd77f5b2e3d0d__100000ms,617d9d7d0f924da6643a0740956cd77f5b2e3d0d,Tango music Besame Mucho,D:\projekty\Hudba\music-editor\src\data\segments\tango\617d9d7d0f924da6643a0740956cd77f5b2e3d0d__s100000ms.wav,100000,20000,,tango
617d9d7d0f924da6643a0740956cd77f5b2e3d0d__120000ms,617d9d7d0f924da6643a0740956cd77f5b2e3d0d,Tango music Besame Mucho,D:\projekty\Hudba\music-editor\src\data\segments\tango\617d9d7d0f924da6643a0740956cd77f5b2e3d0d__s120000ms.wav,120000,20000,,tango
617d9d7d0f924da6643a0740956cd77f5b2e3d0d__140000ms,617d9d7d0f924da6643a0740956cd77f5b2e3d0d,Tango music Besame Mucho,D:\projekty\Hudba\music-editor\src\data\segments\tango\617d9d7d0f924da6643a0740956cd77f5b2e3d0d__s140000ms.wav,140000,20000,,tango
9ca0fad50c3a0470d19866cce4b9492ffd30a088__0ms,9ca0fad50c3a0470d19866cce4b9492ffd30a088,Tango music Besame Mucho upraveno kratší,D:\projekty\Hudba\music-editor\src\data\segments\tango\9ca0fad50c3a0470d19866cce4b9492ffd30a088__s0ms.wav,0,20000,,tango
9ca0fad50c3a0470d19866cce4b9492ffd30a088__20000ms,9ca0fad50c3a0470d19866cce4b9492ffd30a088,Tango music Besame Mucho upraveno kratší,D:\projekty\Hudba\music-editor\src\data\segments\tango\9ca0fad50c3a0470d19866cce4b9492ffd30a088__s20000ms.wav,20000,20000,,tango
9ca0fad50c3a0470d19866cce4b9492ffd30a088__40000ms,9ca0fad50c3a0470d19866cce4b9492ffd30a088,Tango music Besame Mucho upraveno kratší,D:\projekty\Hudba\music-editor\src\data\segments\tango\9ca0fad50c3a0470d19866cce4b9492ffd30a088__s40000ms.wav,40000,20000,,tango
9ca0fad50c3a0470d19866cce4b9492ffd30a088__60000ms,9ca0fad50c3a0470d19866cce4b9492ffd30a088,Tango music Besame Mucho upraveno kratší,D:\projekty\Hudba\music-editor\src\data\segments\tango\9ca0fad50c3a0470d19866cce4b9492ffd30a088__s60000ms.wav,60000,20000,,tango
9ca0fad50c3a0470d19866cce4b9492ffd30a088__80000ms,9ca0fad50c3a0470d19866cce4b9492ffd30a088,Tango music Besame Mucho upraveno kratší,D:\projekty\Hudba\music-editor\src\data\segments\tango\9ca0fad50c3a0470d19866cce4b9492ffd30a088__s80000ms.wav,80000,20000,,tango
9ca0fad50c3a0470d19866cce4b9492ffd30a088__100000ms,9ca0fad50c3a0470d19866cce4b9492ffd30a088,Tango music Besame Mucho upraveno kratší,D:\projekty\Hudba\music-editor\src\data\segments\tango\9ca0fad50c3a0470d19866cce4b9492ffd30a088__s100000ms.wav,100000,20000,,tango
9ca0fad50c3a0470d19866cce4b9492ffd30a088__120000ms,9ca0fad50c3a0470d19866cce4b9492ffd30a088,Tango music Besame Mucho upraveno kratší,D:\projekty\Hudba\music-editor\src\data\segments\tango\9ca0fad50c3a0470d19866cce4b9492ffd30a088__s120000ms.wav,120000,20000,,tango
9ca0fad50c3a0470d19866cce4b9492ffd30a088__140000ms,9ca0fad50c3a0470d19866cce4b9492ffd30a088,Tango music Besame Mucho upraveno kratší,D:\projekty\Hudba\music-editor\src\data\segments\tango\9ca0fad50c3a0470d19866cce4b9492ffd30a088__s140000ms.wav,140000,19634,,tango
f208fa734495980a441a92afb7d287035eacea41__0ms,f208fa734495980a441a92afb7d287035eacea41,Tango music Eros Ramazotti – Terra Promessa,D:\projekty\Hudba\music-editor\src\data\segments\tango\f208fa734495980a441a92afb7d287035eacea41__s0ms.wav,0,20000,,tango
f208fa734495980a441a92afb7d287035eacea41__20000ms,f208fa734495980a441a92afb7d287035eacea41,Tango music Eros Ramazotti – Terra Promessa,D:\projekty\Hudba\music-editor\src\data\segments\tango\f208fa734495980a441a92afb7d287035eacea41__s20000ms.wav,20000,20000,,tango
f208fa734495980a441a92afb7d287035eacea41__40000ms,f208fa734495980a441a92afb7d287035eacea41,Tango music Eros Ramazotti – Terra Promessa,D:\projekty\Hudba\music-editor\src\data\segments\tango\f208fa734495980a441a92afb7d287035eacea41__s40000ms.wav,40000,20000,,tango
f208fa734495980a441a92afb7d287035eacea41__60000ms,f208fa734495980a441a92afb7d287035eacea41,Tango music Eros Ramazotti – Terra Promessa,D:\projekty\Hudba\music-editor\src\data\segments\tango\f208fa734495980a441a92afb7d287035eacea41__s60000ms.wav,60000,20000,,tango
f208fa734495980a441a92afb7d287035eacea41__80000ms,f208fa734495980a441a92afb7d287035eacea41,Tango music Eros Ramazotti – Terra Promessa,D:\projekty\Hudba\music-editor\src\data\segments\tango\f208fa734495980a441a92afb7d287035eacea41__s80000ms.wav,80000,20000,,tango
f208fa734495980a441a92afb7d287035eacea41__100000ms,f208fa734495980a441a92afb7d287035eacea41,Tango music Eros Ramazotti – Terra Promessa,D:\projekty\Hudba\music-editor\src\data\segments\tango\f208fa734495980a441a92afb7d287035eacea41__s100000ms.wav,100000,20000,,tango
f208fa734495980a441a92afb7d287035eacea41__120000ms,f208fa734495980a441a92afb7d287035eacea41,Tango music Eros Ramazotti – Terra Promessa,D:\projekty\Hudba\music-editor\src\data\segments\tango\f208fa734495980a441a92afb7d287035eacea41__s120000ms.wav,120000,20000,,tango
f208fa734495980a441a92afb7d287035eacea41__140000ms,f208fa734495980a441a92afb7d287035eacea41,Tango music Eros Ramazotti – Terra Promessa,D:\projekty\Hudba\music-editor\src\data\segments\tango\f208fa734495980a441a92afb7d287035eacea41__s140000ms.wav,140000,20000,,tango
f208fa734495980a441a92afb7d287035eacea41__160000ms,f208fa734495980a441a92afb7d287035eacea41,Tango music Eros Ramazotti – Terra Promessa,D:\projekty\Hudba\music-editor\src\data\segments\tango\f208fa734495980a441a92afb7d287035eacea41__s160000ms.wav,160000,15386,,tango
56493e9c1dff05436ec1427ecc5c6842a148c067__0ms,56493e9c1dff05436ec1427ecc5c6842a148c067,Tango music Mark Kilian – Twilight Tango,D:\projekty\Hudba\music-editor\src\data\segments\tango\56493e9c1dff05436ec1427ecc5c6842a148c067__s0ms.wav,0,20000,,tango
56493e9c1dff05436ec1427ecc5c6842a148c067__20000ms,56493e9c1dff05436ec1427ecc5c6842a148c067,Tango music Mark Kilian – Twilight Tango,D:\projekty\Hudba\music-editor\src\data\segments\tango\56493e9c1dff05436ec1427ecc5c6842a148c067__s20000ms.wav,20000,20000,,tango
56493e9c1dff05436ec1427ecc5c6842a148c067__40000ms,56493e9c1dff05436ec1427ecc5c6842a148c067,Tango music Mark Kilian – Twilight Tango,D:\projekty\Hudba\music-editor\src\data\segments\tango\56493e9c1dff05436ec1427ecc5c6842a148c067__s40000ms.wav,40000,20000,,tango
56493e9c1dff05436ec1427ecc5c6842a148c067__60000ms,56493e9c1dff05436ec1427ecc5c6842a148c067,Tango music Mark Kilian – Twilight Tango,D:\projekty\Hudba\music-editor\src\data\segments\tango\56493e9c1dff05436ec1427ecc5c6842a148c067__s60000ms.wav,60000,20000,,tango
56493e9c1dff05436ec1427ecc5c6842a148c067__80000ms,56493e9c1dff05436ec1427ecc5c6842a148c067,Tango music Mark Kilian – Twilight Tango,D:\projekty\Hudba\music-editor\src\data\segments\tango\56493e9c1dff05436ec1427ecc5c6842a148c067__s80000ms.wav,80000,20000,,tango
56493e9c1dff05436ec1427ecc5c6842a148c067__100000ms,56493e9c1dff05436ec1427ecc5c6842a148c067,Tango music Mark Kilian – Twilight Tango,D:\projekty\Hudba\music-editor\src\data\segments\tango\56493e9c1dff05436ec1427ecc5c6842a148c067__s100000ms.wav,100000,20000,,tango
56493e9c1dff05436ec1427ecc5c6842a148c067__120000ms,56493e9c1dff05436ec1427ecc5c6842a148c067,Tango music Mark Kilian – Twilight Tango,D:\projekty\Hudba\music-editor\src\data\segments\tango\56493e9c1dff05436ec1427ecc5c6842a148c067__s120000ms.wav,120000,20000,,tango
56493e9c1dff05436ec1427ecc5c6842a148c067__140000ms,56493e9c1dff05436ec1427ecc5c6842a148c067,Tango music Mark Kilian – Twilight Tango,D:\projekty\Hudba\music-editor\src\data\segments\tango\56493e9c1dff05436ec1427ecc5c6842a148c067__s140000ms.wav,140000,20000,,tango
56493e9c1dff05436ec1427ecc5c6842a148c067__160000ms,56493e9c1dff05436ec1427ecc5c6842a148c067,Tango music Mark Kilian – Twilight Tango,D:\projekty\Hudba\music-editor\src\data\segments\tango\56493e9c1dff05436ec1427ecc5c6842a148c067__s160000ms.wav,160000,13923,,tango
191a47c5653b1a5382effd5e0d9581624dde84fa__0ms,191a47c5653b1a5382effd5e0d9581624dde84fa,Tango music Prandi Sound Tango Ensemble – El Vaquero,D:\projekty\Hudba\music-editor\src\data\segments\tango\191a47c5653b1a5382effd5e0d9581624dde84fa__s0ms.wav,0,20000,,tango
191a47c5653b1a5382effd5e0d9581624dde84fa__20000ms,191a47c5653b1a5382effd5e0d9581624dde84fa,Tango music Prandi Sound Tango Ensemble – El Vaquero,D:\projekty\Hudba\music-editor\src\data\segments\tango\191a47c5653b1a5382effd5e0d9581624dde84fa__s20000ms.wav,20000,20000,,tango
191a47c5653b1a5382effd5e0d9581624dde84fa__40000ms,191a47c5653b1a5382effd5e0d9581624dde84fa,Tango music Prandi Sound Tango Ensemble – El Vaquero,D:\projekty\Hudba\music-editor\src\data\segments\tango\191a47c5653b1a5382effd5e0d9581624dde84fa__s40000ms.wav,40000,20000,,tango
191a47c5653b1a5382effd5e0d9581624dde84fa__60000ms,191a47c5653b1a5382effd5e0d9581624dde84fa,Tango music Prandi Sound Tango Ensemble – El Vaquero,D:\projekty\Hudba\music-editor\src\data\segments\tango\191a47c5653b1a5382effd5e0d9581624dde84fa__s60000ms.wav,60000,20000,,tango
191a47c5653b1a5382effd5e0d9581624dde84fa__80000ms,191a47c5653b1a5382effd5e0d9581624dde84fa,Tango music Prandi Sound Tango Ensemble – El Vaquero,D:\projekty\Hudba\music-editor\src\data\segments\tango\191a47c5653b1a5382effd5e0d9581624dde84fa__s80000ms.wav,80000,20000,,tango
877f7e696132ff52a73d4b9873fb66110546a7c9__0ms,877f7e696132ff52a73d4b9873fb66110546a7c9,Tango music Santa Fe – Que Baja Que Sube,D:\projekty\Hudba\music-editor\src\data\segments\tango\877f7e696132ff52a73d4b9873fb66110546a7c9__s0ms.wav,0,20000,,tango
877f7e696132ff52a73d4b9873fb66110546a7c9__20000ms,877f7e696132ff52a73d4b9873fb66110546a7c9,Tango music Santa Fe – Que Baja Que Sube,D:\projekty\Hudba\music-editor\src\data\segments\tango\877f7e696132ff52a73d4b9873fb66110546a7c9__s20000ms.wav,20000,20000,,tango
877f7e696132ff52a73d4b9873fb66110546a7c9__40000ms,877f7e696132ff52a73d4b9873fb66110546a7c9,Tango music Santa Fe – Que Baja Que Sube,D:\projekty\Hudba\music-editor\src\data\segments\tango\877f7e696132ff52a73d4b9873fb66110546a7c9__s40000ms.wav,40000,20000,,tango
877f7e696132ff52a73d4b9873fb66110546a7c9__60000ms,877f7e696132ff52a73d4b9873fb66110546a7c9,Tango music Santa Fe – Que Baja Que Sube,D:\projekty\Hudba\music-editor\src\data\segments\tango\877f7e696132ff52a73d4b9873fb66110546a7c9__s60000ms.wav,60000,20000,,tango
877f7e696132ff52a73d4b9873fb66110546a7c9__80000ms,877f7e696132ff52a73d4b9873fb66110546a7c9,Tango music Santa Fe – Que Baja Que Sube,D:\projekty\Hudba\music-editor\src\data\segments\tango\877f7e696132ff52a73d4b9873fb66110546a7c9__s80000ms.wav,80000,20000,,tango
877f7e696132ff52a73d4b9873fb66110546a7c9__100000ms,877f7e696132ff52a73d4b9873fb66110546a7c9,Tango music Santa Fe – Que Baja Que Sube,D:\projekty\Hudba\music-editor\src\data\segments\tango\877f7e696132ff52a73d4b9873fb66110546a7c9__s100000ms.wav,100000,20000,,tango
877f7e696132ff52a73d4b9873fb66110546a7c9__120000ms,877f7e696132ff52a73d4b9873fb66110546a7c9,Tango music Santa Fe – Que Baja Que Sube,D:\projekty\Hudba\music-editor\src\data\segments\tango\877f7e696132ff52a73d4b9873fb66110546a7c9__s120000ms.wav,120000,20000,,tango
877f7e696132ff52a73d4b9873fb66110546a7c9__140000ms,877f7e696132ff52a73d4b9873fb66110546a7c9,Tango music Santa Fe – Que Baja Que Sube,D:\projekty\Hudba\music-editor\src\data\segments\tango\877f7e696132ff52a73d4b9873fb66110546a7c9__s140000ms.wav,140000,20000,,tango
877f7e696132ff52a73d4b9873fb66110546a7c9__160000ms,877f7e696132ff52a73d4b9873fb66110546a7c9,Tango music Santa Fe – Que Baja Que Sube,D:\projekty\Hudba\music-editor\src\data\segments\tango\877f7e696132ff52a73d4b9873fb66110546a7c9__s160000ms.wav,160000,20000,,tango
877f7e696132ff52a73d4b9873fb66110546a7c9__180000ms,877f7e696132ff52a73d4b9873fb66110546a7c9,Tango music Santa Fe – Que Baja Que Sube,D:\projekty\Hudba\music-editor\src\data\segments\tango\877f7e696132ff52a73d4b9873fb66110546a7c9__s180000ms.wav,180000,20000,,tango
877f7e696132ff52a73d4b9873fb66110546a7c9__200000ms,877f7e696132ff52a73d4b9873fb66110546a7c9,Tango music Santa Fe – Que Baja Que Sube,D:\projekty\Hudba\music-editor\src\data\segments\tango\877f7e696132ff52a73d4b9873fb66110546a7c9__s200000ms.wav,200000,13838,,tango
0ea249f0d513585f49e32d56ab7e99783130ce83__0ms,0ea249f0d513585f49e32d56ab7e99783130ce83,TANGO Perfidia (Tango  33 BPM,D:\projekty\Hudba\music-editor\src\data\segments\tango\0ea249f0d513585f49e32d56ab7e99783130ce83__s0ms.wav,0,20000,,tango
0ea249f0d513585f49e32d56ab7e99783130ce83__20000ms,0ea249f0d513585f49e32d56ab7e99783130ce83,TANGO Perfidia (Tango  33 BPM,D:\projekty\Hudba\music-editor\src\data\segments\tango\0ea249f0d513585f49e32d56ab7e99783130ce83__s20000ms.wav,20000,20000,,tango
0ea249f0d513585f49e32d56ab7e99783130ce83__40000ms,0ea249f0d513585f49e32d56ab7e99783130ce83,TANGO Perfidia (Tango  33 BPM,D:\projekty\Hudba\music-editor\src\data\segments\tango\0ea249f0d513585f49e32d56ab7e99783130ce83__s40000ms.wav,40000,20000,,tango
0ea249f0d513585f49e32d56ab7e99783130ce83__60000ms,0ea249f0d513585f49e32d56ab7e99783130ce83,TANGO Perfidia (Tango  33 BPM,D:\projekty\Hudba\music-editor\src\data\segments\tango\0ea249f0d513585f49e32d56ab7e99783130ce83__s60000ms.wav,60000,20000,,tango
0ea249f0d513585f49e32d56ab7e99783130ce83__80000ms,0ea249f0d513585f49e32d56ab7e99783130ce83,TANGO Perfidia (Tango  33 BPM,D:\projekty\Hudba\music-editor\src\data\segments\tango\0ea249f0d513585f49e32d56ab7e99783130ce83__s80000ms.wav,80000,20000,,tango
0ea249f0d513585f49e32d56ab7e99783130ce83__100000ms,0ea249f0d513585f49e32d56ab7e99783130ce83,TANGO Perfidia (Tango  33 BPM,D:\projekty\Hudba\music-editor\src\data\segments\tango\0ea249f0d513585f49e32d56ab7e99783130ce83__s100000ms.wav,100000,20000,,tango
0ea249f0d513585f49e32d56ab7e99783130ce83__120000ms,0ea249f0d513585f49e32d56ab7e99783130ce83,TANGO Perfidia (Tango  33 BPM,D:\projekty\Hudba\music-editor\src\data\segments\tango\0ea249f0d513585f49e32d56ab7e99783130ce83__s120000ms.wav,120000,20000,,tango
0ea249f0d513585f49e32d56ab7e99783130ce83__140000ms,0ea249f0d513585f49e32d56ab7e99783130ce83,TANGO Perfidia (Tango  33 BPM,D:\projekty\Hudba\music-editor\src\data\segments\tango\0ea249f0d513585f49e32d56ab7e99783130ce83__s140000ms.wav,140000,20000,,tango
765fd683cb91370fffc83806234de22c239ce95c__0ms,765fd683cb91370fffc83806234de22c239ce95c,TANGO Pistols At Dawn upravené (Tango),D:\projekty\Hudba\music-editor\src\data\segments\tango\765fd683cb91370fffc83806234de22c239ce95c__s0ms.wav,0,20000,,tango
765fd683cb91370fffc83806234de22c239ce95c__20000ms,765fd683cb91370fffc83806234de22c239ce95c,TANGO Pistols At Dawn upravené (Tango),D:\projekty\Hudba\music-editor\src\data\segments\tango\765fd683cb91370fffc83806234de22c239ce95c__s20000ms.wav,20000,20000,,tango
765fd683cb91370fffc83806234de22c239ce95c__40000ms,765fd683cb91370fffc83806234de22c239ce95c,TANGO Pistols At Dawn upravené (Tango),D:\projekty\Hudba\music-editor\src\data\segments\tango\765fd683cb91370fffc83806234de22c239ce95c__s40000ms.wav,40000,20000,,tango
765fd683cb91370fffc83806234de22c239ce95c__60000ms,765fd683cb91370fffc83806234de22c239ce95c,TANGO Pistols At Dawn upravené (Tango),D:\projekty\Hudba\music-editor\src\data\segments\tango\765fd683cb91370fffc83806234de22c239ce95c__s60000ms.wav,60000,20000,,tango
765fd683cb91370fffc83806234de22c239ce95c__80000ms,765fd683cb91370fffc83806234de22c239ce95c,TANGO Pistols At Dawn upravené (Tango),D:\projekty\Hudba\music-editor\src\data\segments\tango\765fd683cb91370fffc83806234de22c239ce95c__s80000ms.wav,80000,20000,,tango
765fd683cb91370fffc83806234de22c239ce95c__100000ms,765fd683cb91370fffc83806234de22c239ce95c,TANGO Pistols At Dawn upravené (Tango),D:\projekty\Hudba\music-editor\src\data\segments\tango\765fd683cb91370fffc83806234de22c239ce95c__s100000ms.wav,100000,20000,,tango
765fd683cb91370fffc83806234de22c239ce95c__120000ms,765fd683cb91370fffc83806234de22c239ce95c,TANGO Pistols At Dawn upravené (Tango),D:\projekty\Hudba\music-editor\src\data\segments\tango\765fd683cb91370fffc83806234de22c239ce95c__s120000ms.wav,120000,8209,,tango
0ae6fb95849143c566f6fef0307a92cea85a3c5f__0ms,0ae6fb95849143c566f6fef0307a92cea85a3c5f,Tango Prandi Sound - Amado Tango,D:\projekty\Hudba\music-editor\src\data\segments\tango\0ae6fb95849143c566f6fef0307a92cea85a3c5f__s0ms.wav,0,20000,,tango
0ae6fb95849143c566f6fef0307a92cea85a3c5f__20000ms,0ae6fb95849143c566f6fef0307a92cea85a3c5f,Tango Prandi Sound - Amado Tango,D:\projekty\Hudba\music-editor\src\data\segments\tango\0ae6fb95849143c566f6fef0307a92cea85a3c5f__s20000ms.wav,20000,20000,,tango
0ae6fb95849143c566f6fef0307a92cea85a3c5f__40000ms,0ae6fb95849143c566f6fef0307a92cea85a3c5f,Tango Prandi Sound - Amado Tango,D:\projekty\Hudba\music-editor\src\data\segments\tango\0ae6fb95849143c566f6fef0307a92cea85a3c5f__s40000ms.wav,40000,20000,,tango
0ae6fb95849143c566f6fef0307a92cea85a3c5f__60000ms,0ae6fb95849143c566f6fef0307a92cea85a3c5f,Tango Prandi Sound - Amado Tango,D:\projekty\Hudba\music-editor\src\data\segments\tango\0ae6fb95849143c566f6fef0307a92cea85a3c5f__s60000ms.wav,60000,20000,,tango
0ae6fb95849143c566f6fef0307a92cea85a3c5f__80000ms,0ae6fb95849143c566f6fef0307a92cea85a3c5f,Tango Prandi Sound - Amado Tango,D:\projekty\Hudba\music-editor\src\data\segments\tango\0ae6fb95849143c566f6fef0307a92cea85a3c5f__s80000ms.wav,80000,20000,,tango
0ae6fb95849143c566f6fef0307a92cea85a3c5f__100000ms,0ae6fb95849143c566f6fef0307a92cea85a3c5f,Tango Prandi Sound - Amado Tango,D:\projekty\Hudba\music-editor\src\data\segments\tango\0ae6fb95849143c566f6fef0307a92cea85a3c5f__s100000ms.wav,100000,20000,,tango
0ae6fb95849143c566f6fef0307a92cea85a3c5f__120000ms,0ae6fb95849143c566f6fef0307a92cea85a3c5f,Tango Prandi Sound - Amado Tango,D:\projekty\Hudba\music-editor\src\data\segments\tango\0ae6fb95849143c566f6fef0307a92cea85a3c5f__s120000ms.wav,120000,20000,,tango
0ae6fb95849143c566f6fef0307a92cea85a3c5f__140000ms,0ae6fb95849143c566f6fef0307a92cea85a3c5f,Tango Prandi Sound - Amado Tango,D:\projekty\Hudba\music-editor\src\data\segments\tango\0ae6fb95849143c566f6fef0307a92cea85a3c5f__s140000ms.wav,140000,20000,,tango
0ae6fb95849143c566f6fef0307a92cea85a3c5f__160000ms,0ae6fb95849143c566f6fef0307a92cea85a3c5f,Tango Prandi Sound - Amado Tango,D:\projekty\Hudba\music-editor\src\data\segments\tango\0ae6fb95849143c566f6fef0307a92cea85a3c5f__s160000ms.wav,160000,20000,,tango
0ae6fb95849143c566f6fef0307a92cea85a3c5f__180000ms,0ae6fb95849143c566f6fef0307a92cea85a3c5f,Tango Prandi Sound - Amado Tango,D:\projekty\Hudba\music-editor\src\data\segments\tango\0ae6fb95849143c566f6fef0307a92cea85a3c5f__s180000ms.wav,180000,12784,,tango
e87607dd7210ed5801559bc5612d88adbb755cd6__0ms,e87607dd7210ed5801559bc5612d88adbb755cd6,TANGO Roxane bez zpěvu 💃 Music Mix,D:\projekty\Hudba\music-editor\src\data\segments\tango\e87607dd7210ed5801559bc5612d88adbb755cd6__s0ms.wav,0,20000,,tango
e87607dd7210ed5801559bc5612d88adbb755cd6__20000ms,e87607dd7210ed5801559bc5612d88adbb755cd6,TANGO Roxane bez zpěvu 💃 Music Mix,D:\projekty\Hudba\music-editor\src\data\segments\tango\e87607dd7210ed5801559bc5612d88adbb755cd6__s20000ms.wav,20000,20000,,tango
e87607dd7210ed5801559bc5612d88adbb755cd6__40000ms,e87607dd7210ed5801559bc5612d88adbb755cd6,TANGO Roxane bez zpěvu 💃 Music Mix,D:\projekty\Hudba\music-editor\src\data\segments\tango\e87607dd7210ed5801559bc5612d88adbb755cd6__s40000ms.wav,40000,20000,,tango
e87607dd7210ed5801559bc5612d88adbb755cd6__60000ms,e87607dd7210ed5801559bc5612d88adbb755cd6,TANGO Roxane bez zpěvu 💃 Music Mix,D:\projekty\Hudba\music-editor\src\data\segments\tango\e87607dd7210ed5801559bc5612d88adbb755cd6__s60000ms.wav,60000,20000,,tango
e87607dd7210ed5801559bc5612d88adbb755cd6__80000ms,e87607dd7210ed5801559bc5612d88adbb755cd6,TANGO Roxane bez zpěvu 💃 Music Mix,D:\projekty\Hudba\music-editor\src\data\segments\tango\e87607dd7210ed5801559bc5612d88adbb755cd6__s80000ms.wav,80000,20000,,tango
e87607dd7210ed5801559bc5612d88adbb755cd6__100000ms,e87607dd7210ed5801559bc5612d88adbb755cd6,TANGO Roxane bez zpěvu 💃 Music Mix,D:\projekty\Hudba\music-editor\src\data\segments\tango\e87607dd7210ed5801559bc5612d88adbb755cd6__s100000ms.wav,100000,20000,,tango
e87607dd7210ed5801559bc5612d88adbb755cd6__120000ms,e87607dd7210ed5801559bc5612d88adbb755cd6,TANGO Roxane bez zpěvu 💃 Music Mix,D:\projekty\Hudba\music-editor\src\data\segments\tango\e87607dd7210ed5801559bc5612d88adbb755cd6__s120000ms.wav,120000,20000,,tango
894082270069a2d3bbaf7969c5d72afc0105c06c__0ms,894082270069a2d3bbaf7969c5d72afc0105c06c,TANGO Roxann,D:\projekty\Hudba\music-editor\src\data\segments\tango\894082270069a2d3bbaf7969c5d72afc0105c06c__s0ms.wav,0,20000,,tango
894082270069a2d3bbaf7969c5d72afc0105c06c__20000ms,894082270069a2d3bbaf7969c5d72afc0105c06c,TANGO Roxann,D:\projekty\Hudba\music-editor\src\data\segments\tango\894082270069a2d3bbaf7969c5d72afc0105c06c__s20000ms.wav,20000,20000,,tango
894082270069a2d3bbaf7969c5d72afc0105c06c__40000ms,894082270069a2d3bbaf7969c5d72afc0105c06c,TANGO Roxann,D:\projekty\Hudba\music-editor\src\data\segments\tango\894082270069a2d3bbaf7969c5d72afc0105c06c__s40000ms.wav,40000,20000,,tango
894082270069a2d3bbaf7969c5d72afc0105c06c__60000ms,894082270069a2d3bbaf7969c5d72afc0105c06c,TANGO Roxann,D:\projekty\Hudba\music-editor\src\data\segments\tango\894082270069a2d3bbaf7969c5d72afc0105c06c__s60000ms.wav,60000,20000,,tango
894082270069a2d3bbaf7969c5d72afc0105c06c__80000ms,894082270069a2d3bbaf7969c5d72afc0105c06c,TANGO Roxann,D:\projekty\Hudba\music-editor\src\data\segments\tango\894082270069a2d3bbaf7969c5d72afc0105c06c__s80000ms.wav,80000,20000,,tango
894082270069a2d3bbaf7969c5d72afc0105c06c__100000ms,894082270069a2d3bbaf7969c5d72afc0105c06c,TANGO Roxann,D:\projekty\Hudba\music-editor\src\data\segments\tango\894082270069a2d3bbaf7969c5d72afc0105c06c__s100000ms.wav,100000,20000,,tango
894082270069a2d3bbaf7969c5d72afc0105c06c__120000ms,894082270069a2d3bbaf7969c5d72afc0105c06c,TANGO Roxann,D:\projekty\Hudba\music-editor\src\data\segments\tango\894082270069a2d3bbaf7969c5d72afc0105c06c__s120000ms.wav,120000,20000,,tango
894082270069a2d3bbaf7969c5d72afc0105c06c__140000ms,894082270069a2d3bbaf7969c5d72afc0105c06c,TANGO Roxann,D:\projekty\Hudba\music-editor\src\data\segments\tango\894082270069a2d3bbaf7969c5d72afc0105c06c__s140000ms.wav,140000,15455,,tango
8a851574e16c3ab0a9eb381e3f7db830f2b24c20__0ms,8a851574e16c3ab0a9eb381e3f7db830f2b24c20,Tango Sensual [Tango 32 bpm] - Teo Lavanga,D:\projekty\Hudba\music-editor\src\data\segments\tango\8a851574e16c3ab0a9eb381e3f7db830f2b24c20__s0ms.wav,0,20000,,tango
8a851574e16c3ab0a9eb381e3f7db830f2b24c20__20000ms,8a851574e16c3ab0a9eb381e3f7db830f2b24c20,Tango Sensual [Tango 32 bpm] - Teo Lavanga,D:\projekty\Hudba\music-editor\src\data\segments\tango\8a851574e16c3ab0a9eb381e3f7db830f2b24c20__s20000ms.wav,20000,20000,,tango
8a851574e16c3ab0a9eb381e3f7db830f2b24c20__40000ms,8a851574e16c3ab0a9eb381e3f7db830f2b24c20,Tango Sensual [Tango 32 bpm] - Teo Lavanga,D:\projekty\Hudba\music-editor\src\data\segments\tango\8a851574e16c3ab0a9eb381e3f7db830f2b24c20__s40000ms.wav,40000,20000,,tango
8a851574e16c3ab0a9eb381e3f7db830f2b24c20__60000ms,8a851574e16c3ab0a9eb381e3f7db830f2b24c20,Tango Sensual [Tango 32 bpm] - Teo Lavanga,D:\projekty\Hudba\music-editor\src\data\segments\tango\8a851574e16c3ab0a9eb381e3f7db830f2b24c20__s60000ms.wav,60000,20000,,tango
8a851574e16c3ab0a9eb381e3f7db830f2b24c20__80000ms,8a851574e16c3ab0a9eb381e3f7db830f2b24c20,Tango Sensual [Tango 32 bpm] - Teo Lavanga,D:\projekty\Hudba\music-editor\src\data\segments\tango\8a851574e16c3ab0a9eb381e3f7db830f2b24c20__s80000ms.wav,80000,20000,,tango
8a851574e16c3ab0a9eb381e3f7db830f2b24c20__100000ms,8a851574e16c3ab0a9eb381e3f7db830f2b24c20,Tango Sensual [Tango 32 bpm] - Teo Lavanga,D:\projekty\Hudba\music-editor\src\data\segments\tango\8a851574e16c3ab0a9eb381e3f7db830f2b24c20__s100000ms.wav,100000,20000,,tango
8a851574e16c3ab0a9eb381e3f7db830f2b24c20__120000ms,8a851574e16c3ab0a9eb381e3f7db830f2b24c20,Tango Sensual [Tango 32 bpm] - Teo Lavanga,D:\projekty\Hudba\music-editor\src\data\segments\tango\8a851574e16c3ab0a9eb381e3f7db830f2b24c20__s120000ms.wav,120000,20000,,tango
8a851574e16c3ab0a9eb381e3f7db830f2b24c20__140000ms,8a851574e16c3ab0a9eb381e3f7db830f2b24c20,Tango Sensual [Tango 32 bpm] - Teo Lavanga,D:\projekty\Hudba\music-editor\src\data\segments\tango\8a851574e16c3ab0a9eb381e3f7db830f2b24c20__s140000ms.wav,140000,20000,,tango
8a851574e16c3ab0a9eb381e3f7db830f2b24c20__160000ms,8a851574e16c3ab0a9eb381e3f7db830f2b24c20,Tango Sensual [Tango 32 bpm] - Teo Lavanga,D:\projekty\Hudba\music-editor\src\data\segments\tango\8a851574e16c3ab0a9eb381e3f7db830f2b24c20__s160000ms.wav,160000,20000,,tango
8a851574e16c3ab0a9eb381e3f7db830f2b24c20__180000ms,8a851574e16c3ab0a9eb381e3f7db830f2b24c20,Tango Sensual [Tango 32 bpm] - Teo Lavanga,D:\projekty\Hudba\music-editor\src\data\segments\tango\8a851574e16c3ab0a9eb381e3f7db830f2b24c20__s180000ms.wav,180000,13672,,tango
0f8f76f66a1c01b0d98c75ad12b537e0d9beb01a__0ms,0f8f76f66a1c01b0d98c75ad12b537e0d9beb01a,TANGO Shaggy Feat Brian u0026 Tony Gold – Hey Sexy Lady   Tango musi,D:\projekty\Hudba\music-editor\src\data\segments\tango\0f8f76f66a1c01b0d98c75ad12b537e0d9beb01a__s0ms.wav,0,20000,,tango
0f8f76f66a1c01b0d98c75ad12b537e0d9beb01a__20000ms,0f8f76f66a1c01b0d98c75ad12b537e0d9beb01a,TANGO Shaggy Feat Brian u0026 Tony Gold – Hey Sexy Lady   Tango musi,D:\projekty\Hudba\music-editor\src\data\segments\tango\0f8f76f66a1c01b0d98c75ad12b537e0d9beb01a__s20000ms.wav,20000,20000,,tango
0f8f76f66a1c01b0d98c75ad12b537e0d9beb01a__40000ms,0f8f76f66a1c01b0d98c75ad12b537e0d9beb01a,TANGO Shaggy Feat Brian u0026 Tony Gold – Hey Sexy Lady   Tango musi,D:\projekty\Hudba\music-editor\src\data\segments\tango\0f8f76f66a1c01b0d98c75ad12b537e0d9beb01a__s40000ms.wav,40000,20000,,tango
0f8f76f66a1c01b0d98c75ad12b537e0d9beb01a__60000ms,0f8f76f66a1c01b0d98c75ad12b537e0d9beb01a,TANGO Shaggy Feat Brian u0026 Tony Gold – Hey Sexy Lady   Tango musi,D:\projekty\Hudba\music-editor\src\data\segments\tango\0f8f76f66a1c01b0d98c75ad12b537e0d9beb01a__s60000ms.wav,60000,20000,,tango
0f8f76f66a1c01b0d98c75ad12b537e0d9beb01a__80000ms,0f8f76f66a1c01b0d98c75ad12b537e0d9beb01a,TANGO Shaggy Feat Brian u0026 Tony Gold – Hey Sexy Lady   Tango musi,D:\projekty\Hudba\music-editor\src\data\segments\tango\0f8f76f66a1c01b0d98c75ad12b537e0d9beb01a__s80000ms.wav,80000,20000,,tango
0f8f76f66a1c01b0d98c75ad12b537e0d9beb01a__100000ms,0f8f76f66a1c01b0d98c75ad12b537e0d9beb01a,TANGO Shaggy Feat Brian u0026 Tony Gold – Hey Sexy Lady   Tango musi,D:\projekty\Hudba\music-editor\src\data\segments\tango\0f8f76f66a1c01b0d98c75ad12b537e0d9beb01a__s100000ms.wav,100000,20000,,tango
0f8f76f66a1c01b0d98c75ad12b537e0d9beb01a__120000ms,0f8f76f66a1c01b0d98c75ad12b537e0d9beb01a,TANGO Shaggy Feat Brian u0026 Tony Gold – Hey Sexy Lady   Tango musi,D:\projekty\Hudba\music-editor\src\data\segments\tango\0f8f76f66a1c01b0d98c75ad12b537e0d9beb01a__s120000ms.wav,120000,20000,,tango
0f8f76f66a1c01b0d98c75ad12b537e0d9beb01a__140000ms,0f8f76f66a1c01b0d98c75ad12b537e0d9beb01a,TANGO Shaggy Feat Brian u0026 Tony Gold – Hey Sexy Lady   Tango musi,D:\projekty\Hudba\music-editor\src\data\segments\tango\0f8f76f66a1c01b0d98c75ad12b537e0d9beb01a__s140000ms.wav,140000,20000,,tango
0f8f76f66a1c01b0d98c75ad12b537e0d9beb01a__160000ms,0f8f76f66a1c01b0d98c75ad12b537e0d9beb01a,TANGO Shaggy Feat Brian u0026 Tony Gold – Hey Sexy Lady   Tango musi,D:\projekty\Hudba\music-editor\src\data\segments\tango\0f8f76f66a1c01b0d98c75ad12b537e0d9beb01a__s160000ms.wav,160000,16405,,tango
a04e87a9c1f35c991c3dd752a3997520bc55f76a__0ms,a04e87a9c1f35c991c3dd752a3997520bc55f76a,TANGO SOS (Tango,D:\projekty\Hudba\music-editor\src\data\segments\tango\a04e87a9c1f35c991c3dd752a3997520bc55f76a__s0ms.wav,0,20000,,tango
a04e87a9c1f35c991c3dd752a3997520bc55f76a__20000ms,a04e87a9c1f35c991c3dd752a3997520bc55f76a,TANGO SOS (Tango,D:\projekty\Hudba\music-editor\src\data\segments\tango\a04e87a9c1f35c991c3dd752a3997520bc55f76a__s20000ms.wav,20000,20000,,tango
a04e87a9c1f35c991c3dd752a3997520bc55f76a__40000ms,a04e87a9c1f35c991c3dd752a3997520bc55f76a,TANGO SOS (Tango,D:\projekty\Hudba\music-editor\src\data\segments\tango\a04e87a9c1f35c991c3dd752a3997520bc55f76a__s40000ms.wav,40000,20000,,tango
a04e87a9c1f35c991c3dd752a3997520bc55f76a__60000ms,a04e87a9c1f35c991c3dd752a3997520bc55f76a,TANGO SOS (Tango,D:\projekty\Hudba\music-editor\src\data\segments\tango\a04e87a9c1f35c991c3dd752a3997520bc55f76a__s60000ms.wav,60000,20000,,tango
a04e87a9c1f35c991c3dd752a3997520bc55f76a__80000ms,a04e87a9c1f35c991c3dd752a3997520bc55f76a,TANGO SOS (Tango,D:\projekty\Hudba\music-editor\src\data\segments\tango\a04e87a9c1f35c991c3dd752a3997520bc55f76a__s80000ms.wav,80000,20000,,tango
a04e87a9c1f35c991c3dd752a3997520bc55f76a__100000ms,a04e87a9c1f35c991c3dd752a3997520bc55f76a,TANGO SOS (Tango,D:\projekty\Hudba\music-editor\src\data\segments\tango\a04e87a9c1f35c991c3dd752a3997520bc55f76a__s100000ms.wav,100000,20000,,tango
a04e87a9c1f35c991c3dd752a3997520bc55f76a__120000ms,a04e87a9c1f35c991c3dd752a3997520bc55f76a,TANGO SOS (Tango,D:\projekty\Hudba\music-editor\src\data\segments\tango\a04e87a9c1f35c991c3dd752a3997520bc55f76a__s120000ms.wav,120000,20000,,tango
a04e87a9c1f35c991c3dd752a3997520bc55f76a__140000ms,a04e87a9c1f35c991c3dd752a3997520bc55f76a,TANGO SOS (Tango,D:\projekty\Hudba\music-editor\src\data\segments\tango\a04e87a9c1f35c991c3dd752a3997520bc55f76a__s140000ms.wav,140000,20000,,tango
a04e87a9c1f35c991c3dd752a3997520bc55f76a__160000ms,a04e87a9c1f35c991c3dd752a3997520bc55f76a,TANGO SOS (Tango,D:\projekty\Hudba\music-editor\src\data\segments\tango\a04e87a9c1f35c991c3dd752a3997520bc55f76a__s160000ms.wav,160000,20000,,tango
147f9739e6480a2d7004e300daeec79039e707a1__0ms,147f9739e6480a2d7004e300daeec79039e707a1,TANGO Sway (Tango Mix Version,D:\projekty\Hudba\music-editor\src\data\segments\tango\147f9739e6480a2d7004e300daeec79039e707a1__s0ms.wav,0,20000,,tango
147f9739e6480a2d7004e300daeec79039e707a1__20000ms,147f9739e6480a2d7004e300daeec79039e707a1,TANGO Sway (Tango Mix Version,D:\projekty\Hudba\music-editor\src\data\segments\tango\147f9739e6480a2d7004e300daeec79039e707a1__s20000ms.wav,20000,20000,,tango
147f9739e6480a2d7004e300daeec79039e707a1__40000ms,147f9739e6480a2d7004e300daeec79039e707a1,TANGO Sway (Tango Mix Version,D:\projekty\Hudba\music-editor\src\data\segments\tango\147f9739e6480a2d7004e300daeec79039e707a1__s40000ms.wav,40000,20000,,tango
147f9739e6480a2d7004e300daeec79039e707a1__60000ms,147f9739e6480a2d7004e300daeec79039e707a1,TANGO Sway (Tango Mix Version,D:\projekty\Hudba\music-editor\src\data\segments\tango\147f9739e6480a2d7004e300daeec79039e707a1__s60000ms.wav,60000,20000,,tango
147f9739e6480a2d7004e300daeec79039e707a1__80000ms,147f9739e6480a2d7004e300daeec79039e707a1,TANGO Sway (Tango Mix Version,D:\projekty\Hudba\music-editor\src\data\segments\tango\147f9739e6480a2d7004e300daeec79039e707a1__s80000ms.wav,80000,20000,,tango
147f9739e6480a2d7004e300daeec79039e707a1__100000ms,147f9739e6480a2d7004e300daeec79039e707a1,TANGO Sway (Tango Mix Version,D:\projekty\Hudba\music-editor\src\data\segments\tango\147f9739e6480a2d7004e300daeec79039e707a1__s100000ms.wav,100000,20000,,tango
147f9739e6480a2d7004e300daeec79039e707a1__120000ms,147f9739e6480a2d7004e300daeec79039e707a1,TANGO Sway (Tango Mix Version,D:\projekty\Hudba\music-editor\src\data\segments\tango\147f9739e6480a2d7004e300daeec79039e707a1__s120000ms.wav,120000,20000,,tango
355f83d0d7af147620152de226ebcf90a468bfbe__0ms,355f83d0d7af147620152de226ebcf90a468bfbe,TANGO Unholy (Short Version) (Tango 32BPM,D:\projekty\Hudba\music-editor\src\data\segments\tango\355f83d0d7af147620152de226ebcf90a468bfbe__s0ms.wav,0,20000,,tango
355f83d0d7af147620152de226ebcf90a468bfbe__20000ms,355f83d0d7af147620152de226ebcf90a468bfbe,TANGO Unholy (Short Version) (Tango 32BPM,D:\projekty\Hudba\music-editor\src\data\segments\tango\355f83d0d7af147620152de226ebcf90a468bfbe__s20000ms.wav,20000,20000,,tango
355f83d0d7af147620152de226ebcf90a468bfbe__40000ms,355f83d0d7af147620152de226ebcf90a468bfbe,TANGO Unholy (Short Version) (Tango 32BPM,D:\projekty\Hudba\music-editor\src\data\segments\tango\355f83d0d7af147620152de226ebcf90a468bfbe__s40000ms.wav,40000,20000,,tango
355f83d0d7af147620152de226ebcf90a468bfbe__60000ms,355f83d0d7af147620152de226ebcf90a468bfbe,TANGO Unholy (Short Version) (Tango 32BPM,D:\projekty\Hudba\music-editor\src\data\segments\tango\355f83d0d7af147620152de226ebcf90a468bfbe__s60000ms.wav,60000,20000,,tango
355f83d0d7af147620152de226ebcf90a468bfbe__80000ms,355f83d0d7af147620152de226ebcf90a468bfbe,TANGO Unholy (Short Version) (Tango 32BPM,D:\projekty\Hudba\music-editor\src\data\segments\tango\355f83d0d7af147620152de226ebcf90a468bfbe__s80000ms.wav,80000,20000,,tango
355f83d0d7af147620152de226ebcf90a468bfbe__100000ms,355f83d0d7af147620152de226ebcf90a468bfbe,TANGO Unholy (Short Version) (Tango 32BPM,D:\projekty\Hudba\music-editor\src\data\segments\tango\355f83d0d7af147620152de226ebcf90a468bfbe__s100000ms.wav,100000,18178,,tango
86185174222624114c292ac4e42c884f4d5dfddd__0ms,86185174222624114c292ac4e42c884f4d5dfddd,TANGO What Is Love (Tango 32BPM,D:\projekty\Hudba\music-editor\src\data\segments\tango\86185174222624114c292ac4e42c884f4d5dfddd__s0ms.wav,0,20000,,tango
86185174222624114c292ac4e42c884f4d5dfddd__20000ms,86185174222624114c292ac4e42c884f4d5dfddd,TANGO What Is Love (Tango 32BPM,D:\projekty\Hudba\music-editor\src\data\segments\tango\86185174222624114c292ac4e42c884f4d5dfddd__s20000ms.wav,20000,20000,,tango
86185174222624114c292ac4e42c884f4d5dfddd__40000ms,86185174222624114c292ac4e42c884f4d5dfddd,TANGO What Is Love (Tango 32BPM,D:\projekty\Hudba\music-editor\src\data\segments\tango\86185174222624114c292ac4e42c884f4d5dfddd__s40000ms.wav,40000,20000,,tango
86185174222624114c292ac4e42c884f4d5dfddd__60000ms,86185174222624114c292ac4e42c884f4d5dfddd,TANGO What Is Love (Tango 32BPM,D:\projekty\Hudba\music-editor\src\data\segments\tango\86185174222624114c292ac4e42c884f4d5dfddd__s60000ms.wav,60000,20000,,tango
86185174222624114c292ac4e42c884f4d5dfddd__80000ms,86185174222624114c292ac4e42c884f4d5dfddd,TANGO What Is Love (Tango 32BPM,D:\projekty\Hudba\music-editor\src\data\segments\tango\86185174222624114c292ac4e42c884f4d5dfddd__s80000ms.wav,80000,20000,,tango
86185174222624114c292ac4e42c884f4d5dfddd__100000ms,86185174222624114c292ac4e42c884f4d5dfddd,TANGO What Is Love (Tango 32BPM,D:\projekty\Hudba\music-editor\src\data\segments\tango\86185174222624114c292ac4e42c884f4d5dfddd__s100000ms.wav,100000,20000,,tango
86185174222624114c292ac4e42c884f4d5dfddd__120000ms,86185174222624114c292ac4e42c884f4d5dfddd,TANGO What Is Love (Tango 32BPM,D:\projekty\Hudba\music-editor\src\data\segments\tango\86185174222624114c292ac4e42c884f4d5dfddd__s120000ms.wav,120000,20000,,tango
86185174222624114c292ac4e42c884f4d5dfddd__140000ms,86185174222624114c292ac4e42c884f4d5dfddd,TANGO What Is Love (Tango 32BPM,D:\projekty\Hudba\music-editor\src\data\segments\tango\86185174222624114c292ac4e42c884f4d5dfddd__s140000ms.wav,140000,20000,,tango
a3ca7533d4ee0655d6dfcfd9f27f7e1162b4a2f6__0ms,a3ca7533d4ee0655d6dfcfd9f27f7e1162b4a2f6,VALČÍK   Can,D:\projekty\Hudba\music-editor\src\data\segments\viennese waltz\a3ca7533d4ee0655d6dfcfd9f27f7e1162b4a2f6__s0ms.wav,0,20000,172.3,viennese waltz
a3ca7533d4ee0655d6dfcfd9f27f7e1162b4a2f6__20000ms,a3ca7533d4ee0655d6dfcfd9f27f7e1162b4a2f6,VALČÍK   Can,D:\projekty\Hudba\music-editor\src\data\segments\viennese waltz\a3ca7533d4ee0655d6dfcfd9f27f7e1162b4a2f6__s20000ms.wav,20000,20000,172.3,viennese waltz
a3ca7533d4ee0655d6dfcfd9f27f7e1162b4a2f6__40000ms,a3ca7533d4ee0655d6dfcfd9f27f7e1162b4a2f6,VALČÍK   Can,D:\projekty\Hudba\music-editor\src\data\segments\viennese waltz\a3ca7533d4ee0655d6dfcfd9f27f7e1162b4a2f6__s40000ms.wav,40000,20000,172.3,viennese waltz
a3ca7533d4ee0655d6dfcfd9f27f7e1162b4a2f6__60000ms,a3ca7533d4ee0655d6dfcfd9f27f7e1162b4a2f6,VALČÍK   Can,D:\projekty\Hudba\music-editor\src\data\segments\viennese waltz\a3ca7533d4ee0655d6dfcfd9f27f7e1162b4a2f6__s60000ms.wav,60000,20000,172.3,viennese waltz
a3ca7533d4ee0655d6dfcfd9f27f7e1162b4a2f6__80000ms,a3ca7533d4ee0655d6dfcfd9f27f7e1162b4a2f6,VALČÍK   Can,D:\projekty\Hudba\music-editor\src\data\segments\viennese waltz\a3ca7533d4ee0655d6dfcfd9f27f7e1162b4a2f6__s80000ms.wav,80000,20000,172.3,viennese waltz
a3ca7533d4ee0655d6dfcfd9f27f7e1162b4a2f6__100000ms,a3ca7533d4ee0655d6dfcfd9f27f7e1162b4a2f6,VALČÍK   Can,D:\projekty\Hudba\music-editor\src\data\segments\viennese waltz\a3ca7533d4ee0655d6dfcfd9f27f7e1162b4a2f6__s100000ms.wav,100000,20000,172.3,viennese waltz
a3ca7533d4ee0655d6dfcfd9f27f7e1162b4a2f6__120000ms,a3ca7533d4ee0655d6dfcfd9f27f7e1162b4a2f6,VALČÍK   Can,D:\projekty\Hudba\music-editor\src\data\segments\viennese waltz\a3ca7533d4ee0655d6dfcfd9f27f7e1162b4a2f6__s120000ms.wav,120000,20000,172.3,viennese waltz
a3ca7533d4ee0655d6dfcfd9f27f7e1162b4a2f6__140000ms,a3ca7533d4ee0655d6dfcfd9f27f7e1162b4a2f6,VALČÍK   Can,D:\projekty\Hudba\music-editor\src\data\segments\viennese waltz\a3ca7533d4ee0655d6dfcfd9f27f7e1162b4a2f6__s140000ms.wav,140000,20000,172.3,viennese waltz
a3ca7533d4ee0655d6dfcfd9f27f7e1162b4a2f6__160000ms,a3ca7533d4ee0655d6dfcfd9f27f7e1162b4a2f6,VALČÍK   Can,D:\projekty\Hudba\music-editor\src\data\segments\viennese waltz\a3ca7533d4ee0655d6dfcfd9f27f7e1162b4a2f6__s160000ms.wav,160000,20000,172.3,viennese waltz
a3ca7533d4ee0655d6dfcfd9f27f7e1162b4a2f6__180000ms,a3ca7533d4ee0655d6dfcfd9f27f7e1162b4a2f6,VALČÍK   Can,D:\projekty\Hudba\music-editor\src\data\segments\viennese waltz\a3ca7533d4ee0655d6dfcfd9f27f7e1162b4a2f6__s180000ms.wav,180000,20000,172.3,viennese waltz
a3ca7533d4ee0655d6dfcfd9f27f7e1162b4a2f6__200000ms,a3ca7533d4ee0655d6dfcfd9f27f7e1162b4a2f6,VALČÍK   Can,D:\projekty\Hudba\music-editor\src\data\segments\viennese waltz\a3ca7533d4ee0655d6dfcfd9f27f7e1162b4a2f6__s200000ms.wav,200000,20000,172.3,viennese waltz
a3ca7533d4ee0655d6dfcfd9f27f7e1162b4a2f6__220000ms,a3ca7533d4ee0655d6dfcfd9f27f7e1162b4a2f6,VALČÍK   Can,D:\projekty\Hudba\music-editor\src\data\segments\viennese waltz\a3ca7533d4ee0655d6dfcfd9f27f7e1162b4a2f6__s220000ms.wav,220000,20000,172.3,viennese waltz
a3ca7533d4ee0655d6dfcfd9f27f7e1162b4a2f6__240000ms,a3ca7533d4ee0655d6dfcfd9f27f7e1162b4a2f6,VALČÍK   Can,D:\projekty\Hudba\music-editor\src\data\segments\viennese waltz\a3ca7533d4ee0655d6dfcfd9f27f7e1162b4a2f6__s240000ms.wav,240000,20000,172.3,viennese waltz
a3ca7533d4ee0655d6dfcfd9f27f7e1162b4a2f6__260000ms,a3ca7533d4ee0655d6dfcfd9f27f7e1162b4a2f6,VALČÍK   Can,D:\projekty\Hudba\music-editor\src\data\segments\viennese waltz\a3ca7533d4ee0655d6dfcfd9f27f7e1162b4a2f6__s260000ms.wav,260000,18727,172.3,viennese waltz
78580b52d7c22b7b82f6a9dc0323b9de66d0d361__0ms,78580b52d7c22b7b82f6a9dc0323b9de66d0d361,VALČÍK   Dj Ice   Love Yourself,D:\projekty\Hudba\music-editor\src\data\segments\viennese waltz\78580b52d7c22b7b82f6a9dc0323b9de66d0d361__s0ms.wav,0,20000,90.7,viennese waltz
78580b52d7c22b7b82f6a9dc0323b9de66d0d361__20000ms,78580b52d7c22b7b82f6a9dc0323b9de66d0d361,VALČÍK   Dj Ice   Love Yourself,D:\projekty\Hudba\music-editor\src\data\segments\viennese waltz\78580b52d7c22b7b82f6a9dc0323b9de66d0d361__s20000ms.wav,20000,20000,90.7,viennese waltz
78580b52d7c22b7b82f6a9dc0323b9de66d0d361__40000ms,78580b52d7c22b7b82f6a9dc0323b9de66d0d361,VALČÍK   Dj Ice   Love Yourself,D:\projekty\Hudba\music-editor\src\data\segments\viennese waltz\78580b52d7c22b7b82f6a9dc0323b9de66d0d361__s40000ms.wav,40000,20000,90.7,viennese waltz
78580b52d7c22b7b82f6a9dc0323b9de66d0d361__60000ms,78580b52d7c22b7b82f6a9dc0323b9de66d0d361,VALČÍK   Dj Ice   Love Yourself,D:\projekty\Hudba\music-editor\src\data\segments\viennese waltz\78580b52d7c22b7b82f6a9dc0323b9de66d0d361__s60000ms.wav,60000,20000,90.7,viennese waltz
78580b52d7c22b7b82f6a9dc0323b9de66d0d361__80000ms,78580b52d7c22b7b82f6a9dc0323b9de66d0d361,VALČÍK   Dj Ice   Love Yourself,D:\projekty\Hudba\music-editor\src\data\segments\viennese waltz\78580b52d7c22b7b82f6a9dc0323b9de66d0d361__s80000ms.wav,80000,20000,90.7,viennese waltz
a16bd054587489fbc45e81161232a542f82e0be5__0ms,a16bd054587489fbc45e81161232a542f82e0be5,VALČÍK  Ballerina Ricardo Zefarelli,D:\projekty\Hudba\music-editor\src\data\segments\viennese waltz\a16bd054587489fbc45e81161232a542f82e0be5__s0ms.wav,0,20000,172.3,viennese waltz
a16bd054587489fbc45e81161232a542f82e0be5__20000ms,a16bd054587489fbc45e81161232a542f82e0be5,VALČÍK  Ballerina Ricardo Zefarelli,D:\projekty\Hudba\music-editor\src\data\segments\viennese waltz\a16bd054587489fbc45e81161232a542f82e0be5__s20000ms.wav,20000,20000,172.3,viennese waltz
a16bd054587489fbc45e81161232a542f82e0be5__40000ms,a16bd054587489fbc45e81161232a542f82e0be5,VALČÍK  Ballerina Ricardo Zefarelli,D:\projekty\Hudba\music-editor\src\data\segments\viennese waltz\a16bd054587489fbc45e81161232a542f82e0be5__s40000ms.wav,40000,20000,172.3,viennese waltz
a16bd054587489fbc45e81161232a542f82e0be5__60000ms,a16bd054587489fbc45e81161232a542f82e0be5,VALČÍK  Ballerina Ricardo Zefarelli,D:\projekty\Hudba\music-editor\src\data\segments\viennese waltz\a16bd054587489fbc45e81161232a542f82e0be5__s60000ms.wav,60000,20000,172.3,viennese waltz
a16bd054587489fbc45e81161232a542f82e0be5__80000ms,a16bd054587489fbc45e81161232a542f82e0be5,VALČÍK  Ballerina Ricardo Zefarelli,D:\projekty\Hudba\music-editor\src\data\segments\viennese waltz\a16bd054587489fbc45e81161232a542f82e0be5__s80000ms.wav,80000,20000,172.3,viennese waltz
a16bd054587489fbc45e81161232a542f82e0be5__100000ms,a16bd054587489fbc45e81161232a542f82e0be5,VALČÍK  Ballerina Ricardo Zefarelli,D:\projekty\Hudba\music-editor\src\data\segments\viennese waltz\a16bd054587489fbc45e81161232a542f82e0be5__s100000ms.wav,100000,12222,172.3,viennese waltz
77abd7c6df7fb14f91b339d8d2f23a1f91f9965a__0ms,77abd7c6df7fb14f91b339d8d2f23a1f91f9965a,VALČÍK  Believe In Three Hazelnuts,D:\projekty\Hudba\music-editor\src\data\segments\viennese waltz\77abd7c6df7fb14f91b339d8d2f23a1f91f9965a__s0ms.wav,0,20000,172.3,viennese waltz
77abd7c6df7fb14f91b339d8d2f23a1f91f9965a__20000ms,77abd7c6df7fb14f91b339d8d2f23a1f91f9965a,VALČÍK  Believe In Three Hazelnuts,D:\projekty\Hudba\music-editor\src\data\segments\viennese waltz\77abd7c6df7fb14f91b339d8d2f23a1f91f9965a__s20000ms.wav,20000,20000,172.3,viennese waltz
77abd7c6df7fb14f91b339d8d2f23a1f91f9965a__40000ms,77abd7c6df7fb14f91b339d8d2f23a1f91f9965a,VALČÍK  Believe In Three Hazelnuts,D:\projekty\Hudba\music-editor\src\data\segments\viennese waltz\77abd7c6df7fb14f91b339d8d2f23a1f91f9965a__s40000ms.wav,40000,20000,172.3,viennese waltz
77abd7c6df7fb14f91b339d8d2f23a1f91f9965a__60000ms,77abd7c6df7fb14f91b339d8d2f23a1f91f9965a,VALČÍK  Believe In Three Hazelnuts,D:\projekty\Hudba\music-editor\src\data\segments\viennese waltz\77abd7c6df7fb14f91b339d8d2f23a1f91f9965a__s60000ms.wav,60000,20000,172.3,viennese waltz
77abd7c6df7fb14f91b339d8d2f23a1f91f9965a__80000ms,77abd7c6df7fb14f91b339d8d2f23a1f91f9965a,VALČÍK  Believe In Three Hazelnuts,D:\projekty\Hudba\music-editor\src\data\segments\viennese waltz\77abd7c6df7fb14f91b339d8d2f23a1f91f9965a__s80000ms.wav,80000,20000,172.3,viennese waltz
77abd7c6df7fb14f91b339d8d2f23a1f91f9965a__100000ms,77abd7c6df7fb14f91b339d8d2f23a1f91f9965a,VALČÍK  Believe In Three Hazelnuts,D:\projekty\Hudba\music-editor\src\data\segments\viennese waltz\77abd7c6df7fb14f91b339d8d2f23a1f91f9965a__s100000ms.wav,100000,20000,172.3,viennese waltz
77abd7c6df7fb14f91b339d8d2f23a1f91f9965a__120000ms,77abd7c6df7fb14f91b339d8d2f23a1f91f9965a,VALČÍK  Believe In Three Hazelnuts,D:\projekty\Hudba\music-editor\src\data\segments\viennese waltz\77abd7c6df7fb14f91b339d8d2f23a1f91f9965a__s120000ms.wav,120000,20000,172.3,viennese waltz
77abd7c6df7fb14f91b339d8d2f23a1f91f9965a__140000ms,77abd7c6df7fb14f91b339d8d2f23a1f91f9965a,VALČÍK  Believe In Three Hazelnuts,D:\projekty\Hudba\music-editor\src\data\segments\viennese waltz\77abd7c6df7fb14f91b339d8d2f23a1f91f9965a__s140000ms.wav,140000,13443,172.3,viennese waltz
070e44192fc607b093b8ef8e21bed566c4ed3121__0ms,070e44192fc607b093b8ef8e21bed566c4ed3121,VALČÍK  Can't Help Falling In Love,D:\projekty\Hudba\music-editor\src\data\segments\viennese waltz\070e44192fc607b093b8ef8e21bed566c4ed3121__s0ms.wav,0,20000,184.6,viennese waltz
070e44192fc607b093b8ef8e21bed566c4ed3121__20000ms,070e44192fc607b093b8ef8e21bed566c4ed3121,VALČÍK  Can't Help Falling In Love,D:\projekty\Hudba\music-editor\src\data\segments\viennese waltz\070e44192fc607b093b8ef8e21bed566c4ed3121__s20000ms.wav,20000,20000,184.6,viennese waltz
070e44192fc607b093b8ef8e21bed566c4ed3121__40000ms,070e44192fc607b093b8ef8e21bed566c4ed3121,VALČÍK  Can't Help Falling In Love,D:\projekty\Hudba\music-editor\src\data\segments\viennese waltz\070e44192fc607b093b8ef8e21bed566c4ed3121__s40000ms.wav,40000,20000,184.6,viennese waltz
070e44192fc607b093b8ef8e21bed566c4ed3121__60000ms,070e44192fc607b093b8ef8e21bed566c4ed3121,VALČÍK  Can't Help Falling In Love,D:\projekty\Hudba\music-editor\src\data\segments\viennese waltz\070e44192fc607b093b8ef8e21bed566c4ed3121__s60000ms.wav,60000,20000,184.6,viennese waltz
070e44192fc607b093b8ef8e21bed566c4ed3121__80000ms,070e44192fc607b093b8ef8e21bed566c4ed3121,VALČÍK  Can't Help Falling In Love,D:\projekty\Hudba\music-editor\src\data\segments\viennese waltz\070e44192fc607b093b8ef8e21bed566c4ed3121__s80000ms.wav,80000,20000,184.6,viennese waltz
070e44192fc607b093b8ef8e21bed566c4ed3121__100000ms,070e44192fc607b093b8ef8e21bed566c4ed3121,VALČÍK  Can't Help Falling In Love,D:\projekty\Hudba\music-editor\src\data\segments\viennese waltz\070e44192fc607b093b8ef8e21bed566c4ed3121__s100000ms.wav,100000,20000,184.6,viennese waltz
070e44192fc607b093b8ef8e21bed566c4ed3121__120000ms,070e44192fc607b093b8ef8e21bed566c4ed3121,VALČÍK  Can't Help Falling In Love,D:\projekty\Hudba\music-editor\src\data\segments\viennese waltz\070e44192fc607b093b8ef8e21bed566c4ed3121__s120000ms.wav,120000,11971,184.6,viennese waltz
bd4d231d99d796e258e66e0d5d318274e78e781d__0ms,bd4d231d99d796e258e66e0d5d318274e78e781d,VALČÍK  How Deep Is Your Love,D:\projekty\Hudba\music-editor\src\data\segments\viennese waltz\bd4d231d99d796e258e66e0d5d318274e78e781d__s0ms.wav,0,20000,172.3,viennese waltz
bd4d231d99d796e258e66e0d5d318274e78e781d__20000ms,bd4d231d99d796e258e66e0d5d318274e78e781d,VALČÍK  How Deep Is Your Love,D:\projekty\Hudba\music-editor\src\data\segments\viennese waltz\bd4d231d99d796e258e66e0d5d318274e78e781d__s20000ms.wav,20000,20000,172.3,viennese waltz
bd4d231d99d796e258e66e0d5d318274e78e781d__40000ms,bd4d231d99d796e258e66e0d5d318274e78e781d,VALČÍK  How Deep Is Your Love,D:\projekty\Hudba\music-editor\src\data\segments\viennese waltz\bd4d231d99d796e258e66e0d5d318274e78e781d__s40000ms.wav,40000,20000,172.3,viennese waltz
bd4d231d99d796e258e66e0d5d318274e78e781d__60000ms,bd4d231d99d796e258e66e0d5d318274e78e781d,VALČÍK  How Deep Is Your Love,D:\projekty\Hudba\music-editor\src\data\segments\viennese waltz\bd4d231d99d796e258e66e0d5d318274e78e781d__s60000ms.wav,60000,20000,172.3,viennese waltz
bd4d231d99d796e258e66e0d5d318274e78e781d__80000ms,bd4d231d99d796e258e66e0d5d318274e78e781d,VALČÍK  How Deep Is Your Love,D:\projekty\Hudba\music-editor\src\data\segments\viennese waltz\bd4d231d99d796e258e66e0d5d318274e78e781d__s80000ms.wav,80000,20000,172.3,viennese waltz
bd4d231d99d796e258e66e0d5d318274e78e781d__100000ms,bd4d231d99d796e258e66e0d5d318274e78e781d,VALČÍK  How Deep Is Your Love,D:\projekty\Hudba\music-editor\src\data\segments\viennese waltz\bd4d231d99d796e258e66e0d5d318274e78e781d__s100000ms.wav,100000,20000,172.3,viennese waltz
bd4d231d99d796e258e66e0d5d318274e78e781d__120000ms,bd4d231d99d796e258e66e0d5d318274e78e781d,VALČÍK  How Deep Is Your Love,D:\projekty\Hudba\music-editor\src\data\segments\viennese waltz\bd4d231d99d796e258e66e0d5d318274e78e781d__s120000ms.wav,120000,20000,172.3,viennese waltz
bd4d231d99d796e258e66e0d5d318274e78e781d__140000ms,bd4d231d99d796e258e66e0d5d318274e78e781d,VALČÍK  How Deep Is Your Love,D:\projekty\Hudba\music-editor\src\data\segments\viennese waltz\bd4d231d99d796e258e66e0d5d318274e78e781d__s140000ms.wav,140000,20000,172.3,viennese waltz
bd4d231d99d796e258e66e0d5d318274e78e781d__160000ms,bd4d231d99d796e258e66e0d5d318274e78e781d,VALČÍK  How Deep Is Your Love,D:\projekty\Hudba\music-editor\src\data\segments\viennese waltz\bd4d231d99d796e258e66e0d5d318274e78e781d__s160000ms.wav,160000,20000,172.3,viennese waltz
bd4d231d99d796e258e66e0d5d318274e78e781d__180000ms,bd4d231d99d796e258e66e0d5d318274e78e781d,VALČÍK  How Deep Is Your Love,D:\projekty\Hudba\music-editor\src\data\segments\viennese waltz\bd4d231d99d796e258e66e0d5d318274e78e781d__s180000ms.wav,180000,20000,172.3,viennese waltz
2114c010d5a47dcac9350e43f614d7efe7b0dad0__0ms,2114c010d5a47dcac9350e43f614d7efe7b0dad0,VALČÍK DJ Maksy ft Korotkoff   Wicked Game (Viennese Waltz) [59BPM,D:\projekty\Hudba\music-editor\src\data\segments\viennese waltz\2114c010d5a47dcac9350e43f614d7efe7b0dad0__s0ms.wav,0,20000,178.2,viennese waltz
2114c010d5a47dcac9350e43f614d7efe7b0dad0__20000ms,2114c010d5a47dcac9350e43f614d7efe7b0dad0,VALČÍK DJ Maksy ft Korotkoff   Wicked Game (Viennese Waltz) [59BPM,D:\projekty\Hudba\music-editor\src\data\segments\viennese waltz\2114c010d5a47dcac9350e43f614d7efe7b0dad0__s20000ms.wav,20000,20000,178.2,viennese waltz
2114c010d5a47dcac9350e43f614d7efe7b0dad0__40000ms,2114c010d5a47dcac9350e43f614d7efe7b0dad0,VALČÍK DJ Maksy ft Korotkoff   Wicked Game (Viennese Waltz) [59BPM,D:\projekty\Hudba\music-editor\src\data\segments\viennese waltz\2114c010d5a47dcac9350e43f614d7efe7b0dad0__s40000ms.wav,40000,20000,178.2,viennese waltz
2114c010d5a47dcac9350e43f614d7efe7b0dad0__60000ms,2114c010d5a47dcac9350e43f614d7efe7b0dad0,VALČÍK DJ Maksy ft Korotkoff   Wicked Game (Viennese Waltz) [59BPM,D:\projekty\Hudba\music-editor\src\data\segments\viennese waltz\2114c010d5a47dcac9350e43f614d7efe7b0dad0__s60000ms.wav,60000,20000,178.2,viennese waltz
2114c010d5a47dcac9350e43f614d7efe7b0dad0__80000ms,2114c010d5a47dcac9350e43f614d7efe7b0dad0,VALČÍK DJ Maksy ft Korotkoff   Wicked Game (Viennese Waltz) [59BPM,D:\projekty\Hudba\music-editor\src\data\segments\viennese waltz\2114c010d5a47dcac9350e43f614d7efe7b0dad0__s80000ms.wav,80000,20000,178.2,viennese waltz
2114c010d5a47dcac9350e43f614d7efe7b0dad0__100000ms,2114c010d5a47dcac9350e43f614d7efe7b0dad0,VALČÍK DJ Maksy ft Korotkoff   Wicked Game (Viennese Waltz) [59BPM,D:\projekty\Hudba\music-editor\src\data\segments\viennese waltz\2114c010d5a47dcac9350e43f614d7efe7b0dad0__s100000ms.wav,100000,20000,178.2,viennese waltz
2114c010d5a47dcac9350e43f614d7efe7b0dad0__120000ms,2114c010d5a47dcac9350e43f614d7efe7b0dad0,VALČÍK DJ Maksy ft Korotkoff   Wicked Game (Viennese Waltz) [59BPM,D:\projekty\Hudba\music-editor\src\data\segments\viennese waltz\2114c010d5a47dcac9350e43f614d7efe7b0dad0__s120000ms.wav,120000,20000,178.2,viennese waltz
2114c010d5a47dcac9350e43f614d7efe7b0dad0__140000ms,2114c010d5a47dcac9350e43f614d7efe7b0dad0,VALČÍK DJ Maksy ft Korotkoff   Wicked Game (Viennese Waltz) [59BPM,D:\projekty\Hudba\music-editor\src\data\segments\viennese waltz\2114c010d5a47dcac9350e43f614d7efe7b0dad0__s140000ms.wav,140000,20000,178.2,viennese waltz
2114c010d5a47dcac9350e43f614d7efe7b0dad0__160000ms,2114c010d5a47dcac9350e43f614d7efe7b0dad0,VALČÍK DJ Maksy ft Korotkoff   Wicked Game (Viennese Waltz) [59BPM,D:\projekty\Hudba\music-editor\src\data\segments\viennese waltz\2114c010d5a47dcac9350e43f614d7efe7b0dad0__s160000ms.wav,160000,20000,178.2,viennese waltz
2114c010d5a47dcac9350e43f614d7efe7b0dad0__180000ms,2114c010d5a47dcac9350e43f614d7efe7b0dad0,VALČÍK DJ Maksy ft Korotkoff   Wicked Game (Viennese Waltz) [59BPM,D:\projekty\Hudba\music-editor\src\data\segments\viennese waltz\2114c010d5a47dcac9350e43f614d7efe7b0dad0__s180000ms.wav,180000,14090,178.2,viennese waltz
ecc30a5ff174b0fffd83d508d05b389000908c09__0ms,ecc30a5ff174b0fffd83d508d05b389000908c09,VALČÍK Frühlingsstimmen (Wiener Waltzer  60 BPM),D:\projekty\Hudba\music-editor\src\data\segments\viennese waltz\ecc30a5ff174b0fffd83d508d05b389000908c09__s0ms.wav,0,20000,89.1,viennese waltz
ecc30a5ff174b0fffd83d508d05b389000908c09__20000ms,ecc30a5ff174b0fffd83d508d05b389000908c09,VALČÍK Frühlingsstimmen (Wiener Waltzer  60 BPM),D:\projekty\Hudba\music-editor\src\data\segments\viennese waltz\ecc30a5ff174b0fffd83d508d05b389000908c09__s20000ms.wav,20000,20000,89.1,viennese waltz
ecc30a5ff174b0fffd83d508d05b389000908c09__40000ms,ecc30a5ff174b0fffd83d508d05b389000908c09,VALČÍK Frühlingsstimmen (Wiener Waltzer  60 BPM),D:\projekty\Hudba\music-editor\src\data\segments\viennese waltz\ecc30a5ff174b0fffd83d508d05b389000908c09__s40000ms.wav,40000,20000,89.1,viennese waltz
ecc30a5ff174b0fffd83d508d05b389000908c09__60000ms,ecc30a5ff174b0fffd83d508d05b389000908c09,VALČÍK Frühlingsstimmen (Wiener Waltzer  60 BPM),D:\projekty\Hudba\music-editor\src\data\segments\viennese waltz\ecc30a5ff174b0fffd83d508d05b389000908c09__s60000ms.wav,60000,20000,89.1,viennese waltz
ecc30a5ff174b0fffd83d508d05b389000908c09__80000ms,ecc30a5ff174b0fffd83d508d05b389000908c09,VALČÍK Frühlingsstimmen (Wiener Waltzer  60 BPM),D:\projekty\Hudba\music-editor\src\data\segments\viennese waltz\ecc30a5ff174b0fffd83d508d05b389000908c09__s80000ms.wav,80000,20000,89.1,viennese waltz
ecc30a5ff174b0fffd83d508d05b389000908c09__100000ms,ecc30a5ff174b0fffd83d508d05b389000908c09,VALČÍK Frühlingsstimmen (Wiener Waltzer  60 BPM),D:\projekty\Hudba\music-editor\src\data\segments\viennese waltz\ecc30a5ff174b0fffd83d508d05b389000908c09__s100000ms.wav,100000,20000,89.1,viennese waltz
ecc30a5ff174b0fffd83d508d05b389000908c09__120000ms,ecc30a5ff174b0fffd83d508d05b389000908c09,VALČÍK Frühlingsstimmen (Wiener Waltzer  60 BPM),D:\projekty\Hudba\music-editor\src\data\segments\viennese waltz\ecc30a5ff174b0fffd83d508d05b389000908c09__s120000ms.wav,120000,14322,89.1,viennese waltz
9513fcd0c053bcd60e70d6ee02f2816fa88e439a__0ms,9513fcd0c053bcd60e70d6ee02f2816fa88e439a,VALČÍK Happy Christmas Viennese Walt,D:\projekty\Hudba\music-editor\src\data\segments\viennese waltz\9513fcd0c053bcd60e70d6ee02f2816fa88e439a__s0ms.wav,0,20000,161.5,viennese waltz
9513fcd0c053bcd60e70d6ee02f2816fa88e439a__20000ms,9513fcd0c053bcd60e70d6ee02f2816fa88e439a,VALČÍK Happy Christmas Viennese Walt,D:\projekty\Hudba\music-editor\src\data\segments\viennese waltz\9513fcd0c053bcd60e70d6ee02f2816fa88e439a__s20000ms.wav,20000,20000,161.5,viennese waltz
9513fcd0c053bcd60e70d6ee02f2816fa88e439a__40000ms,9513fcd0c053bcd60e70d6ee02f2816fa88e439a,VALČÍK Happy Christmas Viennese Walt,D:\projekty\Hudba\music-editor\src\data\segments\viennese waltz\9513fcd0c053bcd60e70d6ee02f2816fa88e439a__s40000ms.wav,40000,20000,161.5,viennese waltz
9513fcd0c053bcd60e70d6ee02f2816fa88e439a__60000ms,9513fcd0c053bcd60e70d6ee02f2816fa88e439a,VALČÍK Happy Christmas Viennese Walt,D:\projekty\Hudba\music-editor\src\data\segments\viennese waltz\9513fcd0c053bcd60e70d6ee02f2816fa88e439a__s60000ms.wav,60000,20000,161.5,viennese waltz
9513fcd0c053bcd60e70d6ee02f2816fa88e439a__80000ms,9513fcd0c053bcd60e70d6ee02f2816fa88e439a,VALČÍK Happy Christmas Viennese Walt,D:\projekty\Hudba\music-editor\src\data\segments\viennese waltz\9513fcd0c053bcd60e70d6ee02f2816fa88e439a__s80000ms.wav,80000,17672,161.5,viennese waltz
dd66562285233fa61ebb8838123943096c0c8628__0ms,dd66562285233fa61ebb8838123943096c0c8628,VALČÍK Imagine Dragons   Next To Me,D:\projekty\Hudba\music-editor\src\data\segments\viennese waltz\dd66562285233fa61ebb8838123943096c0c8628__s0ms.wav,0,20000,56.2,viennese waltz
dd66562285233fa61ebb8838123943096c0c8628__20000ms,dd66562285233fa61ebb8838123943096c0c8628,VALČÍK Imagine Dragons   Next To Me,D:\projekty\Hudba\music-editor\src\data\segments\viennese waltz\dd66562285233fa61ebb8838123943096c0c8628__s20000ms.wav,20000,20000,56.2,viennese waltz
dd66562285233fa61ebb8838123943096c0c8628__40000ms,dd66562285233fa61ebb8838123943096c0c8628,VALČÍK Imagine Dragons   Next To Me,D:\projekty\Hudba\music-editor\src\data\segments\viennese waltz\dd66562285233fa61ebb8838123943096c0c8628__s40000ms.wav,40000,20000,56.2,viennese waltz
dd66562285233fa61ebb8838123943096c0c8628__60000ms,dd66562285233fa61ebb8838123943096c0c8628,VALČÍK Imagine Dragons   Next To Me,D:\projekty\Hudba\music-editor\src\data\segments\viennese waltz\dd66562285233fa61ebb8838123943096c0c8628__s60000ms.wav,60000,20000,56.2,viennese waltz
dd66562285233fa61ebb8838123943096c0c8628__80000ms,dd66562285233fa61ebb8838123943096c0c8628,VALČÍK Imagine Dragons   Next To Me,D:\projekty\Hudba\music-editor\src\data\segments\viennese waltz\dd66562285233fa61ebb8838123943096c0c8628__s80000ms.wav,80000,20000,56.2,viennese waltz
dd66562285233fa61ebb8838123943096c0c8628__100000ms,dd66562285233fa61ebb8838123943096c0c8628,VALČÍK Imagine Dragons   Next To Me,D:\projekty\Hudba\music-editor\src\data\segments\viennese waltz\dd66562285233fa61ebb8838123943096c0c8628__s100000ms.wav,100000,20000,56.2,viennese waltz
dd66562285233fa61ebb8838123943096c0c8628__120000ms,dd66562285233fa61ebb8838123943096c0c8628,VALČÍK Imagine Dragons   Next To Me,D:\projekty\Hudba\music-editor\src\data\segments\viennese waltz\dd66562285233fa61ebb8838123943096c0c8628__s120000ms.wav,120000,20000,56.2,viennese waltz
dd66562285233fa61ebb8838123943096c0c8628__140000ms,dd66562285233fa61ebb8838123943096c0c8628,VALČÍK Imagine Dragons   Next To Me,D:\projekty\Hudba\music-editor\src\data\segments\viennese waltz\dd66562285233fa61ebb8838123943096c0c8628__s140000ms.wav,140000,8689,56.2,viennese waltz
2e43db31bb3d07bfadd37437fa8f4aa8205873cc__0ms,2e43db31bb3d07bfadd37437fa8f4aa8205873cc,VALČÍK Knockin' on Heaven's Door (From 'Pat Garrett and Billy the Kid') (Viennese Waltz 59BPM),D:\projekty\Hudba\music-editor\src\data\segments\viennese waltz\2e43db31bb3d07bfadd37437fa8f4aa8205873cc__s0ms.wav,0,20000,178.2,viennese waltz
2e43db31bb3d07bfadd37437fa8f4aa8205873cc__20000ms,2e43db31bb3d07bfadd37437fa8f4aa8205873cc,VALČÍK Knockin' on Heaven's Door (From 'Pat Garrett and Billy the Kid') (Viennese Waltz 59BPM),D:\projekty\Hudba\music-editor\src\data\segments\viennese waltz\2e43db31bb3d07bfadd37437fa8f4aa8205873cc__s20000ms.wav,20000,20000,178.2,viennese waltz
2e43db31bb3d07bfadd37437fa8f4aa8205873cc__40000ms,2e43db31bb3d07bfadd37437fa8f4aa8205873cc,VALČÍK Knockin' on Heaven's Door (From 'Pat Garrett and Billy the Kid') (Viennese Waltz 59BPM),D:\projekty\Hudba\music-editor\src\data\segments\viennese waltz\2e43db31bb3d07bfadd37437fa8f4aa8205873cc__s40000ms.wav,40000,20000,178.2,viennese waltz
2e43db31bb3d07bfadd37437fa8f4aa8205873cc__60000ms,2e43db31bb3d07bfadd37437fa8f4aa8205873cc,VALČÍK Knockin' on Heaven's Door (From 'Pat Garrett and Billy the Kid') (Viennese Waltz 59BPM),D:\projekty\Hudba\music-editor\src\data\segments\viennese waltz\2e43db31bb3d07bfadd37437fa8f4aa8205873cc__s60000ms.wav,60000,20000,178.2,viennese waltz
2e43db31bb3d07bfadd37437fa8f4aa8205873cc__80000ms,2e43db31bb3d07bfadd37437fa8f4aa8205873cc,VALČÍK Knockin' on Heaven's Door (From 'Pat Garrett and Billy the Kid') (Viennese Waltz 59BPM),D:\projekty\Hudba\music-editor\src\data\segments\viennese waltz\2e43db31bb3d07bfadd37437fa8f4aa8205873cc__s80000ms.wav,80000,20000,178.2,viennese waltz
2e43db31bb3d07bfadd37437fa8f4aa8205873cc__100000ms,2e43db31bb3d07bfadd37437fa8f4aa8205873cc,VALČÍK Knockin' on Heaven's Door (From 'Pat Garrett and Billy the Kid') (Viennese Waltz 59BPM),D:\projekty\Hudba\music-editor\src\data\segments\viennese waltz\2e43db31bb3d07bfadd37437fa8f4aa8205873cc__s100000ms.wav,100000,20000,178.2,viennese waltz
2e43db31bb3d07bfadd37437fa8f4aa8205873cc__120000ms,2e43db31bb3d07bfadd37437fa8f4aa8205873cc,VALČÍK Knockin' on Heaven's Door (From 'Pat Garrett and Billy the Kid') (Viennese Waltz 59BPM),D:\projekty\Hudba\music-editor\src\data\segments\viennese waltz\2e43db31bb3d07bfadd37437fa8f4aa8205873cc__s120000ms.wav,120000,20000,178.2,viennese waltz
2e43db31bb3d07bfadd37437fa8f4aa8205873cc__140000ms,2e43db31bb3d07bfadd37437fa8f4aa8205873cc,VALČÍK Knockin' on Heaven's Door (From 'Pat Garrett and Billy the Kid') (Viennese Waltz 59BPM),D:\projekty\Hudba\music-editor\src\data\segments\viennese waltz\2e43db31bb3d07bfadd37437fa8f4aa8205873cc__s140000ms.wav,140000,20000,178.2,viennese waltz
2e43db31bb3d07bfadd37437fa8f4aa8205873cc__160000ms,2e43db31bb3d07bfadd37437fa8f4aa8205873cc,VALČÍK Knockin' on Heaven's Door (From 'Pat Garrett and Billy the Kid') (Viennese Waltz 59BPM),D:\projekty\Hudba\music-editor\src\data\segments\viennese waltz\2e43db31bb3d07bfadd37437fa8f4aa8205873cc__s160000ms.wav,160000,20000,178.2,viennese waltz
2e43db31bb3d07bfadd37437fa8f4aa8205873cc__180000ms,2e43db31bb3d07bfadd37437fa8f4aa8205873cc,VALČÍK Knockin' on Heaven's Door (From 'Pat Garrett and Billy the Kid') (Viennese Waltz 59BPM),D:\projekty\Hudba\music-editor\src\data\segments\viennese waltz\2e43db31bb3d07bfadd37437fa8f4aa8205873cc__s180000ms.wav,180000,9989,178.2,viennese waltz
bcfae63f0c8c6a6f7746fcdcf04c90a1097c67a7__0ms,bcfae63f0c8c6a6f7746fcdcf04c90a1097c67a7,VALČÍK No Time To Die (from James Bond,D:\projekty\Hudba\music-editor\src\data\segments\viennese waltz\bcfae63f0c8c6a6f7746fcdcf04c90a1097c67a7__s0ms.wav,0,20000,178.2,viennese waltz
bcfae63f0c8c6a6f7746fcdcf04c90a1097c67a7__20000ms,bcfae63f0c8c6a6f7746fcdcf04c90a1097c67a7,VALČÍK No Time To Die (from James Bond,D:\projekty\Hudba\music-editor\src\data\segments\viennese waltz\bcfae63f0c8c6a6f7746fcdcf04c90a1097c67a7__s20000ms.wav,20000,20000,178.2,viennese waltz
bcfae63f0c8c6a6f7746fcdcf04c90a1097c67a7__40000ms,bcfae63f0c8c6a6f7746fcdcf04c90a1097c67a7,VALČÍK No Time To Die (from James Bond,D:\projekty\Hudba\music-editor\src\data\segments\viennese waltz\bcfae63f0c8c6a6f7746fcdcf04c90a1097c67a7__s40000ms.wav,40000,20000,178.2,viennese waltz
bcfae63f0c8c6a6f7746fcdcf04c90a1097c67a7__60000ms,bcfae63f0c8c6a6f7746fcdcf04c90a1097c67a7,VALČÍK No Time To Die (from James Bond,D:\projekty\Hudba\music-editor\src\data\segments\viennese waltz\bcfae63f0c8c6a6f7746fcdcf04c90a1097c67a7__s60000ms.wav,60000,20000,178.2,viennese waltz
bcfae63f0c8c6a6f7746fcdcf04c90a1097c67a7__80000ms,bcfae63f0c8c6a6f7746fcdcf04c90a1097c67a7,VALČÍK No Time To Die (from James Bond,D:\projekty\Hudba\music-editor\src\data\segments\viennese waltz\bcfae63f0c8c6a6f7746fcdcf04c90a1097c67a7__s80000ms.wav,80000,20000,178.2,viennese waltz
bcfae63f0c8c6a6f7746fcdcf04c90a1097c67a7__100000ms,bcfae63f0c8c6a6f7746fcdcf04c90a1097c67a7,VALČÍK No Time To Die (from James Bond,D:\projekty\Hudba\music-editor\src\data\segments\viennese waltz\bcfae63f0c8c6a6f7746fcdcf04c90a1097c67a7__s100000ms.wav,100000,20000,178.2,viennese waltz
bcfae63f0c8c6a6f7746fcdcf04c90a1097c67a7__120000ms,bcfae63f0c8c6a6f7746fcdcf04c90a1097c67a7,VALČÍK No Time To Die (from James Bond,D:\projekty\Hudba\music-editor\src\data\segments\viennese waltz\bcfae63f0c8c6a6f7746fcdcf04c90a1097c67a7__s120000ms.wav,120000,20000,178.2,viennese waltz
bcfae63f0c8c6a6f7746fcdcf04c90a1097c67a7__140000ms,bcfae63f0c8c6a6f7746fcdcf04c90a1097c67a7,VALČÍK No Time To Die (from James Bond,D:\projekty\Hudba\music-editor\src\data\segments\viennese waltz\bcfae63f0c8c6a6f7746fcdcf04c90a1097c67a7__s140000ms.wav,140000,13809,178.2,viennese waltz
0c3fe00e4a23551a51ababaa9aa2635312d50c0f__0ms,0c3fe00e4a23551a51ababaa9aa2635312d50c0f,VALČÍK Piano Man (V Waltz,D:\projekty\Hudba\music-editor\src\data\segments\viennese waltz\0c3fe00e4a23551a51ababaa9aa2635312d50c0f__s0ms.wav,0,20000,172.3,viennese waltz
0c3fe00e4a23551a51ababaa9aa2635312d50c0f__20000ms,0c3fe00e4a23551a51ababaa9aa2635312d50c0f,VALČÍK Piano Man (V Waltz,D:\projekty\Hudba\music-editor\src\data\segments\viennese waltz\0c3fe00e4a23551a51ababaa9aa2635312d50c0f__s20000ms.wav,20000,20000,172.3,viennese waltz
0c3fe00e4a23551a51ababaa9aa2635312d50c0f__40000ms,0c3fe00e4a23551a51ababaa9aa2635312d50c0f,VALČÍK Piano Man (V Waltz,D:\projekty\Hudba\music-editor\src\data\segments\viennese waltz\0c3fe00e4a23551a51ababaa9aa2635312d50c0f__s40000ms.wav,40000,20000,172.3,viennese waltz
0c3fe00e4a23551a51ababaa9aa2635312d50c0f__60000ms,0c3fe00e4a23551a51ababaa9aa2635312d50c0f,VALČÍK Piano Man (V Waltz,D:\projekty\Hudba\music-editor\src\data\segments\viennese waltz\0c3fe00e4a23551a51ababaa9aa2635312d50c0f__s60000ms.wav,60000,20000,172.3,viennese waltz
0c3fe00e4a23551a51ababaa9aa2635312d50c0f__80000ms,0c3fe00e4a23551a51ababaa9aa2635312d50c0f,VALČÍK Piano Man (V Waltz,D:\projekty\Hudba\music-editor\src\data\segments\viennese waltz\0c3fe00e4a23551a51ababaa9aa2635312d50c0f__s80000ms.wav,80000,20000,172.3,viennese waltz
0c3fe00e4a23551a51ababaa9aa2635312d50c0f__100000ms,0c3fe00e4a23551a51ababaa9aa2635312d50c0f,VALČÍK Piano Man (V Waltz,D:\projekty\Hudba\music-editor\src\data\segments\viennese waltz\0c3fe00e4a23551a51ababaa9aa2635312d50c0f__s100000ms.wav,100000,20000,172.3,viennese waltz
0c3fe00e4a23551a51ababaa9aa2635312d50c0f__120000ms,0c3fe00e4a23551a51ababaa9aa2635312d50c0f,VALČÍK Piano Man (V Waltz,D:\projekty\Hudba\music-editor\src\data\segments\viennese waltz\0c3fe00e4a23551a51ababaa9aa2635312d50c0f__s120000ms.wav,120000,20000,172.3,viennese waltz
0c3fe00e4a23551a51ababaa9aa2635312d50c0f__140000ms,0c3fe00e4a23551a51ababaa9aa2635312d50c0f,VALČÍK Piano Man (V Waltz,D:\projekty\Hudba\music-editor\src\data\segments\viennese waltz\0c3fe00e4a23551a51ababaa9aa2635312d50c0f__s140000ms.wav,140000,20000,172.3,viennese waltz
0c3fe00e4a23551a51ababaa9aa2635312d50c0f__160000ms,0c3fe00e4a23551a51ababaa9aa2635312d50c0f,VALČÍK Piano Man (V Waltz,D:\projekty\Hudba\music-editor\src\data\segments\viennese waltz\0c3fe00e4a23551a51ababaa9aa2635312d50c0f__s160000ms.wav,160000,20000,172.3,viennese waltz
0c3fe00e4a23551a51ababaa9aa2635312d50c0f__180000ms,0c3fe00e4a23551a51ababaa9aa2635312d50c0f,VALČÍK Piano Man (V Waltz,D:\projekty\Hudba\music-editor\src\data\segments\viennese waltz\0c3fe00e4a23551a51ababaa9aa2635312d50c0f__s180000ms.wav,180000,20000,172.3,viennese waltz
0c3fe00e4a23551a51ababaa9aa2635312d50c0f__200000ms,0c3fe00e4a23551a51ababaa9aa2635312d50c0f,VALČÍK Piano Man (V Waltz,D:\projekty\Hudba\music-editor\src\data\segments\viennese waltz\0c3fe00e4a23551a51ababaa9aa2635312d50c0f__s200000ms.wav,200000,20000,172.3,viennese waltz
0c3fe00e4a23551a51ababaa9aa2635312d50c0f__220000ms,0c3fe00e4a23551a51ababaa9aa2635312d50c0f,VALČÍK Piano Man (V Waltz,D:\projekty\Hudba\music-editor\src\data\segments\viennese waltz\0c3fe00e4a23551a51ababaa9aa2635312d50c0f__s220000ms.wav,220000,20000,172.3,viennese waltz
0c3fe00e4a23551a51ababaa9aa2635312d50c0f__240000ms,0c3fe00e4a23551a51ababaa9aa2635312d50c0f,VALČÍK Piano Man (V Waltz,D:\projekty\Hudba\music-editor\src\data\segments\viennese waltz\0c3fe00e4a23551a51ababaa9aa2635312d50c0f__s240000ms.wav,240000,10802,172.3,viennese waltz
02ea16d017c9cc61cbed943de6f8745fddc40492__0ms,02ea16d017c9cc61cbed943de6f8745fddc40492,VALČÍK Pigalle [Wiener Walzer 59 bpm] - Schatteman And Couvreur,D:\projekty\Hudba\music-editor\src\data\segments\viennese waltz\02ea16d017c9cc61cbed943de6f8745fddc40492__s0ms.wav,0,20000,178.2,viennese waltz
02ea16d017c9cc61cbed943de6f8745fddc40492__20000ms,02ea16d017c9cc61cbed943de6f8745fddc40492,VALČÍK Pigalle [Wiener Walzer 59 bpm] - Schatteman And Couvreur,D:\projekty\Hudba\music-editor\src\data\segments\viennese waltz\02ea16d017c9cc61cbed943de6f8745fddc40492__s20000ms.wav,20000,20000,178.2,viennese waltz
02ea16d017c9cc61cbed943de6f8745fddc40492__40000ms,02ea16d017c9cc61cbed943de6f8745fddc40492,VALČÍK Pigalle [Wiener Walzer 59 bpm] - Schatteman And Couvreur,D:\projekty\Hudba\music-editor\src\data\segments\viennese waltz\02ea16d017c9cc61cbed943de6f8745fddc40492__s40000ms.wav,40000,20000,178.2,viennese waltz
02ea16d017c9cc61cbed943de6f8745fddc40492__60000ms,02ea16d017c9cc61cbed943de6f8745fddc40492,VALČÍK Pigalle [Wiener Walzer 59 bpm] - Schatteman And Couvreur,D:\projekty\Hudba\music-editor\src\data\segments\viennese waltz\02ea16d017c9cc61cbed943de6f8745fddc40492__s60000ms.wav,60000,20000,178.2,viennese waltz
02ea16d017c9cc61cbed943de6f8745fddc40492__80000ms,02ea16d017c9cc61cbed943de6f8745fddc40492,VALČÍK Pigalle [Wiener Walzer 59 bpm] - Schatteman And Couvreur,D:\projekty\Hudba\music-editor\src\data\segments\viennese waltz\02ea16d017c9cc61cbed943de6f8745fddc40492__s80000ms.wav,80000,20000,178.2,viennese waltz
02ea16d017c9cc61cbed943de6f8745fddc40492__100000ms,02ea16d017c9cc61cbed943de6f8745fddc40492,VALČÍK Pigalle [Wiener Walzer 59 bpm] - Schatteman And Couvreur,D:\projekty\Hudba\music-editor\src\data\segments\viennese waltz\02ea16d017c9cc61cbed943de6f8745fddc40492__s100000ms.wav,100000,20000,178.2,viennese waltz
02ea16d017c9cc61cbed943de6f8745fddc40492__120000ms,02ea16d017c9cc61cbed943de6f8745fddc40492,VALČÍK Pigalle [Wiener Walzer 59 bpm] - Schatteman And Couvreur,D:\projekty\Hudba\music-editor\src\data\segments\viennese waltz\02ea16d017c9cc61cbed943de6f8745fddc40492__s120000ms.wav,120000,20000,178.2,viennese waltz
02ea16d017c9cc61cbed943de6f8745fddc40492__140000ms,02ea16d017c9cc61cbed943de6f8745fddc40492,VALČÍK Pigalle [Wiener Walzer 59 bpm] - Schatteman And Couvreur,D:\projekty\Hudba\music-editor\src\data\segments\viennese waltz\02ea16d017c9cc61cbed943de6f8745fddc40492__s140000ms.wav,140000,20000,178.2,viennese waltz
02ea16d017c9cc61cbed943de6f8745fddc40492__160000ms,02ea16d017c9cc61cbed943de6f8745fddc40492,VALČÍK Pigalle [Wiener Walzer 59 bpm] - Schatteman And Couvreur,D:\projekty\Hudba\music-editor\src\data\segments\viennese waltz\02ea16d017c9cc61cbed943de6f8745fddc40492__s160000ms.wav,160000,20000,178.2,viennese waltz
02ea16d017c9cc61cbed943de6f8745fddc40492__180000ms,02ea16d017c9cc61cbed943de6f8745fddc40492,VALČÍK Pigalle [Wiener Walzer 59 bpm] - Schatteman And Couvreur,D:\projekty\Hudba\music-editor\src\data\segments\viennese waltz\02ea16d017c9cc61cbed943de6f8745fddc40492__s180000ms.wav,180000,20000,178.2,viennese waltz
02ea16d017c9cc61cbed943de6f8745fddc40492__200000ms,02ea16d017c9cc61cbed943de6f8745fddc40492,VALČÍK Pigalle [Wiener Walzer 59 bpm] - Schatteman And Couvreur,D:\projekty\Hudba\music-editor\src\data\segments\viennese waltz\02ea16d017c9cc61cbed943de6f8745fddc40492__s200000ms.wav,200000,14413,178.2,viennese waltz
c6d3de1d7b749a2bd93790dc3d593df3dff6c0db__0ms,c6d3de1d7b749a2bd93790dc3d593df3dff6c0db,VALČÍK Reckless [Viennese Waltz 59BPM,D:\projekty\Hudba\music-editor\src\data\segments\viennese waltz\c6d3de1d7b749a2bd93790dc3d593df3dff6c0db__s0ms.wav,0,20000,178.2,viennese waltz
c6d3de1d7b749a2bd93790dc3d593df3dff6c0db__20000ms,c6d3de1d7b749a2bd93790dc3d593df3dff6c0db,VALČÍK Reckless [Viennese Waltz 59BPM,D:\projekty\Hudba\music-editor\src\data\segments\viennese waltz\c6d3de1d7b749a2bd93790dc3d593df3dff6c0db__s20000ms.wav,20000,20000,178.2,viennese waltz
c6d3de1d7b749a2bd93790dc3d593df3dff6c0db__40000ms,c6d3de1d7b749a2bd93790dc3d593df3dff6c0db,VALČÍK Reckless [Viennese Waltz 59BPM,D:\projekty\Hudba\music-editor\src\data\segments\viennese waltz\c6d3de1d7b749a2bd93790dc3d593df3dff6c0db__s40000ms.wav,40000,20000,178.2,viennese waltz
c6d3de1d7b749a2bd93790dc3d593df3dff6c0db__60000ms,c6d3de1d7b749a2bd93790dc3d593df3dff6c0db,VALČÍK Reckless [Viennese Waltz 59BPM,D:\projekty\Hudba\music-editor\src\data\segments\viennese waltz\c6d3de1d7b749a2bd93790dc3d593df3dff6c0db__s60000ms.wav,60000,20000,178.2,viennese waltz
c6d3de1d7b749a2bd93790dc3d593df3dff6c0db__80000ms,c6d3de1d7b749a2bd93790dc3d593df3dff6c0db,VALČÍK Reckless [Viennese Waltz 59BPM,D:\projekty\Hudba\music-editor\src\data\segments\viennese waltz\c6d3de1d7b749a2bd93790dc3d593df3dff6c0db__s80000ms.wav,80000,20000,178.2,viennese waltz
c6d3de1d7b749a2bd93790dc3d593df3dff6c0db__100000ms,c6d3de1d7b749a2bd93790dc3d593df3dff6c0db,VALČÍK Reckless [Viennese Waltz 59BPM,D:\projekty\Hudba\music-editor\src\data\segments\viennese waltz\c6d3de1d7b749a2bd93790dc3d593df3dff6c0db__s100000ms.wav,100000,20000,178.2,viennese waltz
c6d3de1d7b749a2bd93790dc3d593df3dff6c0db__120000ms,c6d3de1d7b749a2bd93790dc3d593df3dff6c0db,VALČÍK Reckless [Viennese Waltz 59BPM,D:\projekty\Hudba\music-editor\src\data\segments\viennese waltz\c6d3de1d7b749a2bd93790dc3d593df3dff6c0db__s120000ms.wav,120000,20000,178.2,viennese waltz
c6d3de1d7b749a2bd93790dc3d593df3dff6c0db__140000ms,c6d3de1d7b749a2bd93790dc3d593df3dff6c0db,VALČÍK Reckless [Viennese Waltz 59BPM,D:\projekty\Hudba\music-editor\src\data\segments\viennese waltz\c6d3de1d7b749a2bd93790dc3d593df3dff6c0db__s140000ms.wav,140000,20000,178.2,viennese waltz
c6d3de1d7b749a2bd93790dc3d593df3dff6c0db__160000ms,c6d3de1d7b749a2bd93790dc3d593df3dff6c0db,VALČÍK Reckless [Viennese Waltz 59BPM,D:\projekty\Hudba\music-editor\src\data\segments\viennese waltz\c6d3de1d7b749a2bd93790dc3d593df3dff6c0db__s160000ms.wav,160000,20000,178.2,viennese waltz
8b83998eb2e04085043d0cde69f5d1133b7cf1ed__0ms,8b83998eb2e04085043d0cde69f5d1133b7cf1ed,VALČÍK Valzer Viennese   Carol of the Bell,D:\projekty\Hudba\music-editor\src\data\segments\viennese waltz\8b83998eb2e04085043d0cde69f5d1133b7cf1ed__s0ms.wav,0,20000,172.3,viennese waltz
8b83998eb2e04085043d0cde69f5d1133b7cf1ed__20000ms,8b83998eb2e04085043d0cde69f5d1133b7cf1ed,VALČÍK Valzer Viennese   Carol of the Bell,D:\projekty\Hudba\music-editor\src\data\segments\viennese waltz\8b83998eb2e04085043d0cde69f5d1133b7cf1ed__s20000ms.wav,20000,20000,172.3,viennese waltz
8b83998eb2e04085043d0cde69f5d1133b7cf1ed__40000ms,8b83998eb2e04085043d0cde69f5d1133b7cf1ed,VALČÍK Valzer Viennese   Carol of the Bell,D:\projekty\Hudba\music-editor\src\data\segments\viennese waltz\8b83998eb2e04085043d0cde69f5d1133b7cf1ed__s40000ms.wav,40000,20000,172.3,viennese waltz
8b83998eb2e04085043d0cde69f5d1133b7cf1ed__60000ms,8b83998eb2e04085043d0cde69f5d1133b7cf1ed,VALČÍK Valzer Viennese   Carol of the Bell,D:\projekty\Hudba\music-editor\src\data\segments\viennese waltz\8b83998eb2e04085043d0cde69f5d1133b7cf1ed__s60000ms.wav,60000,20000,172.3,viennese waltz
8b83998eb2e04085043d0cde69f5d1133b7cf1ed__80000ms,8b83998eb2e04085043d0cde69f5d1133b7cf1ed,VALČÍK Valzer Viennese   Carol of the Bell,D:\projekty\Hudba\music-editor\src\data\segments\viennese waltz\8b83998eb2e04085043d0cde69f5d1133b7cf1ed__s80000ms.wav,80000,20000,172.3,viennese waltz
8b83998eb2e04085043d0cde69f5d1133b7cf1ed__100000ms,8b83998eb2e04085043d0cde69f5d1133b7cf1ed,VALČÍK Valzer Viennese   Carol of the Bell,D:\projekty\Hudba\music-editor\src\data\segments\viennese waltz\8b83998eb2e04085043d0cde69f5d1133b7cf1ed__s100000ms.wav,100000,20000,172.3,viennese waltz
8b83998eb2e04085043d0cde69f5d1133b7cf1ed__120000ms,8b83998eb2e04085043d0cde69f5d1133b7cf1ed,VALČÍK Valzer Viennese   Carol of the Bell,D:\projekty\Hudba\music-editor\src\data\segments\viennese waltz\8b83998eb2e04085043d0cde69f5d1133b7cf1ed__s120000ms.wav,120000,20000,172.3,viennese waltz
8b83998eb2e04085043d0cde69f5d1133b7cf1ed__140000ms,8b83998eb2e04085043d0cde69f5d1133b7cf1ed,VALČÍK Valzer Viennese   Carol of the Bell,D:\projekty\Hudba\music-editor\src\data\segments\viennese waltz\8b83998eb2e04085043d0cde69f5d1133b7cf1ed__s140000ms.wav,140000,20000,172.3,viennese waltz
570cba70fb46435101ce54b3804bbeb1cbca2a3e__0ms,570cba70fb46435101ce54b3804bbeb1cbca2a3e,VALČÍK VIENNESE WALTZ   Dj Ice   Lavender's Blue (ft Jonna),D:\projekty\Hudba\music-editor\src\data\segments\viennese waltz\570cba70fb46435101ce54b3804bbeb1cbca2a3e__s0ms.wav,0,20000,172.3,viennese waltz
570cba70fb46435101ce54b3804bbeb1cbca2a3e__20000ms,570cba70fb46435101ce54b3804bbeb1cbca2a3e,VALČÍK VIENNESE WALTZ   Dj Ice   Lavender's Blue (ft Jonna),D:\projekty\Hudba\music-editor\src\data\segments\viennese waltz\570cba70fb46435101ce54b3804bbeb1cbca2a3e__s20000ms.wav,20000,20000,172.3,viennese waltz
570cba70fb46435101ce54b3804bbeb1cbca2a3e__40000ms,570cba70fb46435101ce54b3804bbeb1cbca2a3e,VALČÍK VIENNESE WALTZ   Dj Ice   Lavender's Blue (ft Jonna),D:\projekty\Hudba\music-editor\src\data\segments\viennese waltz\570cba70fb46435101ce54b3804bbeb1cbca2a3e__s40000ms.wav,40000,20000,172.3,viennese waltz
570cba70fb46435101ce54b3804bbeb1cbca2a3e__60000ms,570cba70fb46435101ce54b3804bbeb1cbca2a3e,VALČÍK VIENNESE WALTZ   Dj Ice   Lavender's Blue (ft Jonna),D:\projekty\Hudba\music-editor\src\data\segments\viennese waltz\570cba70fb46435101ce54b3804bbeb1cbca2a3e__s60000ms.wav,60000,20000,172.3,viennese waltz
570cba70fb46435101ce54b3804bbeb1cbca2a3e__80000ms,570cba70fb46435101ce54b3804bbeb1cbca2a3e,VALČÍK VIENNESE WALTZ   Dj Ice   Lavender's Blue (ft Jonna),D:\projekty\Hudba\music-editor\src\data\segments\viennese waltz\570cba70fb46435101ce54b3804bbeb1cbca2a3e__s80000ms.wav,80000,15451,172.3,viennese waltz
83153350a8e0d2aac89a5dcb94139fe2de0acc53__0ms,83153350a8e0d2aac89a5dcb94139fe2de0acc53,VALČÍK VIENNESE WALTZ   Dj Ice   Perfect (Ed Sheeran Cover),D:\projekty\Hudba\music-editor\src\data\segments\viennese waltz\83153350a8e0d2aac89a5dcb94139fe2de0acc53__s0ms.wav,0,20000,89.1,viennese waltz
83153350a8e0d2aac89a5dcb94139fe2de0acc53__20000ms,83153350a8e0d2aac89a5dcb94139fe2de0acc53,VALČÍK VIENNESE WALTZ   Dj Ice   Perfect (Ed Sheeran Cover),D:\projekty\Hudba\music-editor\src\data\segments\viennese waltz\83153350a8e0d2aac89a5dcb94139fe2de0acc53__s20000ms.wav,20000,20000,89.1,viennese waltz
83153350a8e0d2aac89a5dcb94139fe2de0acc53__40000ms,83153350a8e0d2aac89a5dcb94139fe2de0acc53,VALČÍK VIENNESE WALTZ   Dj Ice   Perfect (Ed Sheeran Cover),D:\projekty\Hudba\music-editor\src\data\segments\viennese waltz\83153350a8e0d2aac89a5dcb94139fe2de0acc53__s40000ms.wav,40000,20000,89.1,viennese waltz
83153350a8e0d2aac89a5dcb94139fe2de0acc53__60000ms,83153350a8e0d2aac89a5dcb94139fe2de0acc53,VALČÍK VIENNESE WALTZ   Dj Ice   Perfect (Ed Sheeran Cover),D:\projekty\Hudba\music-editor\src\data\segments\viennese waltz\83153350a8e0d2aac89a5dcb94139fe2de0acc53__s60000ms.wav,60000,20000,89.1,viennese waltz
83153350a8e0d2aac89a5dcb94139fe2de0acc53__80000ms,83153350a8e0d2aac89a5dcb94139fe2de0acc53,VALČÍK VIENNESE WALTZ   Dj Ice   Perfect (Ed Sheeran Cover),D:\projekty\Hudba\music-editor\src\data\segments\viennese waltz\83153350a8e0d2aac89a5dcb94139fe2de0acc53__s80000ms.wav,80000,20000,89.1,viennese waltz
34c2917c3c6603304b513e09ff0104bb6feb4c2e__0ms,34c2917c3c6603304b513e09ff0104bb6feb4c2e,VALČÍK VIENNESE WALTZ   Dj Ice ft Avery   Loyal Brave True (From Mulan,D:\projekty\Hudba\music-editor\src\data\segments\viennese waltz\34c2917c3c6603304b513e09ff0104bb6feb4c2e__s0ms.wav,0,20000,172.3,viennese waltz
34c2917c3c6603304b513e09ff0104bb6feb4c2e__20000ms,34c2917c3c6603304b513e09ff0104bb6feb4c2e,VALČÍK VIENNESE WALTZ   Dj Ice ft Avery   Loyal Brave True (From Mulan,D:\projekty\Hudba\music-editor\src\data\segments\viennese waltz\34c2917c3c6603304b513e09ff0104bb6feb4c2e__s20000ms.wav,20000,20000,172.3,viennese waltz
34c2917c3c6603304b513e09ff0104bb6feb4c2e__40000ms,34c2917c3c6603304b513e09ff0104bb6feb4c2e,VALČÍK VIENNESE WALTZ   Dj Ice ft Avery   Loyal Brave True (From Mulan,D:\projekty\Hudba\music-editor\src\data\segments\viennese waltz\34c2917c3c6603304b513e09ff0104bb6feb4c2e__s40000ms.wav,40000,20000,172.3,viennese waltz
34c2917c3c6603304b513e09ff0104bb6feb4c2e__60000ms,34c2917c3c6603304b513e09ff0104bb6feb4c2e,VALČÍK VIENNESE WALTZ   Dj Ice ft Avery   Loyal Brave True (From Mulan,D:\projekty\Hudba\music-editor\src\data\segments\viennese waltz\34c2917c3c6603304b513e09ff0104bb6feb4c2e__s60000ms.wav,60000,20000,172.3,viennese waltz
34c2917c3c6603304b513e09ff0104bb6feb4c2e__80000ms,34c2917c3c6603304b513e09ff0104bb6feb4c2e,VALČÍK VIENNESE WALTZ   Dj Ice ft Avery   Loyal Brave True (From Mulan,D:\projekty\Hudba\music-editor\src\data\segments\viennese waltz\34c2917c3c6603304b513e09ff0104bb6feb4c2e__s80000ms.wav,80000,16078,172.3,viennese waltz
4d63b476f306a65e60e8374b74663a53f2e84d72__0ms,4d63b476f306a65e60e8374b74663a53f2e84d72,VALČÍK Viennese Waltz   Secrets (59 BPM),D:\projekty\Hudba\music-editor\src\data\segments\viennese waltz\4d63b476f306a65e60e8374b74663a53f2e84d72__s0ms.wav,0,20000,178.2,viennese waltz
4d63b476f306a65e60e8374b74663a53f2e84d72__20000ms,4d63b476f306a65e60e8374b74663a53f2e84d72,VALČÍK Viennese Waltz   Secrets (59 BPM),D:\projekty\Hudba\music-editor\src\data\segments\viennese waltz\4d63b476f306a65e60e8374b74663a53f2e84d72__s20000ms.wav,20000,20000,178.2,viennese waltz
4d63b476f306a65e60e8374b74663a53f2e84d72__40000ms,4d63b476f306a65e60e8374b74663a53f2e84d72,VALČÍK Viennese Waltz   Secrets (59 BPM),D:\projekty\Hudba\music-editor\src\data\segments\viennese waltz\4d63b476f306a65e60e8374b74663a53f2e84d72__s40000ms.wav,40000,20000,178.2,viennese waltz
4d63b476f306a65e60e8374b74663a53f2e84d72__60000ms,4d63b476f306a65e60e8374b74663a53f2e84d72,VALČÍK Viennese Waltz   Secrets (59 BPM),D:\projekty\Hudba\music-editor\src\data\segments\viennese waltz\4d63b476f306a65e60e8374b74663a53f2e84d72__s60000ms.wav,60000,20000,178.2,viennese waltz
4d63b476f306a65e60e8374b74663a53f2e84d72__80000ms,4d63b476f306a65e60e8374b74663a53f2e84d72,VALČÍK Viennese Waltz   Secrets (59 BPM),D:\projekty\Hudba\music-editor\src\data\segments\viennese waltz\4d63b476f306a65e60e8374b74663a53f2e84d72__s80000ms.wav,80000,20000,178.2,viennese waltz
4d63b476f306a65e60e8374b74663a53f2e84d72__100000ms,4d63b476f306a65e60e8374b74663a53f2e84d72,VALČÍK Viennese Waltz   Secrets (59 BPM),D:\projekty\Hudba\music-editor\src\data\segments\viennese waltz\4d63b476f306a65e60e8374b74663a53f2e84d72__s100000ms.wav,100000,20000,178.2,viennese waltz
4d63b476f306a65e60e8374b74663a53f2e84d72__120000ms,4d63b476f306a65e60e8374b74663a53f2e84d72,VALČÍK Viennese Waltz   Secrets (59 BPM),D:\projekty\Hudba\music-editor\src\data\segments\viennese waltz\4d63b476f306a65e60e8374b74663a53f2e84d72__s120000ms.wav,120000,19311,178.2,viennese waltz
7fa6b0f1a6fed0c7b88c6b54a4234e3f4b604330__0ms,7fa6b0f1a6fed0c7b88c6b54a4234e3f4b604330,Valčík   Hallelujah,D:\projekty\Hudba\music-editor\src\data\segments\viennese waltz\7fa6b0f1a6fed0c7b88c6b54a4234e3f4b604330__s0ms.wav,0,20000,94.0,viennese waltz
7fa6b0f1a6fed0c7b88c6b54a4234e3f4b604330__20000ms,7fa6b0f1a6fed0c7b88c6b54a4234e3f4b604330,Valčík   Hallelujah,D:\projekty\Hudba\music-editor\src\data\segments\viennese waltz\7fa6b0f1a6fed0c7b88c6b54a4234e3f4b604330__s20000ms.wav,20000,20000,94.0,viennese waltz
7fa6b0f1a6fed0c7b88c6b54a4234e3f4b604330__40000ms,7fa6b0f1a6fed0c7b88c6b54a4234e3f4b604330,Valčík   Hallelujah,D:\projekty\Hudba\music-editor\src\data\segments\viennese waltz\7fa6b0f1a6fed0c7b88c6b54a4234e3f4b604330__s40000ms.wav,40000,20000,94.0,viennese waltz
7fa6b0f1a6fed0c7b88c6b54a4234e3f4b604330__60000ms,7fa6b0f1a6fed0c7b88c6b54a4234e3f4b604330,Valčík   Hallelujah,D:\projekty\Hudba\music-editor\src\data\segments\viennese waltz\7fa6b0f1a6fed0c7b88c6b54a4234e3f4b604330__s60000ms.wav,60000,20000,94.0,viennese waltz
7fa6b0f1a6fed0c7b88c6b54a4234e3f4b604330__80000ms,7fa6b0f1a6fed0c7b88c6b54a4234e3f4b604330,Valčík   Hallelujah,D:\projekty\Hudba\music-editor\src\data\segments\viennese waltz\7fa6b0f1a6fed0c7b88c6b54a4234e3f4b604330__s80000ms.wav,80000,20000,94.0,viennese waltz
7fa6b0f1a6fed0c7b88c6b54a4234e3f4b604330__100000ms,7fa6b0f1a6fed0c7b88c6b54a4234e3f4b604330,Valčík   Hallelujah,D:\projekty\Hudba\music-editor\src\data\segments\viennese waltz\7fa6b0f1a6fed0c7b88c6b54a4234e3f4b604330__s100000ms.wav,100000,20000,94.0,viennese waltz
7fa6b0f1a6fed0c7b88c6b54a4234e3f4b604330__120000ms,7fa6b0f1a6fed0c7b88c6b54a4234e3f4b604330,Valčík   Hallelujah,D:\projekty\Hudba\music-editor\src\data\segments\viennese waltz\7fa6b0f1a6fed0c7b88c6b54a4234e3f4b604330__s120000ms.wav,120000,20000,94.0,viennese waltz
7fa6b0f1a6fed0c7b88c6b54a4234e3f4b604330__140000ms,7fa6b0f1a6fed0c7b88c6b54a4234e3f4b604330,Valčík   Hallelujah,D:\projekty\Hudba\music-editor\src\data\segments\viennese waltz\7fa6b0f1a6fed0c7b88c6b54a4234e3f4b604330__s140000ms.wav,140000,20000,94.0,viennese waltz
7fa6b0f1a6fed0c7b88c6b54a4234e3f4b604330__160000ms,7fa6b0f1a6fed0c7b88c6b54a4234e3f4b604330,Valčík   Hallelujah,D:\projekty\Hudba\music-editor\src\data\segments\viennese waltz\7fa6b0f1a6fed0c7b88c6b54a4234e3f4b604330__s160000ms.wav,160000,20000,94.0,viennese waltz
20d8b42f4347ad7da738876f1ea5d9e3cfe6087f__0ms,20d8b42f4347ad7da738876f1ea5d9e3cfe6087f,Viennese Waltz   Secrets (59 BPM),D:\projekty\Hudba\music-editor\src\data\segments\viennese waltz\20d8b42f4347ad7da738876f1ea5d9e3cfe6087f__s0ms.wav,0,20000,178.2,viennese waltz
20d8b42f4347ad7da738876f1ea5d9e3cfe6087f__20000ms,20d8b42f4347ad7da738876f1ea5d9e3cfe6087f,Viennese Waltz   Secrets (59 BPM),D:\projekty\Hudba\music-editor\src\data\segments\viennese waltz\20d8b42f4347ad7da738876f1ea5d9e3cfe6087f__s20000ms.wav,20000,20000,178.2,viennese waltz
20d8b42f4347ad7da738876f1ea5d9e3cfe6087f__40000ms,20d8b42f4347ad7da738876f1ea5d9e3cfe6087f,Viennese Waltz   Secrets (59 BPM),D:\projekty\Hudba\music-editor\src\data\segments\viennese waltz\20d8b42f4347ad7da738876f1ea5d9e3cfe6087f__s40000ms.wav,40000,20000,178.2,viennese waltz
20d8b42f4347ad7da738876f1ea5d9e3cfe6087f__60000ms,20d8b42f4347ad7da738876f1ea5d9e3cfe6087f,Viennese Waltz   Secrets (59 BPM),D:\projekty\Hudba\music-editor\src\data\segments\viennese waltz\20d8b42f4347ad7da738876f1ea5d9e3cfe6087f__s60000ms.wav,60000,20000,178.2,viennese waltz
20d8b42f4347ad7da738876f1ea5d9e3cfe6087f__80000ms,20d8b42f4347ad7da738876f1ea5d9e3cfe6087f,Viennese Waltz   Secrets (59 BPM),D:\projekty\Hudba\music-editor\src\data\segments\viennese waltz\20d8b42f4347ad7da738876f1ea5d9e3cfe6087f__s80000ms.wav,80000,20000,178.2,viennese waltz
20d8b42f4347ad7da738876f1ea5d9e3cfe6087f__100000ms,20d8b42f4347ad7da738876f1ea5d9e3cfe6087f,Viennese Waltz   Secrets (59 BPM),D:\projekty\Hudba\music-editor\src\data\segments\viennese waltz\20d8b42f4347ad7da738876f1ea5d9e3cfe6087f__s100000ms.wav,100000,20000,178.2,viennese waltz
20d8b42f4347ad7da738876f1ea5d9e3cfe6087f__120000ms,20d8b42f4347ad7da738876f1ea5d9e3cfe6087f,Viennese Waltz   Secrets (59 BPM),D:\projekty\Hudba\music-editor\src\data\segments\viennese waltz\20d8b42f4347ad7da738876f1ea5d9e3cfe6087f__s120000ms.wav,120000,20000,178.2,viennese waltz
5edf7bf4bf094505f723d04deea302d697ec7591__0ms,5edf7bf4bf094505f723d04deea302d697ec7591,VÁLČÍK Saviou,D:\projekty\Hudba\music-editor\src\data\segments\viennese waltz\5edf7bf4bf094505f723d04deea302d697ec7591__s0ms.wav,0,20000,,viennese waltz
5edf7bf4bf094505f723d04deea302d697ec7591__20000ms,5edf7bf4bf094505f723d04deea302d697ec7591,VÁLČÍK Saviou,D:\projekty\Hudba\music-editor\src\data\segments\viennese waltz\5edf7bf4bf094505f723d04deea302d697ec7591__s20000ms.wav,20000,20000,,viennese waltz
5edf7bf4bf094505f723d04deea302d697ec7591__40000ms,5edf7bf4bf094505f723d04deea302d697ec7591,VÁLČÍK Saviou,D:\projekty\Hudba\music-editor\src\data\segments\viennese waltz\5edf7bf4bf094505f723d04deea302d697ec7591__s40000ms.wav,40000,20000,,viennese waltz
5edf7bf4bf094505f723d04deea302d697ec7591__60000ms,5edf7bf4bf094505f723d04deea302d697ec7591,VÁLČÍK Saviou,D:\projekty\Hudba\music-editor\src\data\segments\viennese waltz\5edf7bf4bf094505f723d04deea302d697ec7591__s60000ms.wav,60000,20000,,viennese waltz
5edf7bf4bf094505f723d04deea302d697ec7591__80000ms,5edf7bf4bf094505f723d04deea302d697ec7591,VÁLČÍK Saviou,D:\projekty\Hudba\music-editor\src\data\segments\viennese waltz\5edf7bf4bf094505f723d04deea302d697ec7591__s80000ms.wav,80000,20000,,viennese waltz
5edf7bf4bf094505f723d04deea302d697ec7591__100000ms,5edf7bf4bf094505f723d04deea302d697ec7591,VÁLČÍK Saviou,D:\projekty\Hudba\music-editor\src\data\segments\viennese waltz\5edf7bf4bf094505f723d04deea302d697ec7591__s100000ms.wav,100000,20000,,viennese waltz
5edf7bf4bf094505f723d04deea302d697ec7591__120000ms,5edf7bf4bf094505f723d04deea302d697ec7591,VÁLČÍK Saviou,D:\projekty\Hudba\music-editor\src\data\segments\viennese waltz\5edf7bf4bf094505f723d04deea302d697ec7591__s120000ms.wav,120000,18789,,viennese waltz
394e9c7444bb19931fd605187d7e7f8d503e44fd__0ms,394e9c7444bb19931fd605187d7e7f8d503e44fd,WALTZ     Dj Ice   Concerning Hobbits (from Lord Of the Rings) (29 BPM),D:\projekty\Hudba\music-editor\src\data\segments\waltz\394e9c7444bb19931fd605187d7e7f8d503e44fd__s0ms.wav,0,20000,87.6,waltz
394e9c7444bb19931fd605187d7e7f8d503e44fd__20000ms,394e9c7444bb19931fd605187d7e7f8d503e44fd,WALTZ     Dj Ice   Concerning Hobbits (from Lord Of the Rings) (29 BPM),D:\projekty\Hudba\music-editor\src\data\segments\waltz\394e9c7444bb19931fd605187d7e7f8d503e44fd__s20000ms.wav,20000,20000,87.6,waltz
394e9c7444bb19931fd605187d7e7f8d503e44fd__40000ms,394e9c7444bb19931fd605187d7e7f8d503e44fd,WALTZ     Dj Ice   Concerning Hobbits (from Lord Of the Rings) (29 BPM),D:\projekty\Hudba\music-editor\src\data\segments\waltz\394e9c7444bb19931fd605187d7e7f8d503e44fd__s40000ms.wav,40000,20000,87.6,waltz
394e9c7444bb19931fd605187d7e7f8d503e44fd__60000ms,394e9c7444bb19931fd605187d7e7f8d503e44fd,WALTZ     Dj Ice   Concerning Hobbits (from Lord Of the Rings) (29 BPM),D:\projekty\Hudba\music-editor\src\data\segments\waltz\394e9c7444bb19931fd605187d7e7f8d503e44fd__s60000ms.wav,60000,20000,87.6,waltz
394e9c7444bb19931fd605187d7e7f8d503e44fd__80000ms,394e9c7444bb19931fd605187d7e7f8d503e44fd,WALTZ     Dj Ice   Concerning Hobbits (from Lord Of the Rings) (29 BPM),D:\projekty\Hudba\music-editor\src\data\segments\waltz\394e9c7444bb19931fd605187d7e7f8d503e44fd__s80000ms.wav,80000,20000,87.6,waltz
394e9c7444bb19931fd605187d7e7f8d503e44fd__100000ms,394e9c7444bb19931fd605187d7e7f8d503e44fd,WALTZ     Dj Ice   Concerning Hobbits (from Lord Of the Rings) (29 BPM),D:\projekty\Hudba\music-editor\src\data\segments\waltz\394e9c7444bb19931fd605187d7e7f8d503e44fd__s100000ms.wav,100000,9453,87.6,waltz
ecb27b625cab64d62527ea3b463c33f490134ff0__0ms,ecb27b625cab64d62527ea3b463c33f490134ff0,Waltz    Horchat hai caliptus,D:\projekty\Hudba\music-editor\src\data\segments\waltz\ecb27b625cab64d62527ea3b463c33f490134ff0__s0ms.wav,0,20000,84.7,waltz
ecb27b625cab64d62527ea3b463c33f490134ff0__20000ms,ecb27b625cab64d62527ea3b463c33f490134ff0,Waltz    Horchat hai caliptus,D:\projekty\Hudba\music-editor\src\data\segments\waltz\ecb27b625cab64d62527ea3b463c33f490134ff0__s20000ms.wav,20000,20000,84.7,waltz
ecb27b625cab64d62527ea3b463c33f490134ff0__40000ms,ecb27b625cab64d62527ea3b463c33f490134ff0,Waltz    Horchat hai caliptus,D:\projekty\Hudba\music-editor\src\data\segments\waltz\ecb27b625cab64d62527ea3b463c33f490134ff0__s40000ms.wav,40000,20000,84.7,waltz
ecb27b625cab64d62527ea3b463c33f490134ff0__60000ms,ecb27b625cab64d62527ea3b463c33f490134ff0,Waltz    Horchat hai caliptus,D:\projekty\Hudba\music-editor\src\data\segments\waltz\ecb27b625cab64d62527ea3b463c33f490134ff0__s60000ms.wav,60000,20000,84.7,waltz
ecb27b625cab64d62527ea3b463c33f490134ff0__80000ms,ecb27b625cab64d62527ea3b463c33f490134ff0,Waltz    Horchat hai caliptus,D:\projekty\Hudba\music-editor\src\data\segments\waltz\ecb27b625cab64d62527ea3b463c33f490134ff0__s80000ms.wav,80000,20000,84.7,waltz
ecb27b625cab64d62527ea3b463c33f490134ff0__100000ms,ecb27b625cab64d62527ea3b463c33f490134ff0,Waltz    Horchat hai caliptus,D:\projekty\Hudba\music-editor\src\data\segments\waltz\ecb27b625cab64d62527ea3b463c33f490134ff0__s100000ms.wav,100000,20000,84.7,waltz
ecb27b625cab64d62527ea3b463c33f490134ff0__120000ms,ecb27b625cab64d62527ea3b463c33f490134ff0,Waltz    Horchat hai caliptus,D:\projekty\Hudba\music-editor\src\data\segments\waltz\ecb27b625cab64d62527ea3b463c33f490134ff0__s120000ms.wav,120000,20000,84.7,waltz
ecb27b625cab64d62527ea3b463c33f490134ff0__140000ms,ecb27b625cab64d62527ea3b463c33f490134ff0,Waltz    Horchat hai caliptus,D:\projekty\Hudba\music-editor\src\data\segments\waltz\ecb27b625cab64d62527ea3b463c33f490134ff0__s140000ms.wav,140000,20000,84.7,waltz
ecb27b625cab64d62527ea3b463c33f490134ff0__160000ms,ecb27b625cab64d62527ea3b463c33f490134ff0,Waltz    Horchat hai caliptus,D:\projekty\Hudba\music-editor\src\data\segments\waltz\ecb27b625cab64d62527ea3b463c33f490134ff0__s160000ms.wav,160000,20000,84.7,waltz
ecb27b625cab64d62527ea3b463c33f490134ff0__180000ms,ecb27b625cab64d62527ea3b463c33f490134ff0,Waltz    Horchat hai caliptus,D:\projekty\Hudba\music-editor\src\data\segments\waltz\ecb27b625cab64d62527ea3b463c33f490134ff0__s180000ms.wav,180000,20000,84.7,waltz
ecb27b625cab64d62527ea3b463c33f490134ff0__200000ms,ecb27b625cab64d62527ea3b463c33f490134ff0,Waltz    Horchat hai caliptus,D:\projekty\Hudba\music-editor\src\data\segments\waltz\ecb27b625cab64d62527ea3b463c33f490134ff0__s200000ms.wav,200000,20000,84.7,waltz
ecb27b625cab64d62527ea3b463c33f490134ff0__220000ms,ecb27b625cab64d62527ea3b463c33f490134ff0,Waltz    Horchat hai caliptus,D:\projekty\Hudba\music-editor\src\data\segments\waltz\ecb27b625cab64d62527ea3b463c33f490134ff0__s220000ms.wav,220000,14580,84.7,waltz
bbc68a75ebc11da13a9a74ac7ced1ce0fb598f33__0ms,bbc68a75ebc11da13a9a74ac7ced1ce0fb598f33,Waltz    It is You,D:\projekty\Hudba\music-editor\src\data\segments\viennese waltz\bbc68a75ebc11da13a9a74ac7ced1ce0fb598f33__s0ms.wav,0,20000,178.2,viennese waltz
bbc68a75ebc11da13a9a74ac7ced1ce0fb598f33__20000ms,bbc68a75ebc11da13a9a74ac7ced1ce0fb598f33,Waltz    It is You,D:\projekty\Hudba\music-editor\src\data\segments\viennese waltz\bbc68a75ebc11da13a9a74ac7ced1ce0fb598f33__s20000ms.wav,20000,20000,178.2,viennese waltz
bbc68a75ebc11da13a9a74ac7ced1ce0fb598f33__40000ms,bbc68a75ebc11da13a9a74ac7ced1ce0fb598f33,Waltz    It is You,D:\projekty\Hudba\music-editor\src\data\segments\viennese waltz\bbc68a75ebc11da13a9a74ac7ced1ce0fb598f33__s40000ms.wav,40000,20000,178.2,viennese waltz
bbc68a75ebc11da13a9a74ac7ced1ce0fb598f33__60000ms,bbc68a75ebc11da13a9a74ac7ced1ce0fb598f33,Waltz    It is You,D:\projekty\Hudba\music-editor\src\data\segments\viennese waltz\bbc68a75ebc11da13a9a74ac7ced1ce0fb598f33__s60000ms.wav,60000,20000,178.2,viennese waltz
bbc68a75ebc11da13a9a74ac7ced1ce0fb598f33__80000ms,bbc68a75ebc11da13a9a74ac7ced1ce0fb598f33,Waltz    It is You,D:\projekty\Hudba\music-editor\src\data\segments\viennese waltz\bbc68a75ebc11da13a9a74ac7ced1ce0fb598f33__s80000ms.wav,80000,20000,178.2,viennese waltz
bbc68a75ebc11da13a9a74ac7ced1ce0fb598f33__100000ms,bbc68a75ebc11da13a9a74ac7ced1ce0fb598f33,Waltz    It is You,D:\projekty\Hudba\music-editor\src\data\segments\viennese waltz\bbc68a75ebc11da13a9a74ac7ced1ce0fb598f33__s100000ms.wav,100000,20000,178.2,viennese waltz
bbc68a75ebc11da13a9a74ac7ced1ce0fb598f33__120000ms,bbc68a75ebc11da13a9a74ac7ced1ce0fb598f33,Waltz    It is You,D:\projekty\Hudba\music-editor\src\data\segments\viennese waltz\bbc68a75ebc11da13a9a74ac7ced1ce0fb598f33__s120000ms.wav,120000,20000,178.2,viennese waltz
bbc68a75ebc11da13a9a74ac7ced1ce0fb598f33__140000ms,bbc68a75ebc11da13a9a74ac7ced1ce0fb598f33,Waltz    It is You,D:\projekty\Hudba\music-editor\src\data\segments\viennese waltz\bbc68a75ebc11da13a9a74ac7ced1ce0fb598f33__s140000ms.wav,140000,20000,178.2,viennese waltz
bbc68a75ebc11da13a9a74ac7ced1ce0fb598f33__160000ms,bbc68a75ebc11da13a9a74ac7ced1ce0fb598f33,Waltz    It is You,D:\projekty\Hudba\music-editor\src\data\segments\viennese waltz\bbc68a75ebc11da13a9a74ac7ced1ce0fb598f33__s160000ms.wav,160000,20000,178.2,viennese waltz
bbc68a75ebc11da13a9a74ac7ced1ce0fb598f33__180000ms,bbc68a75ebc11da13a9a74ac7ced1ce0fb598f33,Waltz    It is You,D:\projekty\Hudba\music-editor\src\data\segments\viennese waltz\bbc68a75ebc11da13a9a74ac7ced1ce0fb598f33__s180000ms.wav,180000,20000,178.2,viennese waltz
de7c7aeff997eb9c970735c6264bd7135653ddfd__0ms,de7c7aeff997eb9c970735c6264bd7135653ddfd,WALTZ    music Damien Rice – Under The Tongue,D:\projekty\Hudba\music-editor\src\data\segments\waltz\de7c7aeff997eb9c970735c6264bd7135653ddfd__s0ms.wav,0,20000,87.6,waltz
de7c7aeff997eb9c970735c6264bd7135653ddfd__20000ms,de7c7aeff997eb9c970735c6264bd7135653ddfd,WALTZ    music Damien Rice – Under The Tongue,D:\projekty\Hudba\music-editor\src\data\segments\waltz\de7c7aeff997eb9c970735c6264bd7135653ddfd__s20000ms.wav,20000,20000,87.6,waltz
de7c7aeff997eb9c970735c6264bd7135653ddfd__40000ms,de7c7aeff997eb9c970735c6264bd7135653ddfd,WALTZ    music Damien Rice – Under The Tongue,D:\projekty\Hudba\music-editor\src\data\segments\waltz\de7c7aeff997eb9c970735c6264bd7135653ddfd__s40000ms.wav,40000,20000,87.6,waltz
de7c7aeff997eb9c970735c6264bd7135653ddfd__60000ms,de7c7aeff997eb9c970735c6264bd7135653ddfd,WALTZ    music Damien Rice – Under The Tongue,D:\projekty\Hudba\music-editor\src\data\segments\waltz\de7c7aeff997eb9c970735c6264bd7135653ddfd__s60000ms.wav,60000,20000,87.6,waltz
de7c7aeff997eb9c970735c6264bd7135653ddfd__80000ms,de7c7aeff997eb9c970735c6264bd7135653ddfd,WALTZ    music Damien Rice – Under The Tongue,D:\projekty\Hudba\music-editor\src\data\segments\waltz\de7c7aeff997eb9c970735c6264bd7135653ddfd__s80000ms.wav,80000,20000,87.6,waltz
de7c7aeff997eb9c970735c6264bd7135653ddfd__100000ms,de7c7aeff997eb9c970735c6264bd7135653ddfd,WALTZ    music Damien Rice – Under The Tongue,D:\projekty\Hudba\music-editor\src\data\segments\waltz\de7c7aeff997eb9c970735c6264bd7135653ddfd__s100000ms.wav,100000,20000,87.6,waltz
de7c7aeff997eb9c970735c6264bd7135653ddfd__120000ms,de7c7aeff997eb9c970735c6264bd7135653ddfd,WALTZ    music Damien Rice – Under The Tongue,D:\projekty\Hudba\music-editor\src\data\segments\waltz\de7c7aeff997eb9c970735c6264bd7135653ddfd__s120000ms.wav,120000,20000,87.6,waltz
de7c7aeff997eb9c970735c6264bd7135653ddfd__140000ms,de7c7aeff997eb9c970735c6264bd7135653ddfd,WALTZ    music Damien Rice – Under The Tongue,D:\projekty\Hudba\music-editor\src\data\segments\waltz\de7c7aeff997eb9c970735c6264bd7135653ddfd__s140000ms.wav,140000,14096,87.6,waltz
ef78859fc97effa8cd45eb49ac60dd0ce51502c0__0ms,ef78859fc97effa8cd45eb49ac60dd0ce51502c0,WALTZ    music Thao Nguyen Xanh – Sad Romance,D:\projekty\Hudba\music-editor\src\data\segments\waltz\ef78859fc97effa8cd45eb49ac60dd0ce51502c0__s0ms.wav,0,20000,87.6,waltz
ef78859fc97effa8cd45eb49ac60dd0ce51502c0__20000ms,ef78859fc97effa8cd45eb49ac60dd0ce51502c0,WALTZ    music Thao Nguyen Xanh – Sad Romance,D:\projekty\Hudba\music-editor\src\data\segments\waltz\ef78859fc97effa8cd45eb49ac60dd0ce51502c0__s20000ms.wav,20000,20000,87.6,waltz
ef78859fc97effa8cd45eb49ac60dd0ce51502c0__40000ms,ef78859fc97effa8cd45eb49ac60dd0ce51502c0,WALTZ    music Thao Nguyen Xanh – Sad Romance,D:\projekty\Hudba\music-editor\src\data\segments\waltz\ef78859fc97effa8cd45eb49ac60dd0ce51502c0__s40000ms.wav,40000,20000,87.6,waltz
ef78859fc97effa8cd45eb49ac60dd0ce51502c0__60000ms,ef78859fc97effa8cd45eb49ac60dd0ce51502c0,WALTZ    music Thao Nguyen Xanh – Sad Romance,D:\projekty\Hudba\music-editor\src\data\segments\waltz\ef78859fc97effa8cd45eb49ac60dd0ce51502c0__s60000ms.wav,60000,20000,87.6,waltz
ef78859fc97effa8cd45eb49ac60dd0ce51502c0__80000ms,ef78859fc97effa8cd45eb49ac60dd0ce51502c0,WALTZ    music Thao Nguyen Xanh – Sad Romance,D:\projekty\Hudba\music-editor\src\data\segments\waltz\ef78859fc97effa8cd45eb49ac60dd0ce51502c0__s80000ms.wav,80000,20000,87.6,waltz
ef78859fc97effa8cd45eb49ac60dd0ce51502c0__100000ms,ef78859fc97effa8cd45eb49ac60dd0ce51502c0,WALTZ    music Thao Nguyen Xanh – Sad Romance,D:\projekty\Hudba\music-editor\src\data\segments\waltz\ef78859fc97effa8cd45eb49ac60dd0ce51502c0__s100000ms.wav,100000,20000,87.6,waltz
ef78859fc97effa8cd45eb49ac60dd0ce51502c0__120000ms,ef78859fc97effa8cd45eb49ac60dd0ce51502c0,WALTZ    music Thao Nguyen Xanh – Sad Romance,D:\projekty\Hudba\music-editor\src\data\segments\waltz\ef78859fc97effa8cd45eb49ac60dd0ce51502c0__s120000ms.wav,120000,20000,87.6,waltz
ef78859fc97effa8cd45eb49ac60dd0ce51502c0__140000ms,ef78859fc97effa8cd45eb49ac60dd0ce51502c0,WALTZ    music Thao Nguyen Xanh – Sad Romance,D:\projekty\Hudba\music-editor\src\data\segments\waltz\ef78859fc97effa8cd45eb49ac60dd0ce51502c0__s140000ms.wav,140000,20000,87.6,waltz
ef78859fc97effa8cd45eb49ac60dd0ce51502c0__160000ms,ef78859fc97effa8cd45eb49ac60dd0ce51502c0,WALTZ    music Thao Nguyen Xanh – Sad Romance,D:\projekty\Hudba\music-editor\src\data\segments\waltz\ef78859fc97effa8cd45eb49ac60dd0ce51502c0__s160000ms.wav,160000,20000,87.6,waltz
ef78859fc97effa8cd45eb49ac60dd0ce51502c0__180000ms,ef78859fc97effa8cd45eb49ac60dd0ce51502c0,WALTZ    music Thao Nguyen Xanh – Sad Romance,D:\projekty\Hudba\music-editor\src\data\segments\waltz\ef78859fc97effa8cd45eb49ac60dd0ce51502c0__s180000ms.wav,180000,20000,87.6,waltz
ef78859fc97effa8cd45eb49ac60dd0ce51502c0__200000ms,ef78859fc97effa8cd45eb49ac60dd0ce51502c0,WALTZ    music Thao Nguyen Xanh – Sad Romance,D:\projekty\Hudba\music-editor\src\data\segments\waltz\ef78859fc97effa8cd45eb49ac60dd0ce51502c0__s200000ms.wav,200000,20000,87.6,waltz
01b851eb4b9bac47867285ee172a6f9370c85f77__0ms,01b851eb4b9bac47867285ee172a6f9370c85f77,WALTZ    Silver bell,D:\projekty\Hudba\music-editor\src\data\segments\waltz\01b851eb4b9bac47867285ee172a6f9370c85f77__s0ms.wav,0,20000,87.6,waltz
01b851eb4b9bac47867285ee172a6f9370c85f77__20000ms,01b851eb4b9bac47867285ee172a6f9370c85f77,WALTZ    Silver bell,D:\projekty\Hudba\music-editor\src\data\segments\waltz\01b851eb4b9bac47867285ee172a6f9370c85f77__s20000ms.wav,20000,20000,87.6,waltz
01b851eb4b9bac47867285ee172a6f9370c85f77__40000ms,01b851eb4b9bac47867285ee172a6f9370c85f77,WALTZ    Silver bell,D:\projekty\Hudba\music-editor\src\data\segments\waltz\01b851eb4b9bac47867285ee172a6f9370c85f77__s40000ms.wav,40000,20000,87.6,waltz
01b851eb4b9bac47867285ee172a6f9370c85f77__60000ms,01b851eb4b9bac47867285ee172a6f9370c85f77,WALTZ    Silver bell,D:\projekty\Hudba\music-editor\src\data\segments\waltz\01b851eb4b9bac47867285ee172a6f9370c85f77__s60000ms.wav,60000,20000,87.6,waltz
01b851eb4b9bac47867285ee172a6f9370c85f77__80000ms,01b851eb4b9bac47867285ee172a6f9370c85f77,WALTZ    Silver bell,D:\projekty\Hudba\music-editor\src\data\segments\waltz\01b851eb4b9bac47867285ee172a6f9370c85f77__s80000ms.wav,80000,20000,87.6,waltz
01b851eb4b9bac47867285ee172a6f9370c85f77__100000ms,01b851eb4b9bac47867285ee172a6f9370c85f77,WALTZ    Silver bell,D:\projekty\Hudba\music-editor\src\data\segments\waltz\01b851eb4b9bac47867285ee172a6f9370c85f77__s100000ms.wav,100000,20000,87.6,waltz
01b851eb4b9bac47867285ee172a6f9370c85f77__120000ms,01b851eb4b9bac47867285ee172a6f9370c85f77,WALTZ    Silver bell,D:\projekty\Hudba\music-editor\src\data\segments\waltz\01b851eb4b9bac47867285ee172a6f9370c85f77__s120000ms.wav,120000,20000,87.6,waltz
01b851eb4b9bac47867285ee172a6f9370c85f77__140000ms,01b851eb4b9bac47867285ee172a6f9370c85f77,WALTZ    Silver bell,D:\projekty\Hudba\music-editor\src\data\segments\waltz\01b851eb4b9bac47867285ee172a6f9370c85f77__s140000ms.wav,140000,20000,87.6,waltz
01b851eb4b9bac47867285ee172a6f9370c85f77__160000ms,01b851eb4b9bac47867285ee172a6f9370c85f77,WALTZ    Silver bell,D:\projekty\Hudba\music-editor\src\data\segments\waltz\01b851eb4b9bac47867285ee172a6f9370c85f77__s160000ms.wav,160000,20000,87.6,waltz
01b851eb4b9bac47867285ee172a6f9370c85f77__180000ms,01b851eb4b9bac47867285ee172a6f9370c85f77,WALTZ    Silver bell,D:\projekty\Hudba\music-editor\src\data\segments\waltz\01b851eb4b9bac47867285ee172a6f9370c85f77__s180000ms.wav,180000,20000,87.6,waltz
4a811041a986dbb897757a0d2e4220a678957366__0ms,4a811041a986dbb897757a0d2e4220a678957366,Waltz   A Time for Us,D:\projekty\Hudba\music-editor\src\data\segments\waltz\4a811041a986dbb897757a0d2e4220a678957366__s0ms.wav,0,20000,86.1,waltz
4a811041a986dbb897757a0d2e4220a678957366__20000ms,4a811041a986dbb897757a0d2e4220a678957366,Waltz   A Time for Us,D:\projekty\Hudba\music-editor\src\data\segments\waltz\4a811041a986dbb897757a0d2e4220a678957366__s20000ms.wav,20000,20000,86.1,waltz
4a811041a986dbb897757a0d2e4220a678957366__40000ms,4a811041a986dbb897757a0d2e4220a678957366,Waltz   A Time for Us,D:\projekty\Hudba\music-editor\src\data\segments\waltz\4a811041a986dbb897757a0d2e4220a678957366__s40000ms.wav,40000,20000,86.1,waltz
4a811041a986dbb897757a0d2e4220a678957366__60000ms,4a811041a986dbb897757a0d2e4220a678957366,Waltz   A Time for Us,D:\projekty\Hudba\music-editor\src\data\segments\waltz\4a811041a986dbb897757a0d2e4220a678957366__s60000ms.wav,60000,20000,86.1,waltz
4a811041a986dbb897757a0d2e4220a678957366__80000ms,4a811041a986dbb897757a0d2e4220a678957366,Waltz   A Time for Us,D:\projekty\Hudba\music-editor\src\data\segments\waltz\4a811041a986dbb897757a0d2e4220a678957366__s80000ms.wav,80000,20000,86.1,waltz
4a811041a986dbb897757a0d2e4220a678957366__100000ms,4a811041a986dbb897757a0d2e4220a678957366,Waltz   A Time for Us,D:\projekty\Hudba\music-editor\src\data\segments\waltz\4a811041a986dbb897757a0d2e4220a678957366__s100000ms.wav,100000,20000,86.1,waltz
4a811041a986dbb897757a0d2e4220a678957366__120000ms,4a811041a986dbb897757a0d2e4220a678957366,Waltz   A Time for Us,D:\projekty\Hudba\music-editor\src\data\segments\waltz\4a811041a986dbb897757a0d2e4220a678957366__s120000ms.wav,120000,14687,86.1,waltz
7a7379801168913b62f5e790ca7f826c64be718e__0ms,7a7379801168913b62f5e790ca7f826c64be718e,Waltz   Come away with me,D:\projekty\Hudba\music-editor\src\data\segments\waltz\7a7379801168913b62f5e790ca7f826c64be718e__s0ms.wav,0,20000,87.6,waltz
7a7379801168913b62f5e790ca7f826c64be718e__20000ms,7a7379801168913b62f5e790ca7f826c64be718e,Waltz   Come away with me,D:\projekty\Hudba\music-editor\src\data\segments\waltz\7a7379801168913b62f5e790ca7f826c64be718e__s20000ms.wav,20000,20000,87.6,waltz
7a7379801168913b62f5e790ca7f826c64be718e__40000ms,7a7379801168913b62f5e790ca7f826c64be718e,Waltz   Come away with me,D:\projekty\Hudba\music-editor\src\data\segments\waltz\7a7379801168913b62f5e790ca7f826c64be718e__s40000ms.wav,40000,20000,87.6,waltz
7a7379801168913b62f5e790ca7f826c64be718e__60000ms,7a7379801168913b62f5e790ca7f826c64be718e,Waltz   Come away with me,D:\projekty\Hudba\music-editor\src\data\segments\waltz\7a7379801168913b62f5e790ca7f826c64be718e__s60000ms.wav,60000,20000,87.6,waltz
7a7379801168913b62f5e790ca7f826c64be718e__80000ms,7a7379801168913b62f5e790ca7f826c64be718e,Waltz   Come away with me,D:\projekty\Hudba\music-editor\src\data\segments\waltz\7a7379801168913b62f5e790ca7f826c64be718e__s80000ms.wav,80000,20000,87.6,waltz
7a7379801168913b62f5e790ca7f826c64be718e__100000ms,7a7379801168913b62f5e790ca7f826c64be718e,Waltz   Come away with me,D:\projekty\Hudba\music-editor\src\data\segments\waltz\7a7379801168913b62f5e790ca7f826c64be718e__s100000ms.wav,100000,20000,87.6,waltz
7a7379801168913b62f5e790ca7f826c64be718e__120000ms,7a7379801168913b62f5e790ca7f826c64be718e,Waltz   Come away with me,D:\projekty\Hudba\music-editor\src\data\segments\waltz\7a7379801168913b62f5e790ca7f826c64be718e__s120000ms.wav,120000,20000,87.6,waltz
7a7379801168913b62f5e790ca7f826c64be718e__140000ms,7a7379801168913b62f5e790ca7f826c64be718e,Waltz   Come away with me,D:\projekty\Hudba\music-editor\src\data\segments\waltz\7a7379801168913b62f5e790ca7f826c64be718e__s140000ms.wav,140000,13809,87.6,waltz
6eca24b7f3b3103438015b7a9871c8212a8d7484__0ms,6eca24b7f3b3103438015b7a9871c8212a8d7484,WALTZ   Dj Ice   Promise (29 BPM),D:\projekty\Hudba\music-editor\src\data\segments\waltz\6eca24b7f3b3103438015b7a9871c8212a8d7484__s0ms.wav,0,20000,172.3,waltz
6eca24b7f3b3103438015b7a9871c8212a8d7484__20000ms,6eca24b7f3b3103438015b7a9871c8212a8d7484,WALTZ   Dj Ice   Promise (29 BPM),D:\projekty\Hudba\music-editor\src\data\segments\waltz\6eca24b7f3b3103438015b7a9871c8212a8d7484__s20000ms.wav,20000,20000,172.3,waltz
6eca24b7f3b3103438015b7a9871c8212a8d7484__40000ms,6eca24b7f3b3103438015b7a9871c8212a8d7484,WALTZ   Dj Ice   Promise (29 BPM),D:\projekty\Hudba\music-editor\src\data\segments\waltz\6eca24b7f3b3103438015b7a9871c8212a8d7484__s40000ms.wav,40000,20000,172.3,waltz
6eca24b7f3b3103438015b7a9871c8212a8d7484__60000ms,6eca24b7f3b3103438015b7a9871c8212a8d7484,WALTZ   Dj Ice   Promise (29 BPM),D:\projekty\Hudba\music-editor\src\data\segments\waltz\6eca24b7f3b3103438015b7a9871c8212a8d7484__s60000ms.wav,60000,20000,172.3,waltz
6eca24b7f3b3103438015b7a9871c8212a8d7484__80000ms,6eca24b7f3b3103438015b7a9871c8212a8d7484,WALTZ   Dj Ice   Promise (29 BPM),D:\projekty\Hudba\music-editor\src\data\segments\waltz\6eca24b7f3b3103438015b7a9871c8212a8d7484__s80000ms.wav,80000,20000,172.3,waltz
6eca24b7f3b3103438015b7a9871c8212a8d7484__100000ms,6eca24b7f3b3103438015b7a9871c8212a8d7484,WALTZ   Dj Ice   Promise (29 BPM),D:\projekty\Hudba\music-editor\src\data\segments\waltz\6eca24b7f3b3103438015b7a9871c8212a8d7484__s100000ms.wav,100000,16140,172.3,waltz
3a3dfa2c3cb60823a9ee78217ca5c63e5d5ebf5e__0ms,3a3dfa2c3cb60823a9ee78217ca5c63e5d5ebf5e,WALTZ   Dj Ice   The Last Goodbye (from The Hobbits,D:\projekty\Hudba\music-editor\src\data\segments\waltz\3a3dfa2c3cb60823a9ee78217ca5c63e5d5ebf5e__s0ms.wav,0,20000,87.6,waltz
3a3dfa2c3cb60823a9ee78217ca5c63e5d5ebf5e__20000ms,3a3dfa2c3cb60823a9ee78217ca5c63e5d5ebf5e,WALTZ   Dj Ice   The Last Goodbye (from The Hobbits,D:\projekty\Hudba\music-editor\src\data\segments\waltz\3a3dfa2c3cb60823a9ee78217ca5c63e5d5ebf5e__s20000ms.wav,20000,20000,87.6,waltz
3a3dfa2c3cb60823a9ee78217ca5c63e5d5ebf5e__40000ms,3a3dfa2c3cb60823a9ee78217ca5c63e5d5ebf5e,WALTZ   Dj Ice   The Last Goodbye (from The Hobbits,D:\projekty\Hudba\music-editor\src\data\segments\waltz\3a3dfa2c3cb60823a9ee78217ca5c63e5d5ebf5e__s40000ms.wav,40000,20000,87.6,waltz
3a3dfa2c3cb60823a9ee78217ca5c63e5d5ebf5e__60000ms,3a3dfa2c3cb60823a9ee78217ca5c63e5d5ebf5e,WALTZ   Dj Ice   The Last Goodbye (from The Hobbits,D:\projekty\Hudba\music-editor\src\data\segments\waltz\3a3dfa2c3cb60823a9ee78217ca5c63e5d5ebf5e__s60000ms.wav,60000,20000,87.6,waltz
3a3dfa2c3cb60823a9ee78217ca5c63e5d5ebf5e__80000ms,3a3dfa2c3cb60823a9ee78217ca5c63e5d5ebf5e,WALTZ   Dj Ice   The Last Goodbye (from The Hobbits,D:\projekty\Hudba\music-editor\src\data\segments\waltz\3a3dfa2c3cb60823a9ee78217ca5c63e5d5ebf5e__s80000ms.wav,80000,20000,87.6,waltz
a3e2ec15013202b0c120252d5d4b5f418e9157a0__0ms,a3e2ec15013202b0c120252d5d4b5f418e9157a0,WALTZ   Dj Ice   You Raise Me Up (29 BPM),D:\projekty\Hudba\music-editor\src\data\segments\waltz\a3e2ec15013202b0c120252d5d4b5f418e9157a0__s0ms.wav,0,20000,86.1,waltz
a3e2ec15013202b0c120252d5d4b5f418e9157a0__20000ms,a3e2ec15013202b0c120252d5d4b5f418e9157a0,WALTZ   Dj Ice   You Raise Me Up (29 BPM),D:\projekty\Hudba\music-editor\src\data\segments\waltz\a3e2ec15013202b0c120252d5d4b5f418e9157a0__s20000ms.wav,20000,20000,86.1,waltz
a3e2ec15013202b0c120252d5d4b5f418e9157a0__40000ms,a3e2ec15013202b0c120252d5d4b5f418e9157a0,WALTZ   Dj Ice   You Raise Me Up (29 BPM),D:\projekty\Hudba\music-editor\src\data\segments\waltz\a3e2ec15013202b0c120252d5d4b5f418e9157a0__s40000ms.wav,40000,20000,86.1,waltz
a3e2ec15013202b0c120252d5d4b5f418e9157a0__60000ms,a3e2ec15013202b0c120252d5d4b5f418e9157a0,WALTZ   Dj Ice   You Raise Me Up (29 BPM),D:\projekty\Hudba\music-editor\src\data\segments\waltz\a3e2ec15013202b0c120252d5d4b5f418e9157a0__s60000ms.wav,60000,20000,86.1,waltz
a3e2ec15013202b0c120252d5d4b5f418e9157a0__80000ms,a3e2ec15013202b0c120252d5d4b5f418e9157a0,WALTZ   Dj Ice   You Raise Me Up (29 BPM),D:\projekty\Hudba\music-editor\src\data\segments\waltz\a3e2ec15013202b0c120252d5d4b5f418e9157a0__s80000ms.wav,80000,10331,86.1,waltz
5173624c5d0c68cd2e5e916a1cb96c2ccf8a0089__0ms,5173624c5d0c68cd2e5e916a1cb96c2ccf8a0089,WALTZ   Don,D:\projekty\Hudba\music-editor\src\data\segments\waltz\5173624c5d0c68cd2e5e916a1cb96c2ccf8a0089__s0ms.wav,0,20000,87.6,waltz
5173624c5d0c68cd2e5e916a1cb96c2ccf8a0089__20000ms,5173624c5d0c68cd2e5e916a1cb96c2ccf8a0089,WALTZ   Don,D:\projekty\Hudba\music-editor\src\data\segments\waltz\5173624c5d0c68cd2e5e916a1cb96c2ccf8a0089__s20000ms.wav,20000,20000,87.6,waltz
5173624c5d0c68cd2e5e916a1cb96c2ccf8a0089__40000ms,5173624c5d0c68cd2e5e916a1cb96c2ccf8a0089,WALTZ   Don,D:\projekty\Hudba\music-editor\src\data\segments\waltz\5173624c5d0c68cd2e5e916a1cb96c2ccf8a0089__s40000ms.wav,40000,20000,87.6,waltz
5173624c5d0c68cd2e5e916a1cb96c2ccf8a0089__60000ms,5173624c5d0c68cd2e5e916a1cb96c2ccf8a0089,WALTZ   Don,D:\projekty\Hudba\music-editor\src\data\segments\waltz\5173624c5d0c68cd2e5e916a1cb96c2ccf8a0089__s60000ms.wav,60000,20000,87.6,waltz
5173624c5d0c68cd2e5e916a1cb96c2ccf8a0089__80000ms,5173624c5d0c68cd2e5e916a1cb96c2ccf8a0089,WALTZ   Don,D:\projekty\Hudba\music-editor\src\data\segments\waltz\5173624c5d0c68cd2e5e916a1cb96c2ccf8a0089__s80000ms.wav,80000,20000,87.6,waltz
5173624c5d0c68cd2e5e916a1cb96c2ccf8a0089__100000ms,5173624c5d0c68cd2e5e916a1cb96c2ccf8a0089,WALTZ   Don,D:\projekty\Hudba\music-editor\src\data\segments\waltz\5173624c5d0c68cd2e5e916a1cb96c2ccf8a0089__s100000ms.wav,100000,20000,87.6,waltz
5173624c5d0c68cd2e5e916a1cb96c2ccf8a0089__120000ms,5173624c5d0c68cd2e5e916a1cb96c2ccf8a0089,WALTZ   Don,D:\projekty\Hudba\music-editor\src\data\segments\waltz\5173624c5d0c68cd2e5e916a1cb96c2ccf8a0089__s120000ms.wav,120000,20000,87.6,waltz
5173624c5d0c68cd2e5e916a1cb96c2ccf8a0089__140000ms,5173624c5d0c68cd2e5e916a1cb96c2ccf8a0089,WALTZ   Don,D:\projekty\Hudba\music-editor\src\data\segments\waltz\5173624c5d0c68cd2e5e916a1cb96c2ccf8a0089__s140000ms.wav,140000,20000,87.6,waltz
5173624c5d0c68cd2e5e916a1cb96c2ccf8a0089__160000ms,5173624c5d0c68cd2e5e916a1cb96c2ccf8a0089,WALTZ   Don,D:\projekty\Hudba\music-editor\src\data\segments\waltz\5173624c5d0c68cd2e5e916a1cb96c2ccf8a0089__s160000ms.wav,160000,20000,87.6,waltz
5173624c5d0c68cd2e5e916a1cb96c2ccf8a0089__180000ms,5173624c5d0c68cd2e5e916a1cb96c2ccf8a0089,WALTZ   Don,D:\projekty\Hudba\music-editor\src\data\segments\waltz\5173624c5d0c68cd2e5e916a1cb96c2ccf8a0089__s180000ms.wav,180000,20000,87.6,waltz
5173624c5d0c68cd2e5e916a1cb96c2ccf8a0089__200000ms,5173624c5d0c68cd2e5e916a1cb96c2ccf8a0089,WALTZ   Don,D:\projekty\Hudba\music-editor\src\data\segments\waltz\5173624c5d0c68cd2e5e916a1cb96c2ccf8a0089__s200000ms.wav,200000,20000,87.6,waltz
5173624c5d0c68cd2e5e916a1cb96c2ccf8a0089__220000ms,5173624c5d0c68cd2e5e916a1cb96c2ccf8a0089,WALTZ   Don,D:\projekty\Hudba\music-editor\src\data\segments\waltz\5173624c5d0c68cd2e5e916a1cb96c2ccf8a0089__s220000ms.wav,220000,20000,87.6,waltz
5173624c5d0c68cd2e5e916a1cb96c2ccf8a0089__240000ms,5173624c5d0c68cd2e5e916a1cb96c2ccf8a0089,WALTZ   Don,D:\projekty\Hudba\music-editor\src\data\segments\waltz\5173624c5d0c68cd2e5e916a1cb96c2ccf8a0089__s240000ms.wav,240000,19239,87.6,waltz
aadc6a4177d45446ef5f0d9785fcf104d73ad58d__0ms,aadc6a4177d45446ef5f0d9785fcf104d73ad58d,WALTZ   First Day Of My Life,D:\projekty\Hudba\music-editor\src\data\segments\waltz\aadc6a4177d45446ef5f0d9785fcf104d73ad58d__s0ms.wav,0,20000,87.6,waltz
aadc6a4177d45446ef5f0d9785fcf104d73ad58d__20000ms,aadc6a4177d45446ef5f0d9785fcf104d73ad58d,WALTZ   First Day Of My Life,D:\projekty\Hudba\music-editor\src\data\segments\waltz\aadc6a4177d45446ef5f0d9785fcf104d73ad58d__s20000ms.wav,20000,20000,87.6,waltz
aadc6a4177d45446ef5f0d9785fcf104d73ad58d__40000ms,aadc6a4177d45446ef5f0d9785fcf104d73ad58d,WALTZ   First Day Of My Life,D:\projekty\Hudba\music-editor\src\data\segments\waltz\aadc6a4177d45446ef5f0d9785fcf104d73ad58d__s40000ms.wav,40000,20000,87.6,waltz
aadc6a4177d45446ef5f0d9785fcf104d73ad58d__60000ms,aadc6a4177d45446ef5f0d9785fcf104d73ad58d,WALTZ   First Day Of My Life,D:\projekty\Hudba\music-editor\src\data\segments\waltz\aadc6a4177d45446ef5f0d9785fcf104d73ad58d__s60000ms.wav,60000,20000,87.6,waltz
aadc6a4177d45446ef5f0d9785fcf104d73ad58d__80000ms,aadc6a4177d45446ef5f0d9785fcf104d73ad58d,WALTZ   First Day Of My Life,D:\projekty\Hudba\music-editor\src\data\segments\waltz\aadc6a4177d45446ef5f0d9785fcf104d73ad58d__s80000ms.wav,80000,20000,87.6,waltz
aadc6a4177d45446ef5f0d9785fcf104d73ad58d__100000ms,aadc6a4177d45446ef5f0d9785fcf104d73ad58d,WALTZ   First Day Of My Life,D:\projekty\Hudba\music-editor\src\data\segments\waltz\aadc6a4177d45446ef5f0d9785fcf104d73ad58d__s100000ms.wav,100000,20000,87.6,waltz
aadc6a4177d45446ef5f0d9785fcf104d73ad58d__120000ms,aadc6a4177d45446ef5f0d9785fcf104d73ad58d,WALTZ   First Day Of My Life,D:\projekty\Hudba\music-editor\src\data\segments\waltz\aadc6a4177d45446ef5f0d9785fcf104d73ad58d__s120000ms.wav,120000,20000,87.6,waltz
aadc6a4177d45446ef5f0d9785fcf104d73ad58d__140000ms,aadc6a4177d45446ef5f0d9785fcf104d73ad58d,WALTZ   First Day Of My Life,D:\projekty\Hudba\music-editor\src\data\segments\waltz\aadc6a4177d45446ef5f0d9785fcf104d73ad58d__s140000ms.wav,140000,20000,87.6,waltz
aadc6a4177d45446ef5f0d9785fcf104d73ad58d__160000ms,aadc6a4177d45446ef5f0d9785fcf104d73ad58d,WALTZ   First Day Of My Life,D:\projekty\Hudba\music-editor\src\data\segments\waltz\aadc6a4177d45446ef5f0d9785fcf104d73ad58d__s160000ms.wav,160000,20000,87.6,waltz
e71292006c46bfc7b3485c123092128c76767b83__0ms,e71292006c46bfc7b3485c123092128c76767b83,WALTZ   Forbidden Lullaby (André Edition)   29bpm,D:\projekty\Hudba\music-editor\src\data\segments\waltz\e71292006c46bfc7b3485c123092128c76767b83__s0ms.wav,0,20000,87.6,waltz
e71292006c46bfc7b3485c123092128c76767b83__20000ms,e71292006c46bfc7b3485c123092128c76767b83,WALTZ   Forbidden Lullaby (André Edition)   29bpm,D:\projekty\Hudba\music-editor\src\data\segments\waltz\e71292006c46bfc7b3485c123092128c76767b83__s20000ms.wav,20000,20000,87.6,waltz
e71292006c46bfc7b3485c123092128c76767b83__40000ms,e71292006c46bfc7b3485c123092128c76767b83,WALTZ   Forbidden Lullaby (André Edition)   29bpm,D:\projekty\Hudba\music-editor\src\data\segments\waltz\e71292006c46bfc7b3485c123092128c76767b83__s40000ms.wav,40000,20000,87.6,waltz
e71292006c46bfc7b3485c123092128c76767b83__60000ms,e71292006c46bfc7b3485c123092128c76767b83,WALTZ   Forbidden Lullaby (André Edition)   29bpm,D:\projekty\Hudba\music-editor\src\data\segments\waltz\e71292006c46bfc7b3485c123092128c76767b83__s60000ms.wav,60000,20000,87.6,waltz
e71292006c46bfc7b3485c123092128c76767b83__80000ms,e71292006c46bfc7b3485c123092128c76767b83,WALTZ   Forbidden Lullaby (André Edition)   29bpm,D:\projekty\Hudba\music-editor\src\data\segments\waltz\e71292006c46bfc7b3485c123092128c76767b83__s80000ms.wav,80000,9992,87.6,waltz
d335cffb12d7051a5ce9b267db3d3b71ffab2241__0ms,d335cffb12d7051a5ce9b267db3d3b71ffab2241,Waltz   Heaven in my arms,D:\projekty\Hudba\music-editor\src\data\segments\viennese waltz\d335cffb12d7051a5ce9b267db3d3b71ffab2241__s0ms.wav,0,20000,172.3,viennese waltz
d335cffb12d7051a5ce9b267db3d3b71ffab2241__20000ms,d335cffb12d7051a5ce9b267db3d3b71ffab2241,Waltz   Heaven in my arms,D:\projekty\Hudba\music-editor\src\data\segments\viennese waltz\d335cffb12d7051a5ce9b267db3d3b71ffab2241__s20000ms.wav,20000,20000,172.3,viennese waltz
d335cffb12d7051a5ce9b267db3d3b71ffab2241__40000ms,d335cffb12d7051a5ce9b267db3d3b71ffab2241,Waltz   Heaven in my arms,D:\projekty\Hudba\music-editor\src\data\segments\viennese waltz\d335cffb12d7051a5ce9b267db3d3b71ffab2241__s40000ms.wav,40000,20000,172.3,viennese waltz
d335cffb12d7051a5ce9b267db3d3b71ffab2241__60000ms,d335cffb12d7051a5ce9b267db3d3b71ffab2241,Waltz   Heaven in my arms,D:\projekty\Hudba\music-editor\src\data\segments\viennese waltz\d335cffb12d7051a5ce9b267db3d3b71ffab2241__s60000ms.wav,60000,20000,172.3,viennese waltz
d335cffb12d7051a5ce9b267db3d3b71ffab2241__80000ms,d335cffb12d7051a5ce9b267db3d3b71ffab2241,Waltz   Heaven in my arms,D:\projekty\Hudba\music-editor\src\data\segments\viennese waltz\d335cffb12d7051a5ce9b267db3d3b71ffab2241__s80000ms.wav,80000,20000,172.3,viennese waltz
d335cffb12d7051a5ce9b267db3d3b71ffab2241__100000ms,d335cffb12d7051a5ce9b267db3d3b71ffab2241,Waltz   Heaven in my arms,D:\projekty\Hudba\music-editor\src\data\segments\viennese waltz\d335cffb12d7051a5ce9b267db3d3b71ffab2241__s100000ms.wav,100000,20000,172.3,viennese waltz
d335cffb12d7051a5ce9b267db3d3b71ffab2241__120000ms,d335cffb12d7051a5ce9b267db3d3b71ffab2241,Waltz   Heaven in my arms,D:\projekty\Hudba\music-editor\src\data\segments\viennese waltz\d335cffb12d7051a5ce9b267db3d3b71ffab2241__s120000ms.wav,120000,20000,172.3,viennese waltz
d335cffb12d7051a5ce9b267db3d3b71ffab2241__140000ms,d335cffb12d7051a5ce9b267db3d3b71ffab2241,Waltz   Heaven in my arms,D:\projekty\Hudba\music-editor\src\data\segments\viennese waltz\d335cffb12d7051a5ce9b267db3d3b71ffab2241__s140000ms.wav,140000,20000,172.3,viennese waltz
d335cffb12d7051a5ce9b267db3d3b71ffab2241__160000ms,d335cffb12d7051a5ce9b267db3d3b71ffab2241,Waltz   Heaven in my arms,D:\projekty\Hudba\music-editor\src\data\segments\viennese waltz\d335cffb12d7051a5ce9b267db3d3b71ffab2241__s160000ms.wav,160000,20000,172.3,viennese waltz
d335cffb12d7051a5ce9b267db3d3b71ffab2241__180000ms,d335cffb12d7051a5ce9b267db3d3b71ffab2241,Waltz   Heaven in my arms,D:\projekty\Hudba\music-editor\src\data\segments\viennese waltz\d335cffb12d7051a5ce9b267db3d3b71ffab2241__s180000ms.wav,180000,20000,172.3,viennese waltz
d335cffb12d7051a5ce9b267db3d3b71ffab2241__200000ms,d335cffb12d7051a5ce9b267db3d3b71ffab2241,Waltz   Heaven in my arms,D:\projekty\Hudba\music-editor\src\data\segments\viennese waltz\d335cffb12d7051a5ce9b267db3d3b71ffab2241__s200000ms.wav,200000,20000,172.3,viennese waltz
d335cffb12d7051a5ce9b267db3d3b71ffab2241__220000ms,d335cffb12d7051a5ce9b267db3d3b71ffab2241,Waltz   Heaven in my arms,D:\projekty\Hudba\music-editor\src\data\segments\viennese waltz\d335cffb12d7051a5ce9b267db3d3b71ffab2241__s220000ms.wav,220000,20000,172.3,viennese waltz
d335cffb12d7051a5ce9b267db3d3b71ffab2241__240000ms,d335cffb12d7051a5ce9b267db3d3b71ffab2241,Waltz   Heaven in my arms,D:\projekty\Hudba\music-editor\src\data\segments\viennese waltz\d335cffb12d7051a5ce9b267db3d3b71ffab2241__s240000ms.wav,240000,10044,172.3,viennese waltz
56d16c543b8d75e82ad76c5aae201c6d2bd18e4b__0ms,56d16c543b8d75e82ad76c5aae201c6d2bd18e4b,WALTZ   Lady Lay Down,D:\projekty\Hudba\music-editor\src\data\segments\waltz\56d16c543b8d75e82ad76c5aae201c6d2bd18e4b__s0ms.wav,0,20000,87.6,waltz
56d16c543b8d75e82ad76c5aae201c6d2bd18e4b__20000ms,56d16c543b8d75e82ad76c5aae201c6d2bd18e4b,WALTZ   Lady Lay Down,D:\projekty\Hudba\music-editor\src\data\segments\waltz\56d16c543b8d75e82ad76c5aae201c6d2bd18e4b__s20000ms.wav,20000,20000,87.6,waltz
56d16c543b8d75e82ad76c5aae201c6d2bd18e4b__40000ms,56d16c543b8d75e82ad76c5aae201c6d2bd18e4b,WALTZ   Lady Lay Down,D:\projekty\Hudba\music-editor\src\data\segments\waltz\56d16c543b8d75e82ad76c5aae201c6d2bd18e4b__s40000ms.wav,40000,20000,87.6,waltz
56d16c543b8d75e82ad76c5aae201c6d2bd18e4b__60000ms,56d16c543b8d75e82ad76c5aae201c6d2bd18e4b,WALTZ   Lady Lay Down,D:\projekty\Hudba\music-editor\src\data\segments\waltz\56d16c543b8d75e82ad76c5aae201c6d2bd18e4b__s60000ms.wav,60000,20000,87.6,waltz
56d16c543b8d75e82ad76c5aae201c6d2bd18e4b__80000ms,56d16c543b8d75e82ad76c5aae201c6d2bd18e4b,WALTZ   Lady Lay Down,D:\projekty\Hudba\music-editor\src\data\segments\waltz\56d16c543b8d75e82ad76c5aae201c6d2bd18e4b__s80000ms.wav,80000,20000,87.6,waltz
56d16c543b8d75e82ad76c5aae201c6d2bd18e4b__100000ms,56d16c543b8d75e82ad76c5aae201c6d2bd18e4b,WALTZ   Lady Lay Down,D:\projekty\Hudba\music-editor\src\data\segments\waltz\56d16c543b8d75e82ad76c5aae201c6d2bd18e4b__s100000ms.wav,100000,20000,87.6,waltz
56d16c543b8d75e82ad76c5aae201c6d2bd18e4b__120000ms,56d16c543b8d75e82ad76c5aae201c6d2bd18e4b,WALTZ   Lady Lay Down,D:\projekty\Hudba\music-editor\src\data\segments\waltz\56d16c543b8d75e82ad76c5aae201c6d2bd18e4b__s120000ms.wav,120000,20000,87.6,waltz
56d16c543b8d75e82ad76c5aae201c6d2bd18e4b__140000ms,56d16c543b8d75e82ad76c5aae201c6d2bd18e4b,WALTZ   Lady Lay Down,D:\projekty\Hudba\music-editor\src\data\segments\waltz\56d16c543b8d75e82ad76c5aae201c6d2bd18e4b__s140000ms.wav,140000,20000,87.6,waltz
414061df87e5bcb6903f6b58c19cfdf4921ddc26__0ms,414061df87e5bcb6903f6b58c19cfdf4921ddc26,WALTZ   music Bobby Day – Good Old Day,D:\projekty\Hudba\music-editor\src\data\segments\waltz\414061df87e5bcb6903f6b58c19cfdf4921ddc26__s0ms.wav,0,20000,87.6,waltz
414061df87e5bcb6903f6b58c19cfdf4921ddc26__20000ms,414061df87e5bcb6903f6b58c19cfdf4921ddc26,WALTZ   music Bobby Day – Good Old Day,D:\projekty\Hudba\music-editor\src\data\segments\waltz\414061df87e5bcb6903f6b58c19cfdf4921ddc26__s20000ms.wav,20000,20000,87.6,waltz
414061df87e5bcb6903f6b58c19cfdf4921ddc26__40000ms,414061df87e5bcb6903f6b58c19cfdf4921ddc26,WALTZ   music Bobby Day – Good Old Day,D:\projekty\Hudba\music-editor\src\data\segments\waltz\414061df87e5bcb6903f6b58c19cfdf4921ddc26__s40000ms.wav,40000,20000,87.6,waltz
414061df87e5bcb6903f6b58c19cfdf4921ddc26__60000ms,414061df87e5bcb6903f6b58c19cfdf4921ddc26,WALTZ   music Bobby Day – Good Old Day,D:\projekty\Hudba\music-editor\src\data\segments\waltz\414061df87e5bcb6903f6b58c19cfdf4921ddc26__s60000ms.wav,60000,20000,87.6,waltz
414061df87e5bcb6903f6b58c19cfdf4921ddc26__80000ms,414061df87e5bcb6903f6b58c19cfdf4921ddc26,WALTZ   music Bobby Day – Good Old Day,D:\projekty\Hudba\music-editor\src\data\segments\waltz\414061df87e5bcb6903f6b58c19cfdf4921ddc26__s80000ms.wav,80000,20000,87.6,waltz
414061df87e5bcb6903f6b58c19cfdf4921ddc26__100000ms,414061df87e5bcb6903f6b58c19cfdf4921ddc26,WALTZ   music Bobby Day – Good Old Day,D:\projekty\Hudba\music-editor\src\data\segments\waltz\414061df87e5bcb6903f6b58c19cfdf4921ddc26__s100000ms.wav,100000,20000,87.6,waltz
414061df87e5bcb6903f6b58c19cfdf4921ddc26__120000ms,414061df87e5bcb6903f6b58c19cfdf4921ddc26,WALTZ   music Bobby Day – Good Old Day,D:\projekty\Hudba\music-editor\src\data\segments\waltz\414061df87e5bcb6903f6b58c19cfdf4921ddc26__s120000ms.wav,120000,20000,87.6,waltz
414061df87e5bcb6903f6b58c19cfdf4921ddc26__140000ms,414061df87e5bcb6903f6b58c19cfdf4921ddc26,WALTZ   music Bobby Day – Good Old Day,D:\projekty\Hudba\music-editor\src\data\segments\waltz\414061df87e5bcb6903f6b58c19cfdf4921ddc26__s140000ms.wav,140000,20000,87.6,waltz
414061df87e5bcb6903f6b58c19cfdf4921ddc26__160000ms,414061df87e5bcb6903f6b58c19cfdf4921ddc26,WALTZ   music Bobby Day – Good Old Day,D:\projekty\Hudba\music-editor\src\data\segments\waltz\414061df87e5bcb6903f6b58c19cfdf4921ddc26__s160000ms.wav,160000,20000,87.6,waltz
414061df87e5bcb6903f6b58c19cfdf4921ddc26__180000ms,414061df87e5bcb6903f6b58c19cfdf4921ddc26,WALTZ   music Bobby Day – Good Old Day,D:\projekty\Hudba\music-editor\src\data\segments\waltz\414061df87e5bcb6903f6b58c19cfdf4921ddc26__s180000ms.wav,180000,20000,87.6,waltz
4405044479f991d1dc7dc5b1916361f970468e96__0ms,4405044479f991d1dc7dc5b1916361f970468e96,WALTZ   music Damien Rice – Under The Tongue,D:\projekty\Hudba\music-editor\src\data\segments\waltz\4405044479f991d1dc7dc5b1916361f970468e96__s0ms.wav,0,20000,87.6,waltz
4405044479f991d1dc7dc5b1916361f970468e96__20000ms,4405044479f991d1dc7dc5b1916361f970468e96,WALTZ   music Damien Rice – Under The Tongue,D:\projekty\Hudba\music-editor\src\data\segments\waltz\4405044479f991d1dc7dc5b1916361f970468e96__s20000ms.wav,20000,20000,87.6,waltz
4405044479f991d1dc7dc5b1916361f970468e96__40000ms,4405044479f991d1dc7dc5b1916361f970468e96,WALTZ   music Damien Rice – Under The Tongue,D:\projekty\Hudba\music-editor\src\data\segments\waltz\4405044479f991d1dc7dc5b1916361f970468e96__s40000ms.wav,40000,20000,87.6,waltz
4405044479f991d1dc7dc5b1916361f970468e96__60000ms,4405044479f991d1dc7dc5b1916361f970468e96,WALTZ   music Damien Rice – Under The Tongue,D:\projekty\Hudba\music-editor\src\data\segments\waltz\4405044479f991d1dc7dc5b1916361f970468e96__s60000ms.wav,60000,20000,87.6,waltz
4405044479f991d1dc7dc5b1916361f970468e96__80000ms,4405044479f991d1dc7dc5b1916361f970468e96,WALTZ   music Damien Rice – Under The Tongue,D:\projekty\Hudba\music-editor\src\data\segments\waltz\4405044479f991d1dc7dc5b1916361f970468e96__s80000ms.wav,80000,20000,87.6,waltz
4405044479f991d1dc7dc5b1916361f970468e96__100000ms,4405044479f991d1dc7dc5b1916361f970468e96,WALTZ   music Damien Rice – Under The Tongue,D:\projekty\Hudba\music-editor\src\data\segments\waltz\4405044479f991d1dc7dc5b1916361f970468e96__s100000ms.wav,100000,20000,87.6,waltz
4405044479f991d1dc7dc5b1916361f970468e96__120000ms,4405044479f991d1dc7dc5b1916361f970468e96,WALTZ   music Damien Rice – Under The Tongue,D:\projekty\Hudba\music-editor\src\data\segments\waltz\4405044479f991d1dc7dc5b1916361f970468e96__s120000ms.wav,120000,20000,87.6,waltz
4405044479f991d1dc7dc5b1916361f970468e96__140000ms,4405044479f991d1dc7dc5b1916361f970468e96,WALTZ   music Damien Rice – Under The Tongue,D:\projekty\Hudba\music-editor\src\data\segments\waltz\4405044479f991d1dc7dc5b1916361f970468e96__s140000ms.wav,140000,13992,87.6,waltz
eaf64862c4276060f0019cf63a8353ca3e9b55c2__0ms,eaf64862c4276060f0019cf63a8353ca3e9b55c2,Waltz   Romeo u0026 Juliet,D:\projekty\Hudba\music-editor\src\data\segments\viennese waltz\eaf64862c4276060f0019cf63a8353ca3e9b55c2__s0ms.wav,0,20000,166.7,viennese waltz
eaf64862c4276060f0019cf63a8353ca3e9b55c2__20000ms,eaf64862c4276060f0019cf63a8353ca3e9b55c2,Waltz   Romeo u0026 Juliet,D:\projekty\Hudba\music-editor\src\data\segments\viennese waltz\eaf64862c4276060f0019cf63a8353ca3e9b55c2__s20000ms.wav,20000,20000,166.7,viennese waltz
eaf64862c4276060f0019cf63a8353ca3e9b55c2__40000ms,eaf64862c4276060f0019cf63a8353ca3e9b55c2,Waltz   Romeo u0026 Juliet,D:\projekty\Hudba\music-editor\src\data\segments\viennese waltz\eaf64862c4276060f0019cf63a8353ca3e9b55c2__s40000ms.wav,40000,20000,166.7,viennese waltz
eaf64862c4276060f0019cf63a8353ca3e9b55c2__60000ms,eaf64862c4276060f0019cf63a8353ca3e9b55c2,Waltz   Romeo u0026 Juliet,D:\projekty\Hudba\music-editor\src\data\segments\viennese waltz\eaf64862c4276060f0019cf63a8353ca3e9b55c2__s60000ms.wav,60000,20000,166.7,viennese waltz
eaf64862c4276060f0019cf63a8353ca3e9b55c2__80000ms,eaf64862c4276060f0019cf63a8353ca3e9b55c2,Waltz   Romeo u0026 Juliet,D:\projekty\Hudba\music-editor\src\data\segments\viennese waltz\eaf64862c4276060f0019cf63a8353ca3e9b55c2__s80000ms.wav,80000,20000,166.7,viennese waltz
eaf64862c4276060f0019cf63a8353ca3e9b55c2__100000ms,eaf64862c4276060f0019cf63a8353ca3e9b55c2,Waltz   Romeo u0026 Juliet,D:\projekty\Hudba\music-editor\src\data\segments\viennese waltz\eaf64862c4276060f0019cf63a8353ca3e9b55c2__s100000ms.wav,100000,20000,166.7,viennese waltz
eaf64862c4276060f0019cf63a8353ca3e9b55c2__120000ms,eaf64862c4276060f0019cf63a8353ca3e9b55c2,Waltz   Romeo u0026 Juliet,D:\projekty\Hudba\music-editor\src\data\segments\viennese waltz\eaf64862c4276060f0019cf63a8353ca3e9b55c2__s120000ms.wav,120000,20000,166.7,viennese waltz
eaf64862c4276060f0019cf63a8353ca3e9b55c2__140000ms,eaf64862c4276060f0019cf63a8353ca3e9b55c2,Waltz   Romeo u0026 Juliet,D:\projekty\Hudba\music-editor\src\data\segments\viennese waltz\eaf64862c4276060f0019cf63a8353ca3e9b55c2__s140000ms.wav,140000,15951,166.7,viennese waltz
dd801684947f03b02004c96792ee09b9a9889ae1__0ms,dd801684947f03b02004c96792ee09b9a9889ae1,"Waltz   Un Peu Plus Haut, Un Peu Plus Loin   Laudin",D:\projekty\Hudba\music-editor\src\data\segments\waltz\dd801684947f03b02004c96792ee09b9a9889ae1__s0ms.wav,0,20000,87.6,waltz
dd801684947f03b02004c96792ee09b9a9889ae1__20000ms,dd801684947f03b02004c96792ee09b9a9889ae1,"Waltz   Un Peu Plus Haut, Un Peu Plus Loin   Laudin",D:\projekty\Hudba\music-editor\src\data\segments\waltz\dd801684947f03b02004c96792ee09b9a9889ae1__s20000ms.wav,20000,20000,87.6,waltz
dd801684947f03b02004c96792ee09b9a9889ae1__40000ms,dd801684947f03b02004c96792ee09b9a9889ae1,"Waltz   Un Peu Plus Haut, Un Peu Plus Loin   Laudin",D:\projekty\Hudba\music-editor\src\data\segments\waltz\dd801684947f03b02004c96792ee09b9a9889ae1__s40000ms.wav,40000,20000,87.6,waltz
dd801684947f03b02004c96792ee09b9a9889ae1__60000ms,dd801684947f03b02004c96792ee09b9a9889ae1,"Waltz   Un Peu Plus Haut, Un Peu Plus Loin   Laudin",D:\projekty\Hudba\music-editor\src\data\segments\waltz\dd801684947f03b02004c96792ee09b9a9889ae1__s60000ms.wav,60000,20000,87.6,waltz
dd801684947f03b02004c96792ee09b9a9889ae1__80000ms,dd801684947f03b02004c96792ee09b9a9889ae1,"Waltz   Un Peu Plus Haut, Un Peu Plus Loin   Laudin",D:\projekty\Hudba\music-editor\src\data\segments\waltz\dd801684947f03b02004c96792ee09b9a9889ae1__s80000ms.wav,80000,20000,87.6,waltz
dd801684947f03b02004c96792ee09b9a9889ae1__100000ms,dd801684947f03b02004c96792ee09b9a9889ae1,"Waltz   Un Peu Plus Haut, Un Peu Plus Loin   Laudin",D:\projekty\Hudba\music-editor\src\data\segments\waltz\dd801684947f03b02004c96792ee09b9a9889ae1__s100000ms.wav,100000,20000,87.6,waltz
bbcd334feccd92ea533223a836bc217835d55f05__0ms,bbcd334feccd92ea533223a836bc217835d55f05,WALTZ  A Perfect Indian Sinead Ó Connor,D:\projekty\Hudba\music-editor\src\data\segments\waltz\bbcd334feccd92ea533223a836bc217835d55f05__s0ms.wav,0,20000,172.3,waltz
bbcd334feccd92ea533223a836bc217835d55f05__20000ms,bbcd334feccd92ea533223a836bc217835d55f05,WALTZ  A Perfect Indian Sinead Ó Connor,D:\projekty\Hudba\music-editor\src\data\segments\waltz\bbcd334feccd92ea533223a836bc217835d55f05__s20000ms.wav,20000,20000,172.3,waltz
bbcd334feccd92ea533223a836bc217835d55f05__40000ms,bbcd334feccd92ea533223a836bc217835d55f05,WALTZ  A Perfect Indian Sinead Ó Connor,D:\projekty\Hudba\music-editor\src\data\segments\waltz\bbcd334feccd92ea533223a836bc217835d55f05__s40000ms.wav,40000,20000,172.3,waltz
bbcd334feccd92ea533223a836bc217835d55f05__60000ms,bbcd334feccd92ea533223a836bc217835d55f05,WALTZ  A Perfect Indian Sinead Ó Connor,D:\projekty\Hudba\music-editor\src\data\segments\waltz\bbcd334feccd92ea533223a836bc217835d55f05__s60000ms.wav,60000,20000,172.3,waltz
bbcd334feccd92ea533223a836bc217835d55f05__80000ms,bbcd334feccd92ea533223a836bc217835d55f05,WALTZ  A Perfect Indian Sinead Ó Connor,D:\projekty\Hudba\music-editor\src\data\segments\waltz\bbcd334feccd92ea533223a836bc217835d55f05__s80000ms.wav,80000,20000,172.3,waltz
bbcd334feccd92ea533223a836bc217835d55f05__100000ms,bbcd334feccd92ea533223a836bc217835d55f05,WALTZ  A Perfect Indian Sinead Ó Connor,D:\projekty\Hudba\music-editor\src\data\segments\waltz\bbcd334feccd92ea533223a836bc217835d55f05__s100000ms.wav,100000,20000,172.3,waltz
bbcd334feccd92ea533223a836bc217835d55f05__120000ms,bbcd334feccd92ea533223a836bc217835d55f05,WALTZ  A Perfect Indian Sinead Ó Connor,D:\projekty\Hudba\music-editor\src\data\segments\waltz\bbcd334feccd92ea533223a836bc217835d55f05__s120000ms.wav,120000,20000,172.3,waltz
bbcd334feccd92ea533223a836bc217835d55f05__140000ms,bbcd334feccd92ea533223a836bc217835d55f05,WALTZ  A Perfect Indian Sinead Ó Connor,D:\projekty\Hudba\music-editor\src\data\segments\waltz\bbcd334feccd92ea533223a836bc217835d55f05__s140000ms.wav,140000,20000,172.3,waltz
bbcd334feccd92ea533223a836bc217835d55f05__160000ms,bbcd334feccd92ea533223a836bc217835d55f05,WALTZ  A Perfect Indian Sinead Ó Connor,D:\projekty\Hudba\music-editor\src\data\segments\waltz\bbcd334feccd92ea533223a836bc217835d55f05__s160000ms.wav,160000,20000,172.3,waltz
bbcd334feccd92ea533223a836bc217835d55f05__180000ms,bbcd334feccd92ea533223a836bc217835d55f05,WALTZ  A Perfect Indian Sinead Ó Connor,D:\projekty\Hudba\music-editor\src\data\segments\waltz\bbcd334feccd92ea533223a836bc217835d55f05__s180000ms.wav,180000,20000,172.3,waltz
bbcd334feccd92ea533223a836bc217835d55f05__200000ms,bbcd334feccd92ea533223a836bc217835d55f05,WALTZ  A Perfect Indian Sinead Ó Connor,D:\projekty\Hudba\music-editor\src\data\segments\waltz\bbcd334feccd92ea533223a836bc217835d55f05__s200000ms.wav,200000,20000,172.3,waltz
bbcd334feccd92ea533223a836bc217835d55f05__220000ms,bbcd334feccd92ea533223a836bc217835d55f05,WALTZ  A Perfect Indian Sinead Ó Connor,D:\projekty\Hudba\music-editor\src\data\segments\waltz\bbcd334feccd92ea533223a836bc217835d55f05__s220000ms.wav,220000,20000,172.3,waltz
bbcd334feccd92ea533223a836bc217835d55f05__240000ms,bbcd334feccd92ea533223a836bc217835d55f05,WALTZ  A Perfect Indian Sinead Ó Connor,D:\projekty\Hudba\music-editor\src\data\segments\waltz\bbcd334feccd92ea533223a836bc217835d55f05__s240000ms.wav,240000,20000,172.3,waltz
91840108145c561541d845d929c12c395f0d4b29__0ms,91840108145c561541d845d929c12c395f0d4b29,WALTZ  Finger,D:\projekty\Hudba\music-editor\src\data\segments\waltz\91840108145c561541d845d929c12c395f0d4b29__s0ms.wav,0,20000,84.7,waltz
91840108145c561541d845d929c12c395f0d4b29__20000ms,91840108145c561541d845d929c12c395f0d4b29,WALTZ  Finger,D:\projekty\Hudba\music-editor\src\data\segments\waltz\91840108145c561541d845d929c12c395f0d4b29__s20000ms.wav,20000,20000,84.7,waltz
91840108145c561541d845d929c12c395f0d4b29__40000ms,91840108145c561541d845d929c12c395f0d4b29,WALTZ  Finger,D:\projekty\Hudba\music-editor\src\data\segments\waltz\91840108145c561541d845d929c12c395f0d4b29__s40000ms.wav,40000,20000,84.7,waltz
91840108145c561541d845d929c12c395f0d4b29__60000ms,91840108145c561541d845d929c12c395f0d4b29,WALTZ  Finger,D:\projekty\Hudba\music-editor\src\data\segments\waltz\91840108145c561541d845d929c12c395f0d4b29__s60000ms.wav,60000,20000,84.7,waltz
91840108145c561541d845d929c12c395f0d4b29__80000ms,91840108145c561541d845d929c12c395f0d4b29,WALTZ  Finger,D:\projekty\Hudba\music-editor\src\data\segments\waltz\91840108145c561541d845d929c12c395f0d4b29__s80000ms.wav,80000,20000,84.7,waltz
91840108145c561541d845d929c12c395f0d4b29__100000ms,91840108145c561541d845d929c12c395f0d4b29,WALTZ  Finger,D:\projekty\Hudba\music-editor\src\data\segments\waltz\91840108145c561541d845d929c12c395f0d4b29__s100000ms.wav,100000,20000,84.7,waltz
91840108145c561541d845d929c12c395f0d4b29__120000ms,91840108145c561541d845d929c12c395f0d4b29,WALTZ  Finger,D:\projekty\Hudba\music-editor\src\data\segments\waltz\91840108145c561541d845d929c12c395f0d4b29__s120000ms.wav,120000,20000,84.7,waltz
91840108145c561541d845d929c12c395f0d4b29__140000ms,91840108145c561541d845d929c12c395f0d4b29,WALTZ  Finger,D:\projekty\Hudba\music-editor\src\data\segments\waltz\91840108145c561541d845d929c12c395f0d4b29__s140000ms.wav,140000,20000,84.7,waltz
91840108145c561541d845d929c12c395f0d4b29__160000ms,91840108145c561541d845d929c12c395f0d4b29,WALTZ  Finger,D:\projekty\Hudba\music-editor\src\data\segments\waltz\91840108145c561541d845d929c12c395f0d4b29__s160000ms.wav,160000,10005,84.7,waltz
fb3a76c3c8ecc515b00456de60ddd588f6851167__0ms,fb3a76c3c8ecc515b00456de60ddd588f6851167,Waltz  Foolish,D:\projekty\Hudba\music-editor\src\data\segments\waltz\fb3a76c3c8ecc515b00456de60ddd588f6851167__s0ms.wav,0,20000,89.1,waltz
fb3a76c3c8ecc515b00456de60ddd588f6851167__20000ms,fb3a76c3c8ecc515b00456de60ddd588f6851167,Waltz  Foolish,D:\projekty\Hudba\music-editor\src\data\segments\waltz\fb3a76c3c8ecc515b00456de60ddd588f6851167__s20000ms.wav,20000,20000,89.1,waltz
fb3a76c3c8ecc515b00456de60ddd588f6851167__40000ms,fb3a76c3c8ecc515b00456de60ddd588f6851167,Waltz  Foolish,D:\projekty\Hudba\music-editor\src\data\segments\waltz\fb3a76c3c8ecc515b00456de60ddd588f6851167__s40000ms.wav,40000,20000,89.1,waltz
fb3a76c3c8ecc515b00456de60ddd588f6851167__60000ms,fb3a76c3c8ecc515b00456de60ddd588f6851167,Waltz  Foolish,D:\projekty\Hudba\music-editor\src\data\segments\waltz\fb3a76c3c8ecc515b00456de60ddd588f6851167__s60000ms.wav,60000,20000,89.1,waltz
fb3a76c3c8ecc515b00456de60ddd588f6851167__80000ms,fb3a76c3c8ecc515b00456de60ddd588f6851167,Waltz  Foolish,D:\projekty\Hudba\music-editor\src\data\segments\waltz\fb3a76c3c8ecc515b00456de60ddd588f6851167__s80000ms.wav,80000,20000,89.1,waltz
fb3a76c3c8ecc515b00456de60ddd588f6851167__100000ms,fb3a76c3c8ecc515b00456de60ddd588f6851167,Waltz  Foolish,D:\projekty\Hudba\music-editor\src\data\segments\waltz\fb3a76c3c8ecc515b00456de60ddd588f6851167__s100000ms.wav,100000,20000,89.1,waltz
fb3a76c3c8ecc515b00456de60ddd588f6851167__120000ms,fb3a76c3c8ecc515b00456de60ddd588f6851167,Waltz  Foolish,D:\projekty\Hudba\music-editor\src\data\segments\waltz\fb3a76c3c8ecc515b00456de60ddd588f6851167__s120000ms.wav,120000,20000,89.1,waltz
fb3a76c3c8ecc515b00456de60ddd588f6851167__140000ms,fb3a76c3c8ecc515b00456de60ddd588f6851167,Waltz  Foolish,D:\projekty\Hudba\music-editor\src\data\segments\waltz\fb3a76c3c8ecc515b00456de60ddd588f6851167__s140000ms.wav,140000,20000,89.1,waltz
fb3a76c3c8ecc515b00456de60ddd588f6851167__160000ms,fb3a76c3c8ecc515b00456de60ddd588f6851167,Waltz  Foolish,D:\projekty\Hudba\music-editor\src\data\segments\waltz\fb3a76c3c8ecc515b00456de60ddd588f6851167__s160000ms.wav,160000,20000,89.1,waltz
fb3a76c3c8ecc515b00456de60ddd588f6851167__180000ms,fb3a76c3c8ecc515b00456de60ddd588f6851167,Waltz  Foolish,D:\projekty\Hudba\music-editor\src\data\segments\waltz\fb3a76c3c8ecc515b00456de60ddd588f6851167__s180000ms.wav,180000,20000,89.1,waltz
fb3a76c3c8ecc515b00456de60ddd588f6851167__200000ms,fb3a76c3c8ecc515b00456de60ddd588f6851167,Waltz  Foolish,D:\projekty\Hudba\music-editor\src\data\segments\waltz\fb3a76c3c8ecc515b00456de60ddd588f6851167__s200000ms.wav,200000,20000,89.1,waltz
fb3a76c3c8ecc515b00456de60ddd588f6851167__220000ms,fb3a76c3c8ecc515b00456de60ddd588f6851167,Waltz  Foolish,D:\projekty\Hudba\music-editor\src\data\segments\waltz\fb3a76c3c8ecc515b00456de60ddd588f6851167__s220000ms.wav,220000,20000,89.1,waltz
fb3a76c3c8ecc515b00456de60ddd588f6851167__240000ms,fb3a76c3c8ecc515b00456de60ddd588f6851167,Waltz  Foolish,D:\projekty\Hudba\music-editor\src\data\segments\waltz\fb3a76c3c8ecc515b00456de60ddd588f6851167__s240000ms.wav,240000,20000,89.1,waltz
fb3a76c3c8ecc515b00456de60ddd588f6851167__260000ms,fb3a76c3c8ecc515b00456de60ddd588f6851167,Waltz  Foolish,D:\projekty\Hudba\music-editor\src\data\segments\waltz\fb3a76c3c8ecc515b00456de60ddd588f6851167__s260000ms.wav,260000,17551,89.1,waltz
7bfe434b041c226f09e0b082b08aefc400db73b7__0ms,7bfe434b041c226f09e0b082b08aefc400db73b7,WALTZ  I´m So Lonesome I Could Cry,D:\projekty\Hudba\music-editor\src\data\segments\waltz\7bfe434b041c226f09e0b082b08aefc400db73b7__s0ms.wav,0,20000,87.6,waltz
7bfe434b041c226f09e0b082b08aefc400db73b7__20000ms,7bfe434b041c226f09e0b082b08aefc400db73b7,WALTZ  I´m So Lonesome I Could Cry,D:\projekty\Hudba\music-editor\src\data\segments\waltz\7bfe434b041c226f09e0b082b08aefc400db73b7__s20000ms.wav,20000,20000,87.6,waltz
7bfe434b041c226f09e0b082b08aefc400db73b7__40000ms,7bfe434b041c226f09e0b082b08aefc400db73b7,WALTZ  I´m So Lonesome I Could Cry,D:\projekty\Hudba\music-editor\src\data\segments\waltz\7bfe434b041c226f09e0b082b08aefc400db73b7__s40000ms.wav,40000,20000,87.6,waltz
7bfe434b041c226f09e0b082b08aefc400db73b7__60000ms,7bfe434b041c226f09e0b082b08aefc400db73b7,WALTZ  I´m So Lonesome I Could Cry,D:\projekty\Hudba\music-editor\src\data\segments\waltz\7bfe434b041c226f09e0b082b08aefc400db73b7__s60000ms.wav,60000,20000,87.6,waltz
7bfe434b041c226f09e0b082b08aefc400db73b7__80000ms,7bfe434b041c226f09e0b082b08aefc400db73b7,WALTZ  I´m So Lonesome I Could Cry,D:\projekty\Hudba\music-editor\src\data\segments\waltz\7bfe434b041c226f09e0b082b08aefc400db73b7__s80000ms.wav,80000,20000,87.6,waltz
7bfe434b041c226f09e0b082b08aefc400db73b7__100000ms,7bfe434b041c226f09e0b082b08aefc400db73b7,WALTZ  I´m So Lonesome I Could Cry,D:\projekty\Hudba\music-editor\src\data\segments\waltz\7bfe434b041c226f09e0b082b08aefc400db73b7__s100000ms.wav,100000,20000,87.6,waltz
7bfe434b041c226f09e0b082b08aefc400db73b7__120000ms,7bfe434b041c226f09e0b082b08aefc400db73b7,WALTZ  I´m So Lonesome I Could Cry,D:\projekty\Hudba\music-editor\src\data\segments\waltz\7bfe434b041c226f09e0b082b08aefc400db73b7__s120000ms.wav,120000,20000,87.6,waltz
7bfe434b041c226f09e0b082b08aefc400db73b7__140000ms,7bfe434b041c226f09e0b082b08aefc400db73b7,WALTZ  I´m So Lonesome I Could Cry,D:\projekty\Hudba\music-editor\src\data\segments\waltz\7bfe434b041c226f09e0b082b08aefc400db73b7__s140000ms.wav,140000,20000,87.6,waltz
e799d3c02c40afc1f8a429d046a8f9ab1b564148__0ms,e799d3c02c40afc1f8a429d046a8f9ab1b564148,WALTZ  Let Me Go Lover,D:\projekty\Hudba\music-editor\src\data\segments\waltz\e799d3c02c40afc1f8a429d046a8f9ab1b564148__s0ms.wav,0,20000,89.1,waltz
e799d3c02c40afc1f8a429d046a8f9ab1b564148__20000ms,e799d3c02c40afc1f8a429d046a8f9ab1b564148,WALTZ  Let Me Go Lover,D:\projekty\Hudba\music-editor\src\data\segments\waltz\e799d3c02c40afc1f8a429d046a8f9ab1b564148__s20000ms.wav,20000,20000,89.1,waltz
e799d3c02c40afc1f8a429d046a8f9ab1b564148__40000ms,e799d3c02c40afc1f8a429d046a8f9ab1b564148,WALTZ  Let Me Go Lover,D:\projekty\Hudba\music-editor\src\data\segments\waltz\e799d3c02c40afc1f8a429d046a8f9ab1b564148__s40000ms.wav,40000,20000,89.1,waltz
e799d3c02c40afc1f8a429d046a8f9ab1b564148__60000ms,e799d3c02c40afc1f8a429d046a8f9ab1b564148,WALTZ  Let Me Go Lover,D:\projekty\Hudba\music-editor\src\data\segments\waltz\e799d3c02c40afc1f8a429d046a8f9ab1b564148__s60000ms.wav,60000,20000,89.1,waltz
e799d3c02c40afc1f8a429d046a8f9ab1b564148__80000ms,e799d3c02c40afc1f8a429d046a8f9ab1b564148,WALTZ  Let Me Go Lover,D:\projekty\Hudba\music-editor\src\data\segments\waltz\e799d3c02c40afc1f8a429d046a8f9ab1b564148__s80000ms.wav,80000,20000,89.1,waltz
e799d3c02c40afc1f8a429d046a8f9ab1b564148__100000ms,e799d3c02c40afc1f8a429d046a8f9ab1b564148,WALTZ  Let Me Go Lover,D:\projekty\Hudba\music-editor\src\data\segments\waltz\e799d3c02c40afc1f8a429d046a8f9ab1b564148__s100000ms.wav,100000,20000,89.1,waltz
e799d3c02c40afc1f8a429d046a8f9ab1b564148__120000ms,e799d3c02c40afc1f8a429d046a8f9ab1b564148,WALTZ  Let Me Go Lover,D:\projekty\Hudba\music-editor\src\data\segments\waltz\e799d3c02c40afc1f8a429d046a8f9ab1b564148__s120000ms.wav,120000,15105,89.1,waltz
b46653d0c5eaeb22f41800d92a7938d3728c1b8e__0ms,b46653d0c5eaeb22f41800d92a7938d3728c1b8e,WALTZ  Mandulinata Angelo Daforno,D:\projekty\Hudba\music-editor\src\data\segments\waltz\b46653d0c5eaeb22f41800d92a7938d3728c1b8e__s0ms.wav,0,20000,84.7,waltz
b46653d0c5eaeb22f41800d92a7938d3728c1b8e__20000ms,b46653d0c5eaeb22f41800d92a7938d3728c1b8e,WALTZ  Mandulinata Angelo Daforno,D:\projekty\Hudba\music-editor\src\data\segments\waltz\b46653d0c5eaeb22f41800d92a7938d3728c1b8e__s20000ms.wav,20000,20000,84.7,waltz
b46653d0c5eaeb22f41800d92a7938d3728c1b8e__40000ms,b46653d0c5eaeb22f41800d92a7938d3728c1b8e,WALTZ  Mandulinata Angelo Daforno,D:\projekty\Hudba\music-editor\src\data\segments\waltz\b46653d0c5eaeb22f41800d92a7938d3728c1b8e__s40000ms.wav,40000,20000,84.7,waltz
b46653d0c5eaeb22f41800d92a7938d3728c1b8e__60000ms,b46653d0c5eaeb22f41800d92a7938d3728c1b8e,WALTZ  Mandulinata Angelo Daforno,D:\projekty\Hudba\music-editor\src\data\segments\waltz\b46653d0c5eaeb22f41800d92a7938d3728c1b8e__s60000ms.wav,60000,20000,84.7,waltz
b46653d0c5eaeb22f41800d92a7938d3728c1b8e__80000ms,b46653d0c5eaeb22f41800d92a7938d3728c1b8e,WALTZ  Mandulinata Angelo Daforno,D:\projekty\Hudba\music-editor\src\data\segments\waltz\b46653d0c5eaeb22f41800d92a7938d3728c1b8e__s80000ms.wav,80000,20000,84.7,waltz
b46653d0c5eaeb22f41800d92a7938d3728c1b8e__100000ms,b46653d0c5eaeb22f41800d92a7938d3728c1b8e,WALTZ  Mandulinata Angelo Daforno,D:\projekty\Hudba\music-editor\src\data\segments\waltz\b46653d0c5eaeb22f41800d92a7938d3728c1b8e__s100000ms.wav,100000,20000,84.7,waltz
b46653d0c5eaeb22f41800d92a7938d3728c1b8e__120000ms,b46653d0c5eaeb22f41800d92a7938d3728c1b8e,WALTZ  Mandulinata Angelo Daforno,D:\projekty\Hudba\music-editor\src\data\segments\waltz\b46653d0c5eaeb22f41800d92a7938d3728c1b8e__s120000ms.wav,120000,16438,84.7,waltz
5b48c83bd5b8556c138cd3fc1c88559e386798db__0ms,5b48c83bd5b8556c138cd3fc1c88559e386798db,WALTZ  Moon River,D:\projekty\Hudba\music-editor\src\data\segments\waltz\5b48c83bd5b8556c138cd3fc1c88559e386798db__s0ms.wav,0,20000,86.1,waltz
5b48c83bd5b8556c138cd3fc1c88559e386798db__20000ms,5b48c83bd5b8556c138cd3fc1c88559e386798db,WALTZ  Moon River,D:\projekty\Hudba\music-editor\src\data\segments\waltz\5b48c83bd5b8556c138cd3fc1c88559e386798db__s20000ms.wav,20000,20000,86.1,waltz
5b48c83bd5b8556c138cd3fc1c88559e386798db__40000ms,5b48c83bd5b8556c138cd3fc1c88559e386798db,WALTZ  Moon River,D:\projekty\Hudba\music-editor\src\data\segments\waltz\5b48c83bd5b8556c138cd3fc1c88559e386798db__s40000ms.wav,40000,20000,86.1,waltz
5b48c83bd5b8556c138cd3fc1c88559e386798db__60000ms,5b48c83bd5b8556c138cd3fc1c88559e386798db,WALTZ  Moon River,D:\projekty\Hudba\music-editor\src\data\segments\waltz\5b48c83bd5b8556c138cd3fc1c88559e386798db__s60000ms.wav,60000,20000,86.1,waltz
5b48c83bd5b8556c138cd3fc1c88559e386798db__80000ms,5b48c83bd5b8556c138cd3fc1c88559e386798db,WALTZ  Moon River,D:\projekty\Hudba\music-editor\src\data\segments\waltz\5b48c83bd5b8556c138cd3fc1c88559e386798db__s80000ms.wav,80000,20000,86.1,waltz
5b48c83bd5b8556c138cd3fc1c88559e386798db__100000ms,5b48c83bd5b8556c138cd3fc1c88559e386798db,WALTZ  Moon River,D:\projekty\Hudba\music-editor\src\data\segments\waltz\5b48c83bd5b8556c138cd3fc1c88559e386798db__s100000ms.wav,100000,20000,86.1,waltz
5b48c83bd5b8556c138cd3fc1c88559e386798db__120000ms,5b48c83bd5b8556c138cd3fc1c88559e386798db,WALTZ  Moon River,D:\projekty\Hudba\music-editor\src\data\segments\waltz\5b48c83bd5b8556c138cd3fc1c88559e386798db__s120000ms.wav,120000,20000,86.1,waltz
5b48c83bd5b8556c138cd3fc1c88559e386798db__140000ms,5b48c83bd5b8556c138cd3fc1c88559e386798db,WALTZ  Moon River,D:\projekty\Hudba\music-editor\src\data\segments\waltz\5b48c83bd5b8556c138cd3fc1c88559e386798db__s140000ms.wav,140000,20000,86.1,waltz
5b48c83bd5b8556c138cd3fc1c88559e386798db__160000ms,5b48c83bd5b8556c138cd3fc1c88559e386798db,WALTZ  Moon River,D:\projekty\Hudba\music-editor\src\data\segments\waltz\5b48c83bd5b8556c138cd3fc1c88559e386798db__s160000ms.wav,160000,20000,86.1,waltz
5b48c83bd5b8556c138cd3fc1c88559e386798db__180000ms,5b48c83bd5b8556c138cd3fc1c88559e386798db,WALTZ  Moon River,D:\projekty\Hudba\music-editor\src\data\segments\waltz\5b48c83bd5b8556c138cd3fc1c88559e386798db__s180000ms.wav,180000,20000,86.1,waltz
5b48c83bd5b8556c138cd3fc1c88559e386798db__200000ms,5b48c83bd5b8556c138cd3fc1c88559e386798db,WALTZ  Moon River,D:\projekty\Hudba\music-editor\src\data\segments\waltz\5b48c83bd5b8556c138cd3fc1c88559e386798db__s200000ms.wav,200000,20000,86.1,waltz
db32cb230813c85c345bbd892670d294116cdd85__0ms,db32cb230813c85c345bbd892670d294116cdd85,WALTZ  Passione Caterina Zapponi,D:\projekty\Hudba\music-editor\src\data\segments\waltz\db32cb230813c85c345bbd892670d294116cdd85__s0ms.wav,0,20000,172.3,waltz
db32cb230813c85c345bbd892670d294116cdd85__20000ms,db32cb230813c85c345bbd892670d294116cdd85,WALTZ  Passione Caterina Zapponi,D:\projekty\Hudba\music-editor\src\data\segments\waltz\db32cb230813c85c345bbd892670d294116cdd85__s20000ms.wav,20000,20000,172.3,waltz
db32cb230813c85c345bbd892670d294116cdd85__40000ms,db32cb230813c85c345bbd892670d294116cdd85,WALTZ  Passione Caterina Zapponi,D:\projekty\Hudba\music-editor\src\data\segments\waltz\db32cb230813c85c345bbd892670d294116cdd85__s40000ms.wav,40000,20000,172.3,waltz
db32cb230813c85c345bbd892670d294116cdd85__60000ms,db32cb230813c85c345bbd892670d294116cdd85,WALTZ  Passione Caterina Zapponi,D:\projekty\Hudba\music-editor\src\data\segments\waltz\db32cb230813c85c345bbd892670d294116cdd85__s60000ms.wav,60000,20000,172.3,waltz
db32cb230813c85c345bbd892670d294116cdd85__80000ms,db32cb230813c85c345bbd892670d294116cdd85,WALTZ  Passione Caterina Zapponi,D:\projekty\Hudba\music-editor\src\data\segments\waltz\db32cb230813c85c345bbd892670d294116cdd85__s80000ms.wav,80000,20000,172.3,waltz
db32cb230813c85c345bbd892670d294116cdd85__100000ms,db32cb230813c85c345bbd892670d294116cdd85,WALTZ  Passione Caterina Zapponi,D:\projekty\Hudba\music-editor\src\data\segments\waltz\db32cb230813c85c345bbd892670d294116cdd85__s100000ms.wav,100000,20000,172.3,waltz
db32cb230813c85c345bbd892670d294116cdd85__120000ms,db32cb230813c85c345bbd892670d294116cdd85,WALTZ  Passione Caterina Zapponi,D:\projekty\Hudba\music-editor\src\data\segments\waltz\db32cb230813c85c345bbd892670d294116cdd85__s120000ms.wav,120000,20000,172.3,waltz
db32cb230813c85c345bbd892670d294116cdd85__140000ms,db32cb230813c85c345bbd892670d294116cdd85,WALTZ  Passione Caterina Zapponi,D:\projekty\Hudba\music-editor\src\data\segments\waltz\db32cb230813c85c345bbd892670d294116cdd85__s140000ms.wav,140000,20000,172.3,waltz
db32cb230813c85c345bbd892670d294116cdd85__160000ms,db32cb230813c85c345bbd892670d294116cdd85,WALTZ  Passione Caterina Zapponi,D:\projekty\Hudba\music-editor\src\data\segments\waltz\db32cb230813c85c345bbd892670d294116cdd85__s160000ms.wav,160000,20000,172.3,waltz
db32cb230813c85c345bbd892670d294116cdd85__180000ms,db32cb230813c85c345bbd892670d294116cdd85,WALTZ  Passione Caterina Zapponi,D:\projekty\Hudba\music-editor\src\data\segments\waltz\db32cb230813c85c345bbd892670d294116cdd85__s180000ms.wav,180000,20000,172.3,waltz
db32cb230813c85c345bbd892670d294116cdd85__200000ms,db32cb230813c85c345bbd892670d294116cdd85,WALTZ  Passione Caterina Zapponi,D:\projekty\Hudba\music-editor\src\data\segments\waltz\db32cb230813c85c345bbd892670d294116cdd85__s200000ms.wav,200000,20000,172.3,waltz
db32cb230813c85c345bbd892670d294116cdd85__220000ms,db32cb230813c85c345bbd892670d294116cdd85,WALTZ  Passione Caterina Zapponi,D:\projekty\Hudba\music-editor\src\data\segments\waltz\db32cb230813c85c345bbd892670d294116cdd85__s220000ms.wav,220000,18420,172.3,waltz
5e74094708e8294fce642f9fb5629f918164f6a2__0ms,5e74094708e8294fce642f9fb5629f918164f6a2,WALTZ  The Force John Kelly Maite Itoiz,D:\projekty\Hudba\music-editor\src\data\segments\waltz\5e74094708e8294fce642f9fb5629f918164f6a2__s0ms.wav,0,20000,166.7,waltz
5e74094708e8294fce642f9fb5629f918164f6a2__20000ms,5e74094708e8294fce642f9fb5629f918164f6a2,WALTZ  The Force John Kelly Maite Itoiz,D:\projekty\Hudba\music-editor\src\data\segments\waltz\5e74094708e8294fce642f9fb5629f918164f6a2__s20000ms.wav,20000,20000,166.7,waltz
5e74094708e8294fce642f9fb5629f918164f6a2__40000ms,5e74094708e8294fce642f9fb5629f918164f6a2,WALTZ  The Force John Kelly Maite Itoiz,D:\projekty\Hudba\music-editor\src\data\segments\waltz\5e74094708e8294fce642f9fb5629f918164f6a2__s40000ms.wav,40000,20000,166.7,waltz
5e74094708e8294fce642f9fb5629f918164f6a2__60000ms,5e74094708e8294fce642f9fb5629f918164f6a2,WALTZ  The Force John Kelly Maite Itoiz,D:\projekty\Hudba\music-editor\src\data\segments\waltz\5e74094708e8294fce642f9fb5629f918164f6a2__s60000ms.wav,60000,20000,166.7,waltz
5e74094708e8294fce642f9fb5629f918164f6a2__80000ms,5e74094708e8294fce642f9fb5629f918164f6a2,WALTZ  The Force John Kelly Maite Itoiz,D:\projekty\Hudba\music-editor\src\data\segments\waltz\5e74094708e8294fce642f9fb5629f918164f6a2__s80000ms.wav,80000,20000,166.7,waltz
5e74094708e8294fce642f9fb5629f918164f6a2__100000ms,5e74094708e8294fce642f9fb5629f918164f6a2,WALTZ  The Force John Kelly Maite Itoiz,D:\projekty\Hudba\music-editor\src\data\segments\waltz\5e74094708e8294fce642f9fb5629f918164f6a2__s100000ms.wav,100000,20000,166.7,waltz
5e74094708e8294fce642f9fb5629f918164f6a2__120000ms,5e74094708e8294fce642f9fb5629f918164f6a2,WALTZ  The Force John Kelly Maite Itoiz,D:\projekty\Hudba\music-editor\src\data\segments\waltz\5e74094708e8294fce642f9fb5629f918164f6a2__s120000ms.wav,120000,20000,166.7,waltz
5e74094708e8294fce642f9fb5629f918164f6a2__140000ms,5e74094708e8294fce642f9fb5629f918164f6a2,WALTZ  The Force John Kelly Maite Itoiz,D:\projekty\Hudba\music-editor\src\data\segments\waltz\5e74094708e8294fce642f9fb5629f918164f6a2__s140000ms.wav,140000,20000,166.7,waltz
5e74094708e8294fce642f9fb5629f918164f6a2__160000ms,5e74094708e8294fce642f9fb5629f918164f6a2,WALTZ  The Force John Kelly Maite Itoiz,D:\projekty\Hudba\music-editor\src\data\segments\waltz\5e74094708e8294fce642f9fb5629f918164f6a2__s160000ms.wav,160000,20000,166.7,waltz
5e74094708e8294fce642f9fb5629f918164f6a2__180000ms,5e74094708e8294fce642f9fb5629f918164f6a2,WALTZ  The Force John Kelly Maite Itoiz,D:\projekty\Hudba\music-editor\src\data\segments\waltz\5e74094708e8294fce642f9fb5629f918164f6a2__s180000ms.wav,180000,20000,166.7,waltz
5e74094708e8294fce642f9fb5629f918164f6a2__200000ms,5e74094708e8294fce642f9fb5629f918164f6a2,WALTZ  The Force John Kelly Maite Itoiz,D:\projekty\Hudba\music-editor\src\data\segments\waltz\5e74094708e8294fce642f9fb5629f918164f6a2__s200000ms.wav,200000,20000,166.7,waltz
5e74094708e8294fce642f9fb5629f918164f6a2__220000ms,5e74094708e8294fce642f9fb5629f918164f6a2,WALTZ  The Force John Kelly Maite Itoiz,D:\projekty\Hudba\music-editor\src\data\segments\waltz\5e74094708e8294fce642f9fb5629f918164f6a2__s220000ms.wav,220000,20000,166.7,waltz
5e74094708e8294fce642f9fb5629f918164f6a2__240000ms,5e74094708e8294fce642f9fb5629f918164f6a2,WALTZ  The Force John Kelly Maite Itoiz,D:\projekty\Hudba\music-editor\src\data\segments\waltz\5e74094708e8294fce642f9fb5629f918164f6a2__s240000ms.wav,240000,20000,166.7,waltz
5e74094708e8294fce642f9fb5629f918164f6a2__260000ms,5e74094708e8294fce642f9fb5629f918164f6a2,WALTZ  The Force John Kelly Maite Itoiz,D:\projekty\Hudba\music-editor\src\data\segments\waltz\5e74094708e8294fce642f9fb5629f918164f6a2__s260000ms.wav,260000,14808,166.7,waltz
9531c3caa3a4103fb183fdacd270b7471d06c961__0ms,9531c3caa3a4103fb183fdacd270b7471d06c961,Waltz  Unchained melody,D:\projekty\Hudba\music-editor\src\data\segments\waltz\9531c3caa3a4103fb183fdacd270b7471d06c961__s0ms.wav,0,20000,90.7,waltz
9531c3caa3a4103fb183fdacd270b7471d06c961__20000ms,9531c3caa3a4103fb183fdacd270b7471d06c961,Waltz  Unchained melody,D:\projekty\Hudba\music-editor\src\data\segments\waltz\9531c3caa3a4103fb183fdacd270b7471d06c961__s20000ms.wav,20000,20000,90.7,waltz
9531c3caa3a4103fb183fdacd270b7471d06c961__40000ms,9531c3caa3a4103fb183fdacd270b7471d06c961,Waltz  Unchained melody,D:\projekty\Hudba\music-editor\src\data\segments\waltz\9531c3caa3a4103fb183fdacd270b7471d06c961__s40000ms.wav,40000,20000,90.7,waltz
9531c3caa3a4103fb183fdacd270b7471d06c961__60000ms,9531c3caa3a4103fb183fdacd270b7471d06c961,Waltz  Unchained melody,D:\projekty\Hudba\music-editor\src\data\segments\waltz\9531c3caa3a4103fb183fdacd270b7471d06c961__s60000ms.wav,60000,20000,90.7,waltz
9531c3caa3a4103fb183fdacd270b7471d06c961__80000ms,9531c3caa3a4103fb183fdacd270b7471d06c961,Waltz  Unchained melody,D:\projekty\Hudba\music-editor\src\data\segments\waltz\9531c3caa3a4103fb183fdacd270b7471d06c961__s80000ms.wav,80000,20000,90.7,waltz
9531c3caa3a4103fb183fdacd270b7471d06c961__100000ms,9531c3caa3a4103fb183fdacd270b7471d06c961,Waltz  Unchained melody,D:\projekty\Hudba\music-editor\src\data\segments\waltz\9531c3caa3a4103fb183fdacd270b7471d06c961__s100000ms.wav,100000,20000,90.7,waltz
9531c3caa3a4103fb183fdacd270b7471d06c961__120000ms,9531c3caa3a4103fb183fdacd270b7471d06c961,Waltz  Unchained melody,D:\projekty\Hudba\music-editor\src\data\segments\waltz\9531c3caa3a4103fb183fdacd270b7471d06c961__s120000ms.wav,120000,20000,90.7,waltz
9531c3caa3a4103fb183fdacd270b7471d06c961__140000ms,9531c3caa3a4103fb183fdacd270b7471d06c961,Waltz  Unchained melody,D:\projekty\Hudba\music-editor\src\data\segments\waltz\9531c3caa3a4103fb183fdacd270b7471d06c961__s140000ms.wav,140000,20000,90.7,waltz
2d67edc4a9dcd281a1b309804756845b765d858f__0ms,2d67edc4a9dcd281a1b309804756845b765d858f,WALTZ - Fascination,D:\projekty\Hudba\music-editor\src\data\segments\waltz\2d67edc4a9dcd281a1b309804756845b765d858f__s0ms.wav,0,20000,84.7,waltz
2d67edc4a9dcd281a1b309804756845b765d858f__20000ms,2d67edc4a9dcd281a1b309804756845b765d858f,WALTZ - Fascination,D:\projekty\Hudba\music-editor\src\data\segments\waltz\2d67edc4a9dcd281a1b309804756845b765d858f__s20000ms.wav,20000,20000,84.7,waltz
2d67edc4a9dcd281a1b309804756845b765d858f__40000ms,2d67edc4a9dcd281a1b309804756845b765d858f,WALTZ - Fascination,D:\projekty\Hudba\music-editor\src\data\segments\waltz\2d67edc4a9dcd281a1b309804756845b765d858f__s40000ms.wav,40000,20000,84.7,waltz
2d67edc4a9dcd281a1b309804756845b765d858f__60000ms,2d67edc4a9dcd281a1b309804756845b765d858f,WALTZ - Fascination,D:\projekty\Hudba\music-editor\src\data\segments\waltz\2d67edc4a9dcd281a1b309804756845b765d858f__s60000ms.wav,60000,20000,84.7,waltz
2d67edc4a9dcd281a1b309804756845b765d858f__80000ms,2d67edc4a9dcd281a1b309804756845b765d858f,WALTZ - Fascination,D:\projekty\Hudba\music-editor\src\data\segments\waltz\2d67edc4a9dcd281a1b309804756845b765d858f__s80000ms.wav,80000,20000,84.7,waltz
2d67edc4a9dcd281a1b309804756845b765d858f__100000ms,2d67edc4a9dcd281a1b309804756845b765d858f,WALTZ - Fascination,D:\projekty\Hudba\music-editor\src\data\segments\waltz\2d67edc4a9dcd281a1b309804756845b765d858f__s100000ms.wav,100000,20000,84.7,waltz
2d67edc4a9dcd281a1b309804756845b765d858f__120000ms,2d67edc4a9dcd281a1b309804756845b765d858f,WALTZ - Fascination,D:\projekty\Hudba\music-editor\src\data\segments\waltz\2d67edc4a9dcd281a1b309804756845b765d858f__s120000ms.wav,120000,20000,84.7,waltz
2d67edc4a9dcd281a1b309804756845b765d858f__140000ms,2d67edc4a9dcd281a1b309804756845b765d858f,WALTZ - Fascination,D:\projekty\Hudba\music-editor\src\data\segments\waltz\2d67edc4a9dcd281a1b309804756845b765d858f__s140000ms.wav,140000,20000,84.7,waltz
b3ae69e657c7d77a2f8f9ffe17038b97b60185c4__0ms,b3ae69e657c7d77a2f8f9ffe17038b97b60185c4,WALTZ - Finger,D:\projekty\Hudba\music-editor\src\data\segments\waltz\b3ae69e657c7d77a2f8f9ffe17038b97b60185c4__s0ms.wav,0,20000,84.7,waltz
b3ae69e657c7d77a2f8f9ffe17038b97b60185c4__20000ms,b3ae69e657c7d77a2f8f9ffe17038b97b60185c4,WALTZ - Finger,D:\projekty\Hudba\music-editor\src\data\segments\waltz\b3ae69e657c7d77a2f8f9ffe17038b97b60185c4__s20000ms.wav,20000,20000,84.7,waltz
b3ae69e657c7d77a2f8f9ffe17038b97b60185c4__40000ms,b3ae69e657c7d77a2f8f9ffe17038b97b60185c4,WALTZ - Finger,D:\projekty\Hudba\music-editor\src\data\segments\waltz\b3ae69e657c7d77a2f8f9ffe17038b97b60185c4__s40000ms.wav,40000,20000,84.7,waltz
b3ae69e657c7d77a2f8f9ffe17038b97b60185c4__60000ms,b3ae69e657c7d77a2f8f9ffe17038b97b60185c4,WALTZ - Finger,D:\projekty\Hudba\music-editor\src\data\segments\waltz\b3ae69e657c7d77a2f8f9ffe17038b97b60185c4__s60000ms.wav,60000,20000,84.7,waltz
b3ae69e657c7d77a2f8f9ffe17038b97b60185c4__80000ms,b3ae69e657c7d77a2f8f9ffe17038b97b60185c4,WALTZ - Finger,D:\projekty\Hudba\music-editor\src\data\segments\waltz\b3ae69e657c7d77a2f8f9ffe17038b97b60185c4__s80000ms.wav,80000,20000,84.7,waltz
b3ae69e657c7d77a2f8f9ffe17038b97b60185c4__100000ms,b3ae69e657c7d77a2f8f9ffe17038b97b60185c4,WALTZ - Finger,D:\projekty\Hudba\music-editor\src\data\segments\waltz\b3ae69e657c7d77a2f8f9ffe17038b97b60185c4__s100000ms.wav,100000,20000,84.7,waltz
b3ae69e657c7d77a2f8f9ffe17038b97b60185c4__120000ms,b3ae69e657c7d77a2f8f9ffe17038b97b60185c4,WALTZ - Finger,D:\projekty\Hudba\music-editor\src\data\segments\waltz\b3ae69e657c7d77a2f8f9ffe17038b97b60185c4__s120000ms.wav,120000,20000,84.7,waltz
b3ae69e657c7d77a2f8f9ffe17038b97b60185c4__140000ms,b3ae69e657c7d77a2f8f9ffe17038b97b60185c4,WALTZ - Finger,D:\projekty\Hudba\music-editor\src\data\segments\waltz\b3ae69e657c7d77a2f8f9ffe17038b97b60185c4__s140000ms.wav,140000,20000,84.7,waltz
b3ae69e657c7d77a2f8f9ffe17038b97b60185c4__160000ms,b3ae69e657c7d77a2f8f9ffe17038b97b60185c4,WALTZ - Finger,D:\projekty\Hudba\music-editor\src\data\segments\waltz\b3ae69e657c7d77a2f8f9ffe17038b97b60185c4__s160000ms.wav,160000,8411,84.7,waltz
984b1b599abeacff51239d3ffb6178532e87cacb__0ms,984b1b599abeacff51239d3ffb6178532e87cacb,WALTZ - Hello memory,D:\projekty\Hudba\music-editor\src\data\segments\waltz\984b1b599abeacff51239d3ffb6178532e87cacb__s0ms.wav,0,20000,86.1,waltz
984b1b599abeacff51239d3ffb6178532e87cacb__20000ms,984b1b599abeacff51239d3ffb6178532e87cacb,WALTZ - Hello memory,D:\projekty\Hudba\music-editor\src\data\segments\waltz\984b1b599abeacff51239d3ffb6178532e87cacb__s20000ms.wav,20000,20000,86.1,waltz
984b1b599abeacff51239d3ffb6178532e87cacb__40000ms,984b1b599abeacff51239d3ffb6178532e87cacb,WALTZ - Hello memory,D:\projekty\Hudba\music-editor\src\data\segments\waltz\984b1b599abeacff51239d3ffb6178532e87cacb__s40000ms.wav,40000,20000,86.1,waltz
984b1b599abeacff51239d3ffb6178532e87cacb__60000ms,984b1b599abeacff51239d3ffb6178532e87cacb,WALTZ - Hello memory,D:\projekty\Hudba\music-editor\src\data\segments\waltz\984b1b599abeacff51239d3ffb6178532e87cacb__s60000ms.wav,60000,20000,86.1,waltz
984b1b599abeacff51239d3ffb6178532e87cacb__80000ms,984b1b599abeacff51239d3ffb6178532e87cacb,WALTZ - Hello memory,D:\projekty\Hudba\music-editor\src\data\segments\waltz\984b1b599abeacff51239d3ffb6178532e87cacb__s80000ms.wav,80000,20000,86.1,waltz
984b1b599abeacff51239d3ffb6178532e87cacb__100000ms,984b1b599abeacff51239d3ffb6178532e87cacb,WALTZ - Hello memory,D:\projekty\Hudba\music-editor\src\data\segments\waltz\984b1b599abeacff51239d3ffb6178532e87cacb__s100000ms.wav,100000,20000,86.1,waltz
984b1b599abeacff51239d3ffb6178532e87cacb__120000ms,984b1b599abeacff51239d3ffb6178532e87cacb,WALTZ - Hello memory,D:\projekty\Hudba\music-editor\src\data\segments\waltz\984b1b599abeacff51239d3ffb6178532e87cacb__s120000ms.wav,120000,20000,86.1,waltz
091ef7965eec077d90fa57fac7a3c205fb3cf9b0__0ms,091ef7965eec077d90fa57fac7a3c205fb3cf9b0,WALTZ - Moulin Rouge,D:\projekty\Hudba\music-editor\src\data\segments\waltz\091ef7965eec077d90fa57fac7a3c205fb3cf9b0__s0ms.wav,0,20000,83.4,waltz
091ef7965eec077d90fa57fac7a3c205fb3cf9b0__20000ms,091ef7965eec077d90fa57fac7a3c205fb3cf9b0,WALTZ - Moulin Rouge,D:\projekty\Hudba\music-editor\src\data\segments\waltz\091ef7965eec077d90fa57fac7a3c205fb3cf9b0__s20000ms.wav,20000,20000,83.4,waltz
091ef7965eec077d90fa57fac7a3c205fb3cf9b0__40000ms,091ef7965eec077d90fa57fac7a3c205fb3cf9b0,WALTZ - Moulin Rouge,D:\projekty\Hudba\music-editor\src\data\segments\waltz\091ef7965eec077d90fa57fac7a3c205fb3cf9b0__s40000ms.wav,40000,20000,83.4,waltz
091ef7965eec077d90fa57fac7a3c205fb3cf9b0__60000ms,091ef7965eec077d90fa57fac7a3c205fb3cf9b0,WALTZ - Moulin Rouge,D:\projekty\Hudba\music-editor\src\data\segments\waltz\091ef7965eec077d90fa57fac7a3c205fb3cf9b0__s60000ms.wav,60000,20000,83.4,waltz
091ef7965eec077d90fa57fac7a3c205fb3cf9b0__80000ms,091ef7965eec077d90fa57fac7a3c205fb3cf9b0,WALTZ - Moulin Rouge,D:\projekty\Hudba\music-editor\src\data\segments\waltz\091ef7965eec077d90fa57fac7a3c205fb3cf9b0__s80000ms.wav,80000,20000,83.4,waltz
091ef7965eec077d90fa57fac7a3c205fb3cf9b0__100000ms,091ef7965eec077d90fa57fac7a3c205fb3cf9b0,WALTZ - Moulin Rouge,D:\projekty\Hudba\music-editor\src\data\segments\waltz\091ef7965eec077d90fa57fac7a3c205fb3cf9b0__s100000ms.wav,100000,20000,83.4,waltz
091ef7965eec077d90fa57fac7a3c205fb3cf9b0__120000ms,091ef7965eec077d90fa57fac7a3c205fb3cf9b0,WALTZ - Moulin Rouge,D:\projekty\Hudba\music-editor\src\data\segments\waltz\091ef7965eec077d90fa57fac7a3c205fb3cf9b0__s120000ms.wav,120000,20000,83.4,waltz
091ef7965eec077d90fa57fac7a3c205fb3cf9b0__140000ms,091ef7965eec077d90fa57fac7a3c205fb3cf9b0,WALTZ - Moulin Rouge,D:\projekty\Hudba\music-editor\src\data\segments\waltz\091ef7965eec077d90fa57fac7a3c205fb3cf9b0__s140000ms.wav,140000,20000,83.4,waltz
091ef7965eec077d90fa57fac7a3c205fb3cf9b0__160000ms,091ef7965eec077d90fa57fac7a3c205fb3cf9b0,WALTZ - Moulin Rouge,D:\projekty\Hudba\music-editor\src\data\segments\waltz\091ef7965eec077d90fa57fac7a3c205fb3cf9b0__s160000ms.wav,160000,20000,83.4,waltz
091ef7965eec077d90fa57fac7a3c205fb3cf9b0__180000ms,091ef7965eec077d90fa57fac7a3c205fb3cf9b0,WALTZ - Moulin Rouge,D:\projekty\Hudba\music-editor\src\data\segments\waltz\091ef7965eec077d90fa57fac7a3c205fb3cf9b0__s180000ms.wav,180000,20000,83.4,waltz
ee267fc65676804ea33b38cb7fe32117a98ec298__0ms,ee267fc65676804ea33b38cb7fe32117a98ec298,WALTZ - My Frends,D:\projekty\Hudba\music-editor\src\data\segments\waltz\ee267fc65676804ea33b38cb7fe32117a98ec298__s0ms.wav,0,20000,90.7,waltz
ee267fc65676804ea33b38cb7fe32117a98ec298__20000ms,ee267fc65676804ea33b38cb7fe32117a98ec298,WALTZ - My Frends,D:\projekty\Hudba\music-editor\src\data\segments\waltz\ee267fc65676804ea33b38cb7fe32117a98ec298__s20000ms.wav,20000,20000,90.7,waltz
ee267fc65676804ea33b38cb7fe32117a98ec298__40000ms,ee267fc65676804ea33b38cb7fe32117a98ec298,WALTZ - My Frends,D:\projekty\Hudba\music-editor\src\data\segments\waltz\ee267fc65676804ea33b38cb7fe32117a98ec298__s40000ms.wav,40000,20000,90.7,waltz
ee267fc65676804ea33b38cb7fe32117a98ec298__60000ms,ee267fc65676804ea33b38cb7fe32117a98ec298,WALTZ - My Frends,D:\projekty\Hudba\music-editor\src\data\segments\waltz\ee267fc65676804ea33b38cb7fe32117a98ec298__s60000ms.wav,60000,20000,90.7,waltz
ee267fc65676804ea33b38cb7fe32117a98ec298__80000ms,ee267fc65676804ea33b38cb7fe32117a98ec298,WALTZ - My Frends,D:\projekty\Hudba\music-editor\src\data\segments\waltz\ee267fc65676804ea33b38cb7fe32117a98ec298__s80000ms.wav,80000,20000,90.7,waltz
ee267fc65676804ea33b38cb7fe32117a98ec298__100000ms,ee267fc65676804ea33b38cb7fe32117a98ec298,WALTZ - My Frends,D:\projekty\Hudba\music-editor\src\data\segments\waltz\ee267fc65676804ea33b38cb7fe32117a98ec298__s100000ms.wav,100000,20000,90.7,waltz
ee267fc65676804ea33b38cb7fe32117a98ec298__120000ms,ee267fc65676804ea33b38cb7fe32117a98ec298,WALTZ - My Frends,D:\projekty\Hudba\music-editor\src\data\segments\waltz\ee267fc65676804ea33b38cb7fe32117a98ec298__s120000ms.wav,120000,20000,90.7,waltz
ee267fc65676804ea33b38cb7fe32117a98ec298__140000ms,ee267fc65676804ea33b38cb7fe32117a98ec298,WALTZ - My Frends,D:\projekty\Hudba\music-editor\src\data\segments\waltz\ee267fc65676804ea33b38cb7fe32117a98ec298__s140000ms.wav,140000,20000,90.7,waltz
ee267fc65676804ea33b38cb7fe32117a98ec298__160000ms,ee267fc65676804ea33b38cb7fe32117a98ec298,WALTZ - My Frends,D:\projekty\Hudba\music-editor\src\data\segments\waltz\ee267fc65676804ea33b38cb7fe32117a98ec298__s160000ms.wav,160000,20000,90.7,waltz
ee267fc65676804ea33b38cb7fe32117a98ec298__180000ms,ee267fc65676804ea33b38cb7fe32117a98ec298,WALTZ - My Frends,D:\projekty\Hudba\music-editor\src\data\segments\waltz\ee267fc65676804ea33b38cb7fe32117a98ec298__s180000ms.wav,180000,20000,90.7,waltz
ee267fc65676804ea33b38cb7fe32117a98ec298__200000ms,ee267fc65676804ea33b38cb7fe32117a98ec298,WALTZ - My Frends,D:\projekty\Hudba\music-editor\src\data\segments\waltz\ee267fc65676804ea33b38cb7fe32117a98ec298__s200000ms.wav,200000,20000,90.7,waltz
ee267fc65676804ea33b38cb7fe32117a98ec298__220000ms,ee267fc65676804ea33b38cb7fe32117a98ec298,WALTZ - My Frends,D:\projekty\Hudba\music-editor\src\data\segments\waltz\ee267fc65676804ea33b38cb7fe32117a98ec298__s220000ms.wav,220000,20000,90.7,waltz
ee267fc65676804ea33b38cb7fe32117a98ec298__240000ms,ee267fc65676804ea33b38cb7fe32117a98ec298,WALTZ - My Frends,D:\projekty\Hudba\music-editor\src\data\segments\waltz\ee267fc65676804ea33b38cb7fe32117a98ec298__s240000ms.wav,240000,20000,90.7,waltz
ee267fc65676804ea33b38cb7fe32117a98ec298__260000ms,ee267fc65676804ea33b38cb7fe32117a98ec298,WALTZ - My Frends,D:\projekty\Hudba\music-editor\src\data\segments\waltz\ee267fc65676804ea33b38cb7fe32117a98ec298__s260000ms.wav,260000,20000,90.7,waltz
ee267fc65676804ea33b38cb7fe32117a98ec298__280000ms,ee267fc65676804ea33b38cb7fe32117a98ec298,WALTZ - My Frends,D:\projekty\Hudba\music-editor\src\data\segments\waltz\ee267fc65676804ea33b38cb7fe32117a98ec298__s280000ms.wav,280000,20000,90.7,waltz
924b82412ce087b8b19d5e6788873f3d79934054__0ms,924b82412ce087b8b19d5e6788873f3d79934054,WALTZ - The first time,D:\projekty\Hudba\music-editor\src\data\segments\waltz\924b82412ce087b8b19d5e6788873f3d79934054__s0ms.wav,0,20000,90.7,waltz
924b82412ce087b8b19d5e6788873f3d79934054__20000ms,924b82412ce087b8b19d5e6788873f3d79934054,WALTZ - The first time,D:\projekty\Hudba\music-editor\src\data\segments\waltz\924b82412ce087b8b19d5e6788873f3d79934054__s20000ms.wav,20000,20000,90.7,waltz
924b82412ce087b8b19d5e6788873f3d79934054__40000ms,924b82412ce087b8b19d5e6788873f3d79934054,WALTZ - The first time,D:\projekty\Hudba\music-editor\src\data\segments\waltz\924b82412ce087b8b19d5e6788873f3d79934054__s40000ms.wav,40000,20000,90.7,waltz
924b82412ce087b8b19d5e6788873f3d79934054__60000ms,924b82412ce087b8b19d5e6788873f3d79934054,WALTZ - The first time,D:\projekty\Hudba\music-editor\src\data\segments\waltz\924b82412ce087b8b19d5e6788873f3d79934054__s60000ms.wav,60000,20000,90.7,waltz
924b82412ce087b8b19d5e6788873f3d79934054__80000ms,924b82412ce087b8b19d5e6788873f3d79934054,WALTZ - The first time,D:\projekty\Hudba\music-editor\src\data\segments\waltz\924b82412ce087b8b19d5e6788873f3d79934054__s80000ms.wav,80000,20000,90.7,waltz
924b82412ce087b8b19d5e6788873f3d79934054__100000ms,924b82412ce087b8b19d5e6788873f3d79934054,WALTZ - The first time,D:\projekty\Hudba\music-editor\src\data\segments\waltz\924b82412ce087b8b19d5e6788873f3d79934054__s100000ms.wav,100000,20000,90.7,waltz
924b82412ce087b8b19d5e6788873f3d79934054__120000ms,924b82412ce087b8b19d5e6788873f3d79934054,WALTZ - The first time,D:\projekty\Hudba\music-editor\src\data\segments\waltz\924b82412ce087b8b19d5e6788873f3d79934054__s120000ms.wav,120000,20000,90.7,waltz
924b82412ce087b8b19d5e6788873f3d79934054__140000ms,924b82412ce087b8b19d5e6788873f3d79934054,WALTZ - The first time,D:\projekty\Hudba\music-editor\src\data\segments\waltz\924b82412ce087b8b19d5e6788873f3d79934054__s140000ms.wav,140000,20000,90.7,waltz
924b82412ce087b8b19d5e6788873f3d79934054__160000ms,924b82412ce087b8b19d5e6788873f3d79934054,WALTZ - The first time,D:\projekty\Hudba\music-editor\src\data\segments\waltz\924b82412ce087b8b19d5e6788873f3d79934054__s160000ms.wav,160000,20000,90.7,waltz
924b82412ce087b8b19d5e6788873f3d79934054__180000ms,924b82412ce087b8b19d5e6788873f3d79934054,WALTZ - The first time,D:\projekty\Hudba\music-editor\src\data\segments\waltz\924b82412ce087b8b19d5e6788873f3d79934054__s180000ms.wav,180000,12131,90.7,waltz
850b5e5c6c2524ef3b4e77875245c186bf984d9b__0ms,850b5e5c6c2524ef3b4e77875245c186bf984d9b,WALTZ Alfreds [Langsamer Walzer 28 bpm] - Rossana Casale,D:\projekty\Hudba\music-editor\src\data\segments\waltz\850b5e5c6c2524ef3b4e77875245c186bf984d9b__s0ms.wav,0,20000,84.7,waltz
850b5e5c6c2524ef3b4e77875245c186bf984d9b__20000ms,850b5e5c6c2524ef3b4e77875245c186bf984d9b,WALTZ Alfreds [Langsamer Walzer 28 bpm] - Rossana Casale,D:\projekty\Hudba\music-editor\src\data\segments\waltz\850b5e5c6c2524ef3b4e77875245c186bf984d9b__s20000ms.wav,20000,20000,84.7,waltz
850b5e5c6c2524ef3b4e77875245c186bf984d9b__40000ms,850b5e5c6c2524ef3b4e77875245c186bf984d9b,WALTZ Alfreds [Langsamer Walzer 28 bpm] - Rossana Casale,D:\projekty\Hudba\music-editor\src\data\segments\waltz\850b5e5c6c2524ef3b4e77875245c186bf984d9b__s40000ms.wav,40000,20000,84.7,waltz
850b5e5c6c2524ef3b4e77875245c186bf984d9b__60000ms,850b5e5c6c2524ef3b4e77875245c186bf984d9b,WALTZ Alfreds [Langsamer Walzer 28 bpm] - Rossana Casale,D:\projekty\Hudba\music-editor\src\data\segments\waltz\850b5e5c6c2524ef3b4e77875245c186bf984d9b__s60000ms.wav,60000,20000,84.7,waltz
850b5e5c6c2524ef3b4e77875245c186bf984d9b__80000ms,850b5e5c6c2524ef3b4e77875245c186bf984d9b,WALTZ Alfreds [Langsamer Walzer 28 bpm] - Rossana Casale,D:\projekty\Hudba\music-editor\src\data\segments\waltz\850b5e5c6c2524ef3b4e77875245c186bf984d9b__s80000ms.wav,80000,20000,84.7,waltz
850b5e5c6c2524ef3b4e77875245c186bf984d9b__100000ms,850b5e5c6c2524ef3b4e77875245c186bf984d9b,WALTZ Alfreds [Langsamer Walzer 28 bpm] - Rossana Casale,D:\projekty\Hudba\music-editor\src\data\segments\waltz\850b5e5c6c2524ef3b4e77875245c186bf984d9b__s100000ms.wav,100000,20000,84.7,waltz
850b5e5c6c2524ef3b4e77875245c186bf984d9b__120000ms,850b5e5c6c2524ef3b4e77875245c186bf984d9b,WALTZ Alfreds [Langsamer Walzer 28 bpm] - Rossana Casale,D:\projekty\Hudba\music-editor\src\data\segments\waltz\850b5e5c6c2524ef3b4e77875245c186bf984d9b__s120000ms.wav,120000,18684,84.7,waltz
05ad8580303a66507e110e6c6583863a6ed866f9__0ms,05ad8580303a66507e110e6c6583863a6ed866f9,WALTZ American Smooth Waltz   Unknown (Modern Practice Music,D:\projekty\Hudba\music-editor\src\data\segments\waltz\05ad8580303a66507e110e6c6583863a6ed866f9__s0ms.wav,0,20000,86.1,waltz
05ad8580303a66507e110e6c6583863a6ed866f9__20000ms,05ad8580303a66507e110e6c6583863a6ed866f9,WALTZ American Smooth Waltz   Unknown (Modern Practice Music,D:\projekty\Hudba\music-editor\src\data\segments\waltz\05ad8580303a66507e110e6c6583863a6ed866f9__s20000ms.wav,20000,20000,86.1,waltz
05ad8580303a66507e110e6c6583863a6ed866f9__40000ms,05ad8580303a66507e110e6c6583863a6ed866f9,WALTZ American Smooth Waltz   Unknown (Modern Practice Music,D:\projekty\Hudba\music-editor\src\data\segments\waltz\05ad8580303a66507e110e6c6583863a6ed866f9__s40000ms.wav,40000,20000,86.1,waltz
05ad8580303a66507e110e6c6583863a6ed866f9__60000ms,05ad8580303a66507e110e6c6583863a6ed866f9,WALTZ American Smooth Waltz   Unknown (Modern Practice Music,D:\projekty\Hudba\music-editor\src\data\segments\waltz\05ad8580303a66507e110e6c6583863a6ed866f9__s60000ms.wav,60000,20000,86.1,waltz
05ad8580303a66507e110e6c6583863a6ed866f9__80000ms,05ad8580303a66507e110e6c6583863a6ed866f9,WALTZ American Smooth Waltz   Unknown (Modern Practice Music,D:\projekty\Hudba\music-editor\src\data\segments\waltz\05ad8580303a66507e110e6c6583863a6ed866f9__s80000ms.wav,80000,20000,86.1,waltz
05ad8580303a66507e110e6c6583863a6ed866f9__100000ms,05ad8580303a66507e110e6c6583863a6ed866f9,WALTZ American Smooth Waltz   Unknown (Modern Practice Music,D:\projekty\Hudba\music-editor\src\data\segments\waltz\05ad8580303a66507e110e6c6583863a6ed866f9__s100000ms.wav,100000,20000,86.1,waltz
05ad8580303a66507e110e6c6583863a6ed866f9__120000ms,05ad8580303a66507e110e6c6583863a6ed866f9,WALTZ American Smooth Waltz   Unknown (Modern Practice Music,D:\projekty\Hudba\music-editor\src\data\segments\waltz\05ad8580303a66507e110e6c6583863a6ed866f9__s120000ms.wav,120000,20000,86.1,waltz
05ad8580303a66507e110e6c6583863a6ed866f9__140000ms,05ad8580303a66507e110e6c6583863a6ed866f9,WALTZ American Smooth Waltz   Unknown (Modern Practice Music,D:\projekty\Hudba\music-editor\src\data\segments\waltz\05ad8580303a66507e110e6c6583863a6ed866f9__s140000ms.wav,140000,18250,86.1,waltz
829f542146efae405910c85bbd964ac01412fb09__0ms,829f542146efae405910c85bbd964ac01412fb09,WALTZ Answer Me (Slow Waltz  29 BPM,D:\projekty\Hudba\music-editor\src\data\segments\waltz\829f542146efae405910c85bbd964ac01412fb09__s0ms.wav,0,20000,87.6,waltz
829f542146efae405910c85bbd964ac01412fb09__20000ms,829f542146efae405910c85bbd964ac01412fb09,WALTZ Answer Me (Slow Waltz  29 BPM,D:\projekty\Hudba\music-editor\src\data\segments\waltz\829f542146efae405910c85bbd964ac01412fb09__s20000ms.wav,20000,20000,87.6,waltz
829f542146efae405910c85bbd964ac01412fb09__40000ms,829f542146efae405910c85bbd964ac01412fb09,WALTZ Answer Me (Slow Waltz  29 BPM,D:\projekty\Hudba\music-editor\src\data\segments\waltz\829f542146efae405910c85bbd964ac01412fb09__s40000ms.wav,40000,20000,87.6,waltz
829f542146efae405910c85bbd964ac01412fb09__60000ms,829f542146efae405910c85bbd964ac01412fb09,WALTZ Answer Me (Slow Waltz  29 BPM,D:\projekty\Hudba\music-editor\src\data\segments\waltz\829f542146efae405910c85bbd964ac01412fb09__s60000ms.wav,60000,20000,87.6,waltz
829f542146efae405910c85bbd964ac01412fb09__80000ms,829f542146efae405910c85bbd964ac01412fb09,WALTZ Answer Me (Slow Waltz  29 BPM,D:\projekty\Hudba\music-editor\src\data\segments\waltz\829f542146efae405910c85bbd964ac01412fb09__s80000ms.wav,80000,20000,87.6,waltz
829f542146efae405910c85bbd964ac01412fb09__100000ms,829f542146efae405910c85bbd964ac01412fb09,WALTZ Answer Me (Slow Waltz  29 BPM,D:\projekty\Hudba\music-editor\src\data\segments\waltz\829f542146efae405910c85bbd964ac01412fb09__s100000ms.wav,100000,20000,87.6,waltz
829f542146efae405910c85bbd964ac01412fb09__120000ms,829f542146efae405910c85bbd964ac01412fb09,WALTZ Answer Me (Slow Waltz  29 BPM,D:\projekty\Hudba\music-editor\src\data\segments\waltz\829f542146efae405910c85bbd964ac01412fb09__s120000ms.wav,120000,20000,87.6,waltz
829f542146efae405910c85bbd964ac01412fb09__140000ms,829f542146efae405910c85bbd964ac01412fb09,WALTZ Answer Me (Slow Waltz  29 BPM,D:\projekty\Hudba\music-editor\src\data\segments\waltz\829f542146efae405910c85bbd964ac01412fb09__s140000ms.wav,140000,19791,87.6,waltz
538c9ed7d8fe73e85e2f944ddef25d1106ed5f25__0ms,538c9ed7d8fe73e85e2f944ddef25d1106ed5f25,WALTZ Are You Lonesome Tonight (Langs Walzer  30 BPM),D:\projekty\Hudba\music-editor\src\data\segments\waltz\538c9ed7d8fe73e85e2f944ddef25d1106ed5f25__s0ms.wav,0,20000,89.1,waltz
538c9ed7d8fe73e85e2f944ddef25d1106ed5f25__20000ms,538c9ed7d8fe73e85e2f944ddef25d1106ed5f25,WALTZ Are You Lonesome Tonight (Langs Walzer  30 BPM),D:\projekty\Hudba\music-editor\src\data\segments\waltz\538c9ed7d8fe73e85e2f944ddef25d1106ed5f25__s20000ms.wav,20000,20000,89.1,waltz
538c9ed7d8fe73e85e2f944ddef25d1106ed5f25__40000ms,538c9ed7d8fe73e85e2f944ddef25d1106ed5f25,WALTZ Are You Lonesome Tonight (Langs Walzer  30 BPM),D:\projekty\Hudba\music-editor\src\data\segments\waltz\538c9ed7d8fe73e85e2f944ddef25d1106ed5f25__s40000ms.wav,40000,20000,89.1,waltz
538c9ed7d8fe73e85e2f944ddef25d1106ed5f25__60000ms,538c9ed7d8fe73e85e2f944ddef25d1106ed5f25,WALTZ Are You Lonesome Tonight (Langs Walzer  30 BPM),D:\projekty\Hudba\music-editor\src\data\segments\waltz\538c9ed7d8fe73e85e2f944ddef25d1106ed5f25__s60000ms.wav,60000,20000,89.1,waltz
538c9ed7d8fe73e85e2f944ddef25d1106ed5f25__80000ms,538c9ed7d8fe73e85e2f944ddef25d1106ed5f25,WALTZ Are You Lonesome Tonight (Langs Walzer  30 BPM),D:\projekty\Hudba\music-editor\src\data\segments\waltz\538c9ed7d8fe73e85e2f944ddef25d1106ed5f25__s80000ms.wav,80000,20000,89.1,waltz
538c9ed7d8fe73e85e2f944ddef25d1106ed5f25__100000ms,538c9ed7d8fe73e85e2f944ddef25d1106ed5f25,WALTZ Are You Lonesome Tonight (Langs Walzer  30 BPM),D:\projekty\Hudba\music-editor\src\data\segments\waltz\538c9ed7d8fe73e85e2f944ddef25d1106ed5f25__s100000ms.wav,100000,20000,89.1,waltz
538c9ed7d8fe73e85e2f944ddef25d1106ed5f25__120000ms,538c9ed7d8fe73e85e2f944ddef25d1106ed5f25,WALTZ Are You Lonesome Tonight (Langs Walzer  30 BPM),D:\projekty\Hudba\music-editor\src\data\segments\waltz\538c9ed7d8fe73e85e2f944ddef25d1106ed5f25__s120000ms.wav,120000,20000,89.1,waltz
538c9ed7d8fe73e85e2f944ddef25d1106ed5f25__140000ms,538c9ed7d8fe73e85e2f944ddef25d1106ed5f25,WALTZ Are You Lonesome Tonight (Langs Walzer  30 BPM),D:\projekty\Hudba\music-editor\src\data\segments\waltz\538c9ed7d8fe73e85e2f944ddef25d1106ed5f25__s140000ms.wav,140000,20000,89.1,waltz
538c9ed7d8fe73e85e2f944ddef25d1106ed5f25__160000ms,538c9ed7d8fe73e85e2f944ddef25d1106ed5f25,WALTZ Are You Lonesome Tonight (Langs Walzer  30 BPM),D:\projekty\Hudba\music-editor\src\data\segments\waltz\538c9ed7d8fe73e85e2f944ddef25d1106ed5f25__s160000ms.wav,160000,13192,89.1,waltz
010f4f6cb02fa7d5aae1aa04a5671bd086a94bd9__0ms,010f4f6cb02fa7d5aae1aa04a5671bd086a94bd9,WALTZ Ave Maria (Langs Walzer  30 BPM),D:\projekty\Hudba\music-editor\src\data\segments\waltz\010f4f6cb02fa7d5aae1aa04a5671bd086a94bd9__s0ms.wav,0,20000,90.7,waltz
010f4f6cb02fa7d5aae1aa04a5671bd086a94bd9__20000ms,010f4f6cb02fa7d5aae1aa04a5671bd086a94bd9,WALTZ Ave Maria (Langs Walzer  30 BPM),D:\projekty\Hudba\music-editor\src\data\segments\waltz\010f4f6cb02fa7d5aae1aa04a5671bd086a94bd9__s20000ms.wav,20000,20000,90.7,waltz
010f4f6cb02fa7d5aae1aa04a5671bd086a94bd9__40000ms,010f4f6cb02fa7d5aae1aa04a5671bd086a94bd9,WALTZ Ave Maria (Langs Walzer  30 BPM),D:\projekty\Hudba\music-editor\src\data\segments\waltz\010f4f6cb02fa7d5aae1aa04a5671bd086a94bd9__s40000ms.wav,40000,20000,90.7,waltz
010f4f6cb02fa7d5aae1aa04a5671bd086a94bd9__60000ms,010f4f6cb02fa7d5aae1aa04a5671bd086a94bd9,WALTZ Ave Maria (Langs Walzer  30 BPM),D:\projekty\Hudba\music-editor\src\data\segments\waltz\010f4f6cb02fa7d5aae1aa04a5671bd086a94bd9__s60000ms.wav,60000,20000,90.7,waltz
010f4f6cb02fa7d5aae1aa04a5671bd086a94bd9__80000ms,010f4f6cb02fa7d5aae1aa04a5671bd086a94bd9,WALTZ Ave Maria (Langs Walzer  30 BPM),D:\projekty\Hudba\music-editor\src\data\segments\waltz\010f4f6cb02fa7d5aae1aa04a5671bd086a94bd9__s80000ms.wav,80000,20000,90.7,waltz
010f4f6cb02fa7d5aae1aa04a5671bd086a94bd9__100000ms,010f4f6cb02fa7d5aae1aa04a5671bd086a94bd9,WALTZ Ave Maria (Langs Walzer  30 BPM),D:\projekty\Hudba\music-editor\src\data\segments\waltz\010f4f6cb02fa7d5aae1aa04a5671bd086a94bd9__s100000ms.wav,100000,20000,90.7,waltz
010f4f6cb02fa7d5aae1aa04a5671bd086a94bd9__120000ms,010f4f6cb02fa7d5aae1aa04a5671bd086a94bd9,WALTZ Ave Maria (Langs Walzer  30 BPM),D:\projekty\Hudba\music-editor\src\data\segments\waltz\010f4f6cb02fa7d5aae1aa04a5671bd086a94bd9__s120000ms.wav,120000,20000,90.7,waltz
010f4f6cb02fa7d5aae1aa04a5671bd086a94bd9__140000ms,010f4f6cb02fa7d5aae1aa04a5671bd086a94bd9,WALTZ Ave Maria (Langs Walzer  30 BPM),D:\projekty\Hudba\music-editor\src\data\segments\waltz\010f4f6cb02fa7d5aae1aa04a5671bd086a94bd9__s140000ms.wav,140000,20000,90.7,waltz
b6f8389f8a23fc771e8b6fb8574494b54dfadf9c__0ms,b6f8389f8a23fc771e8b6fb8574494b54dfadf9c,WALTZ Band4Dancers   Can you feel the Love tonight   Slow Waltz for Wedding Dance   Walzer Hochzeit,D:\projekty\Hudba\music-editor\src\data\segments\waltz\b6f8389f8a23fc771e8b6fb8574494b54dfadf9c__s0ms.wav,0,20000,90.7,waltz
b6f8389f8a23fc771e8b6fb8574494b54dfadf9c__20000ms,b6f8389f8a23fc771e8b6fb8574494b54dfadf9c,WALTZ Band4Dancers   Can you feel the Love tonight   Slow Waltz for Wedding Dance   Walzer Hochzeit,D:\projekty\Hudba\music-editor\src\data\segments\waltz\b6f8389f8a23fc771e8b6fb8574494b54dfadf9c__s20000ms.wav,20000,20000,90.7,waltz
b6f8389f8a23fc771e8b6fb8574494b54dfadf9c__40000ms,b6f8389f8a23fc771e8b6fb8574494b54dfadf9c,WALTZ Band4Dancers   Can you feel the Love tonight   Slow Waltz for Wedding Dance   Walzer Hochzeit,D:\projekty\Hudba\music-editor\src\data\segments\waltz\b6f8389f8a23fc771e8b6fb8574494b54dfadf9c__s40000ms.wav,40000,20000,90.7,waltz
b6f8389f8a23fc771e8b6fb8574494b54dfadf9c__60000ms,b6f8389f8a23fc771e8b6fb8574494b54dfadf9c,WALTZ Band4Dancers   Can you feel the Love tonight   Slow Waltz for Wedding Dance   Walzer Hochzeit,D:\projekty\Hudba\music-editor\src\data\segments\waltz\b6f8389f8a23fc771e8b6fb8574494b54dfadf9c__s60000ms.wav,60000,20000,90.7,waltz
b6f8389f8a23fc771e8b6fb8574494b54dfadf9c__80000ms,b6f8389f8a23fc771e8b6fb8574494b54dfadf9c,WALTZ Band4Dancers   Can you feel the Love tonight   Slow Waltz for Wedding Dance   Walzer Hochzeit,D:\projekty\Hudba\music-editor\src\data\segments\waltz\b6f8389f8a23fc771e8b6fb8574494b54dfadf9c__s80000ms.wav,80000,20000,90.7,waltz
b6f8389f8a23fc771e8b6fb8574494b54dfadf9c__100000ms,b6f8389f8a23fc771e8b6fb8574494b54dfadf9c,WALTZ Band4Dancers   Can you feel the Love tonight   Slow Waltz for Wedding Dance   Walzer Hochzeit,D:\projekty\Hudba\music-editor\src\data\segments\waltz\b6f8389f8a23fc771e8b6fb8574494b54dfadf9c__s100000ms.wav,100000,20000,90.7,waltz
b6f8389f8a23fc771e8b6fb8574494b54dfadf9c__120000ms,b6f8389f8a23fc771e8b6fb8574494b54dfadf9c,WALTZ Band4Dancers   Can you feel the Love tonight   Slow Waltz for Wedding Dance   Walzer Hochzeit,D:\projekty\Hudba\music-editor\src\data\segments\waltz\b6f8389f8a23fc771e8b6fb8574494b54dfadf9c__s120000ms.wav,120000,20000,90.7,waltz
b6f8389f8a23fc771e8b6fb8574494b54dfadf9c__140000ms,b6f8389f8a23fc771e8b6fb8574494b54dfadf9c,WALTZ Band4Dancers   Can you feel the Love tonight   Slow Waltz for Wedding Dance   Walzer Hochzeit,D:\projekty\Hudba\music-editor\src\data\segments\waltz\b6f8389f8a23fc771e8b6fb8574494b54dfadf9c__s140000ms.wav,140000,20000,90.7,waltz
b6f8389f8a23fc771e8b6fb8574494b54dfadf9c__160000ms,b6f8389f8a23fc771e8b6fb8574494b54dfadf9c,WALTZ Band4Dancers   Can you feel the Love tonight   Slow Waltz for Wedding Dance   Walzer Hochzeit,D:\projekty\Hudba\music-editor\src\data\segments\waltz\b6f8389f8a23fc771e8b6fb8574494b54dfadf9c__s160000ms.wav,160000,20000,90.7,waltz
b6f8389f8a23fc771e8b6fb8574494b54dfadf9c__180000ms,b6f8389f8a23fc771e8b6fb8574494b54dfadf9c,WALTZ Band4Dancers   Can you feel the Love tonight   Slow Waltz for Wedding Dance   Walzer Hochzeit,D:\projekty\Hudba\music-editor\src\data\segments\waltz\b6f8389f8a23fc771e8b6fb8574494b54dfadf9c__s180000ms.wav,180000,20000,90.7,waltz
b6f8389f8a23fc771e8b6fb8574494b54dfadf9c__200000ms,b6f8389f8a23fc771e8b6fb8574494b54dfadf9c,WALTZ Band4Dancers   Can you feel the Love tonight   Slow Waltz for Wedding Dance   Walzer Hochzeit,D:\projekty\Hudba\music-editor\src\data\segments\waltz\b6f8389f8a23fc771e8b6fb8574494b54dfadf9c__s200000ms.wav,200000,20000,90.7,waltz
b6f8389f8a23fc771e8b6fb8574494b54dfadf9c__220000ms,b6f8389f8a23fc771e8b6fb8574494b54dfadf9c,WALTZ Band4Dancers   Can you feel the Love tonight   Slow Waltz for Wedding Dance   Walzer Hochzeit,D:\projekty\Hudba\music-editor\src\data\segments\waltz\b6f8389f8a23fc771e8b6fb8574494b54dfadf9c__s220000ms.wav,220000,20000,90.7,waltz
10dc65a7cf6a7856197f7ac4aaa569bf9dfd9a9a__0ms,10dc65a7cf6a7856197f7ac4aaa569bf9dfd9a9a,Waltz Candle In The Wind   Dancelife Orchestra   Music For Dancing Slow Waltz,D:\projekty\Hudba\music-editor\src\data\segments\waltz\10dc65a7cf6a7856197f7ac4aaa569bf9dfd9a9a__s0ms.wav,0,20000,87.6,waltz
10dc65a7cf6a7856197f7ac4aaa569bf9dfd9a9a__20000ms,10dc65a7cf6a7856197f7ac4aaa569bf9dfd9a9a,Waltz Candle In The Wind   Dancelife Orchestra   Music For Dancing Slow Waltz,D:\projekty\Hudba\music-editor\src\data\segments\waltz\10dc65a7cf6a7856197f7ac4aaa569bf9dfd9a9a__s20000ms.wav,20000,20000,87.6,waltz
10dc65a7cf6a7856197f7ac4aaa569bf9dfd9a9a__40000ms,10dc65a7cf6a7856197f7ac4aaa569bf9dfd9a9a,Waltz Candle In The Wind   Dancelife Orchestra   Music For Dancing Slow Waltz,D:\projekty\Hudba\music-editor\src\data\segments\waltz\10dc65a7cf6a7856197f7ac4aaa569bf9dfd9a9a__s40000ms.wav,40000,20000,87.6,waltz
10dc65a7cf6a7856197f7ac4aaa569bf9dfd9a9a__60000ms,10dc65a7cf6a7856197f7ac4aaa569bf9dfd9a9a,Waltz Candle In The Wind   Dancelife Orchestra   Music For Dancing Slow Waltz,D:\projekty\Hudba\music-editor\src\data\segments\waltz\10dc65a7cf6a7856197f7ac4aaa569bf9dfd9a9a__s60000ms.wav,60000,20000,87.6,waltz
10dc65a7cf6a7856197f7ac4aaa569bf9dfd9a9a__80000ms,10dc65a7cf6a7856197f7ac4aaa569bf9dfd9a9a,Waltz Candle In The Wind   Dancelife Orchestra   Music For Dancing Slow Waltz,D:\projekty\Hudba\music-editor\src\data\segments\waltz\10dc65a7cf6a7856197f7ac4aaa569bf9dfd9a9a__s80000ms.wav,80000,20000,87.6,waltz
10dc65a7cf6a7856197f7ac4aaa569bf9dfd9a9a__100000ms,10dc65a7cf6a7856197f7ac4aaa569bf9dfd9a9a,Waltz Candle In The Wind   Dancelife Orchestra   Music For Dancing Slow Waltz,D:\projekty\Hudba\music-editor\src\data\segments\waltz\10dc65a7cf6a7856197f7ac4aaa569bf9dfd9a9a__s100000ms.wav,100000,20000,87.6,waltz
10dc65a7cf6a7856197f7ac4aaa569bf9dfd9a9a__120000ms,10dc65a7cf6a7856197f7ac4aaa569bf9dfd9a9a,Waltz Candle In The Wind   Dancelife Orchestra   Music For Dancing Slow Waltz,D:\projekty\Hudba\music-editor\src\data\segments\waltz\10dc65a7cf6a7856197f7ac4aaa569bf9dfd9a9a__s120000ms.wav,120000,20000,87.6,waltz
10dc65a7cf6a7856197f7ac4aaa569bf9dfd9a9a__140000ms,10dc65a7cf6a7856197f7ac4aaa569bf9dfd9a9a,Waltz Candle In The Wind   Dancelife Orchestra   Music For Dancing Slow Waltz,D:\projekty\Hudba\music-editor\src\data\segments\waltz\10dc65a7cf6a7856197f7ac4aaa569bf9dfd9a9a__s140000ms.wav,140000,20000,87.6,waltz
10dc65a7cf6a7856197f7ac4aaa569bf9dfd9a9a__160000ms,10dc65a7cf6a7856197f7ac4aaa569bf9dfd9a9a,Waltz Candle In The Wind   Dancelife Orchestra   Music For Dancing Slow Waltz,D:\projekty\Hudba\music-editor\src\data\segments\waltz\10dc65a7cf6a7856197f7ac4aaa569bf9dfd9a9a__s160000ms.wav,160000,20000,87.6,waltz
10dc65a7cf6a7856197f7ac4aaa569bf9dfd9a9a__180000ms,10dc65a7cf6a7856197f7ac4aaa569bf9dfd9a9a,Waltz Candle In The Wind   Dancelife Orchestra   Music For Dancing Slow Waltz,D:\projekty\Hudba\music-editor\src\data\segments\waltz\10dc65a7cf6a7856197f7ac4aaa569bf9dfd9a9a__s180000ms.wav,180000,20000,87.6,waltz
10dc65a7cf6a7856197f7ac4aaa569bf9dfd9a9a__200000ms,10dc65a7cf6a7856197f7ac4aaa569bf9dfd9a9a,Waltz Candle In The Wind   Dancelife Orchestra   Music For Dancing Slow Waltz,D:\projekty\Hudba\music-editor\src\data\segments\waltz\10dc65a7cf6a7856197f7ac4aaa569bf9dfd9a9a__s200000ms.wav,200000,20000,87.6,waltz
10dc65a7cf6a7856197f7ac4aaa569bf9dfd9a9a__220000ms,10dc65a7cf6a7856197f7ac4aaa569bf9dfd9a9a,Waltz Candle In The Wind   Dancelife Orchestra   Music For Dancing Slow Waltz,D:\projekty\Hudba\music-editor\src\data\segments\waltz\10dc65a7cf6a7856197f7ac4aaa569bf9dfd9a9a__s220000ms.wav,220000,20000,87.6,waltz
10dc65a7cf6a7856197f7ac4aaa569bf9dfd9a9a__240000ms,10dc65a7cf6a7856197f7ac4aaa569bf9dfd9a9a,Waltz Candle In The Wind   Dancelife Orchestra   Music For Dancing Slow Waltz,D:\projekty\Hudba\music-editor\src\data\segments\waltz\10dc65a7cf6a7856197f7ac4aaa569bf9dfd9a9a__s240000ms.wav,240000,20000,87.6,waltz
7581f372e8d3047431cb5b9d293c3da406f89abb__0ms,7581f372e8d3047431cb5b9d293c3da406f89abb,WALTZ Christmas Bride (Waltz  30BPM,D:\projekty\Hudba\music-editor\src\data\segments\waltz\7581f372e8d3047431cb5b9d293c3da406f89abb__s0ms.wav,0,20000,90.7,waltz
7581f372e8d3047431cb5b9d293c3da406f89abb__20000ms,7581f372e8d3047431cb5b9d293c3da406f89abb,WALTZ Christmas Bride (Waltz  30BPM,D:\projekty\Hudba\music-editor\src\data\segments\waltz\7581f372e8d3047431cb5b9d293c3da406f89abb__s20000ms.wav,20000,20000,90.7,waltz
7581f372e8d3047431cb5b9d293c3da406f89abb__40000ms,7581f372e8d3047431cb5b9d293c3da406f89abb,WALTZ Christmas Bride (Waltz  30BPM,D:\projekty\Hudba\music-editor\src\data\segments\waltz\7581f372e8d3047431cb5b9d293c3da406f89abb__s40000ms.wav,40000,20000,90.7,waltz
7581f372e8d3047431cb5b9d293c3da406f89abb__60000ms,7581f372e8d3047431cb5b9d293c3da406f89abb,WALTZ Christmas Bride (Waltz  30BPM,D:\projekty\Hudba\music-editor\src\data\segments\waltz\7581f372e8d3047431cb5b9d293c3da406f89abb__s60000ms.wav,60000,20000,90.7,waltz
7581f372e8d3047431cb5b9d293c3da406f89abb__80000ms,7581f372e8d3047431cb5b9d293c3da406f89abb,WALTZ Christmas Bride (Waltz  30BPM,D:\projekty\Hudba\music-editor\src\data\segments\waltz\7581f372e8d3047431cb5b9d293c3da406f89abb__s80000ms.wav,80000,20000,90.7,waltz
7581f372e8d3047431cb5b9d293c3da406f89abb__100000ms,7581f372e8d3047431cb5b9d293c3da406f89abb,WALTZ Christmas Bride (Waltz  30BPM,D:\projekty\Hudba\music-editor\src\data\segments\waltz\7581f372e8d3047431cb5b9d293c3da406f89abb__s100000ms.wav,100000,20000,90.7,waltz
7581f372e8d3047431cb5b9d293c3da406f89abb__120000ms,7581f372e8d3047431cb5b9d293c3da406f89abb,WALTZ Christmas Bride (Waltz  30BPM,D:\projekty\Hudba\music-editor\src\data\segments\waltz\7581f372e8d3047431cb5b9d293c3da406f89abb__s120000ms.wav,120000,20000,90.7,waltz
34240d024504a1ee4841d1ff9d6906e1c42b12d2__0ms,34240d024504a1ee4841d1ff9d6906e1c42b12d2,WALTZ Consequences (Slow Waltz 29BPM,D:\projekty\Hudba\music-editor\src\data\segments\waltz\34240d024504a1ee4841d1ff9d6906e1c42b12d2__s0ms.wav,0,20000,87.6,waltz
34240d024504a1ee4841d1ff9d6906e1c42b12d2__20000ms,34240d024504a1ee4841d1ff9d6906e1c42b12d2,WALTZ Consequences (Slow Waltz 29BPM,D:\projekty\Hudba\music-editor\src\data\segments\waltz\34240d024504a1ee4841d1ff9d6906e1c42b12d2__s20000ms.wav,20000,20000,87.6,waltz
34240d024504a1ee4841d1ff9d6906e1c42b12d2__40000ms,34240d024504a1ee4841d1ff9d6906e1c42b12d2,WALTZ Consequences (Slow Waltz 29BPM,D:\projekty\Hudba\music-editor\src\data\segments\waltz\34240d024504a1ee4841d1ff9d6906e1c42b12d2__s40000ms.wav,40000,20000,87.6,waltz
34240d024504a1ee4841d1ff9d6906e1c42b12d2__60000ms,34240d024504a1ee4841d1ff9d6906e1c42b12d2,WALTZ Consequences (Slow Waltz 29BPM,D:\projekty\Hudba\music-editor\src\data\segments\waltz\34240d024504a1ee4841d1ff9d6906e1c42b12d2__s60000ms.wav,60000,20000,87.6,waltz
34240d024504a1ee4841d1ff9d6906e1c42b12d2__80000ms,34240d024504a1ee4841d1ff9d6906e1c42b12d2,WALTZ Consequences (Slow Waltz 29BPM,D:\projekty\Hudba\music-editor\src\data\segments\waltz\34240d024504a1ee4841d1ff9d6906e1c42b12d2__s80000ms.wav,80000,20000,87.6,waltz
34240d024504a1ee4841d1ff9d6906e1c42b12d2__100000ms,34240d024504a1ee4841d1ff9d6906e1c42b12d2,WALTZ Consequences (Slow Waltz 29BPM,D:\projekty\Hudba\music-editor\src\data\segments\waltz\34240d024504a1ee4841d1ff9d6906e1c42b12d2__s100000ms.wav,100000,20000,87.6,waltz
34240d024504a1ee4841d1ff9d6906e1c42b12d2__120000ms,34240d024504a1ee4841d1ff9d6906e1c42b12d2,WALTZ Consequences (Slow Waltz 29BPM,D:\projekty\Hudba\music-editor\src\data\segments\waltz\34240d024504a1ee4841d1ff9d6906e1c42b12d2__s120000ms.wav,120000,20000,87.6,waltz
34240d024504a1ee4841d1ff9d6906e1c42b12d2__140000ms,34240d024504a1ee4841d1ff9d6906e1c42b12d2,WALTZ Consequences (Slow Waltz 29BPM,D:\projekty\Hudba\music-editor\src\data\segments\waltz\34240d024504a1ee4841d1ff9d6906e1c42b12d2__s140000ms.wav,140000,20000,87.6,waltz
34240d024504a1ee4841d1ff9d6906e1c42b12d2__160000ms,34240d024504a1ee4841d1ff9d6906e1c42b12d2,WALTZ Consequences (Slow Waltz 29BPM,D:\projekty\Hudba\music-editor\src\data\segments\waltz\34240d024504a1ee4841d1ff9d6906e1c42b12d2__s160000ms.wav,160000,20000,87.6,waltz
34240d024504a1ee4841d1ff9d6906e1c42b12d2__180000ms,34240d024504a1ee4841d1ff9d6906e1c42b12d2,WALTZ Consequences (Slow Waltz 29BPM,D:\projekty\Hudba\music-editor\src\data\segments\waltz\34240d024504a1ee4841d1ff9d6906e1c42b12d2__s180000ms.wav,180000,20000,87.6,waltz
34240d024504a1ee4841d1ff9d6906e1c42b12d2__200000ms,34240d024504a1ee4841d1ff9d6906e1c42b12d2,WALTZ Consequences (Slow Waltz 29BPM,D:\projekty\Hudba\music-editor\src\data\segments\waltz\34240d024504a1ee4841d1ff9d6906e1c42b12d2__s200000ms.wav,200000,11252,87.6,waltz
9c1bc1bc5d16b12e0f9c7030b554adb949f70c43__0ms,9c1bc1bc5d16b12e0f9c7030b554adb949f70c43,WALTZ First Step (2023) (from,D:\projekty\Hudba\music-editor\src\data\segments\waltz\9c1bc1bc5d16b12e0f9c7030b554adb949f70c43__s0ms.wav,0,20000,87.6,waltz
9c1bc1bc5d16b12e0f9c7030b554adb949f70c43__20000ms,9c1bc1bc5d16b12e0f9c7030b554adb949f70c43,WALTZ First Step (2023) (from,D:\projekty\Hudba\music-editor\src\data\segments\waltz\9c1bc1bc5d16b12e0f9c7030b554adb949f70c43__s20000ms.wav,20000,20000,87.6,waltz
9c1bc1bc5d16b12e0f9c7030b554adb949f70c43__40000ms,9c1bc1bc5d16b12e0f9c7030b554adb949f70c43,WALTZ First Step (2023) (from,D:\projekty\Hudba\music-editor\src\data\segments\waltz\9c1bc1bc5d16b12e0f9c7030b554adb949f70c43__s40000ms.wav,40000,20000,87.6,waltz
9c1bc1bc5d16b12e0f9c7030b554adb949f70c43__60000ms,9c1bc1bc5d16b12e0f9c7030b554adb949f70c43,WALTZ First Step (2023) (from,D:\projekty\Hudba\music-editor\src\data\segments\waltz\9c1bc1bc5d16b12e0f9c7030b554adb949f70c43__s60000ms.wav,60000,20000,87.6,waltz
9c1bc1bc5d16b12e0f9c7030b554adb949f70c43__80000ms,9c1bc1bc5d16b12e0f9c7030b554adb949f70c43,WALTZ First Step (2023) (from,D:\projekty\Hudba\music-editor\src\data\segments\waltz\9c1bc1bc5d16b12e0f9c7030b554adb949f70c43__s80000ms.wav,80000,20000,87.6,waltz
9c1bc1bc5d16b12e0f9c7030b554adb949f70c43__100000ms,9c1bc1bc5d16b12e0f9c7030b554adb949f70c43,WALTZ First Step (2023) (from,D:\projekty\Hudba\music-editor\src\data\segments\waltz\9c1bc1bc5d16b12e0f9c7030b554adb949f70c43__s100000ms.wav,100000,20000,87.6,waltz
9c1bc1bc5d16b12e0f9c7030b554adb949f70c43__120000ms,9c1bc1bc5d16b12e0f9c7030b554adb949f70c43,WALTZ First Step (2023) (from,D:\projekty\Hudba\music-editor\src\data\segments\waltz\9c1bc1bc5d16b12e0f9c7030b554adb949f70c43__s120000ms.wav,120000,20000,87.6,waltz
a7ca577b48272edb12673e88b50464e58b9db223__0ms,a7ca577b48272edb12673e88b50464e58b9db223,WALTZ I Have a Dream (Waltz,D:\projekty\Hudba\music-editor\src\data\segments\waltz\a7ca577b48272edb12673e88b50464e58b9db223__s0ms.wav,0,20000,87.6,waltz
a7ca577b48272edb12673e88b50464e58b9db223__20000ms,a7ca577b48272edb12673e88b50464e58b9db223,WALTZ I Have a Dream (Waltz,D:\projekty\Hudba\music-editor\src\data\segments\waltz\a7ca577b48272edb12673e88b50464e58b9db223__s20000ms.wav,20000,20000,87.6,waltz
a7ca577b48272edb12673e88b50464e58b9db223__40000ms,a7ca577b48272edb12673e88b50464e58b9db223,WALTZ I Have a Dream (Waltz,D:\projekty\Hudba\music-editor\src\data\segments\waltz\a7ca577b48272edb12673e88b50464e58b9db223__s40000ms.wav,40000,20000,87.6,waltz
a7ca577b48272edb12673e88b50464e58b9db223__60000ms,a7ca577b48272edb12673e88b50464e58b9db223,WALTZ I Have a Dream (Waltz,D:\projekty\Hudba\music-editor\src\data\segments\waltz\a7ca577b48272edb12673e88b50464e58b9db223__s60000ms.wav,60000,20000,87.6,waltz
a7ca577b48272edb12673e88b50464e58b9db223__80000ms,a7ca577b48272edb12673e88b50464e58b9db223,WALTZ I Have a Dream (Waltz,D:\projekty\Hudba\music-editor\src\data\segments\waltz\a7ca577b48272edb12673e88b50464e58b9db223__s80000ms.wav,80000,20000,87.6,waltz
a7ca577b48272edb12673e88b50464e58b9db223__100000ms,a7ca577b48272edb12673e88b50464e58b9db223,WALTZ I Have a Dream (Waltz,D:\projekty\Hudba\music-editor\src\data\segments\waltz\a7ca577b48272edb12673e88b50464e58b9db223__s100000ms.wav,100000,20000,87.6,waltz
a7ca577b48272edb12673e88b50464e58b9db223__120000ms,a7ca577b48272edb12673e88b50464e58b9db223,WALTZ I Have a Dream (Waltz,D:\projekty\Hudba\music-editor\src\data\segments\waltz\a7ca577b48272edb12673e88b50464e58b9db223__s120000ms.wav,120000,20000,87.6,waltz
a7ca577b48272edb12673e88b50464e58b9db223__140000ms,a7ca577b48272edb12673e88b50464e58b9db223,WALTZ I Have a Dream (Waltz,D:\projekty\Hudba\music-editor\src\data\segments\waltz\a7ca577b48272edb12673e88b50464e58b9db223__s140000ms.wav,140000,20000,87.6,waltz
a7ca577b48272edb12673e88b50464e58b9db223__160000ms,a7ca577b48272edb12673e88b50464e58b9db223,WALTZ I Have a Dream (Waltz,D:\projekty\Hudba\music-editor\src\data\segments\waltz\a7ca577b48272edb12673e88b50464e58b9db223__s160000ms.wav,160000,20000,87.6,waltz
a7ca577b48272edb12673e88b50464e58b9db223__180000ms,a7ca577b48272edb12673e88b50464e58b9db223,WALTZ I Have a Dream (Waltz,D:\projekty\Hudba\music-editor\src\data\segments\waltz\a7ca577b48272edb12673e88b50464e58b9db223__s180000ms.wav,180000,20000,87.6,waltz
a7ca577b48272edb12673e88b50464e58b9db223__200000ms,a7ca577b48272edb12673e88b50464e58b9db223,WALTZ I Have a Dream (Waltz,D:\projekty\Hudba\music-editor\src\data\segments\waltz\a7ca577b48272edb12673e88b50464e58b9db223__s200000ms.wav,200000,20000,87.6,waltz
a7ca577b48272edb12673e88b50464e58b9db223__220000ms,a7ca577b48272edb12673e88b50464e58b9db223,WALTZ I Have a Dream (Waltz,D:\projekty\Hudba\music-editor\src\data\segments\waltz\a7ca577b48272edb12673e88b50464e58b9db223__s220000ms.wav,220000,20000,87.6,waltz
a7ca577b48272edb12673e88b50464e58b9db223__240000ms,a7ca577b48272edb12673e88b50464e58b9db223,WALTZ I Have a Dream (Waltz,D:\projekty\Hudba\music-editor\src\data\segments\waltz\a7ca577b48272edb12673e88b50464e58b9db223__s240000ms.wav,240000,12578,87.6,waltz
a634dd2313133a78b8f4e1c94a74020c58f528bb__0ms,a634dd2313133a78b8f4e1c94a74020c58f528bb,WALTZ I Wo waltz vánoční,D:\projekty\Hudba\music-editor\src\data\segments\waltz\a634dd2313133a78b8f4e1c94a74020c58f528bb__s0ms.wav,0,20000,89.1,waltz
a634dd2313133a78b8f4e1c94a74020c58f528bb__20000ms,a634dd2313133a78b8f4e1c94a74020c58f528bb,WALTZ I Wo waltz vánoční,D:\projekty\Hudba\music-editor\src\data\segments\waltz\a634dd2313133a78b8f4e1c94a74020c58f528bb__s20000ms.wav,20000,20000,89.1,waltz
a634dd2313133a78b8f4e1c94a74020c58f528bb__40000ms,a634dd2313133a78b8f4e1c94a74020c58f528bb,WALTZ I Wo waltz vánoční,D:\projekty\Hudba\music-editor\src\data\segments\waltz\a634dd2313133a78b8f4e1c94a74020c58f528bb__s40000ms.wav,40000,20000,89.1,waltz
a634dd2313133a78b8f4e1c94a74020c58f528bb__60000ms,a634dd2313133a78b8f4e1c94a74020c58f528bb,WALTZ I Wo waltz vánoční,D:\projekty\Hudba\music-editor\src\data\segments\waltz\a634dd2313133a78b8f4e1c94a74020c58f528bb__s60000ms.wav,60000,20000,89.1,waltz
a634dd2313133a78b8f4e1c94a74020c58f528bb__80000ms,a634dd2313133a78b8f4e1c94a74020c58f528bb,WALTZ I Wo waltz vánoční,D:\projekty\Hudba\music-editor\src\data\segments\waltz\a634dd2313133a78b8f4e1c94a74020c58f528bb__s80000ms.wav,80000,20000,89.1,waltz
a634dd2313133a78b8f4e1c94a74020c58f528bb__100000ms,a634dd2313133a78b8f4e1c94a74020c58f528bb,WALTZ I Wo waltz vánoční,D:\projekty\Hudba\music-editor\src\data\segments\waltz\a634dd2313133a78b8f4e1c94a74020c58f528bb__s100000ms.wav,100000,20000,89.1,waltz
a634dd2313133a78b8f4e1c94a74020c58f528bb__120000ms,a634dd2313133a78b8f4e1c94a74020c58f528bb,WALTZ I Wo waltz vánoční,D:\projekty\Hudba\music-editor\src\data\segments\waltz\a634dd2313133a78b8f4e1c94a74020c58f528bb__s120000ms.wav,120000,20000,89.1,waltz
a634dd2313133a78b8f4e1c94a74020c58f528bb__140000ms,a634dd2313133a78b8f4e1c94a74020c58f528bb,WALTZ I Wo waltz vánoční,D:\projekty\Hudba\music-editor\src\data\segments\waltz\a634dd2313133a78b8f4e1c94a74020c58f528bb__s140000ms.wav,140000,20000,89.1,waltz
a634dd2313133a78b8f4e1c94a74020c58f528bb__160000ms,a634dd2313133a78b8f4e1c94a74020c58f528bb,WALTZ I Wo waltz vánoční,D:\projekty\Hudba\music-editor\src\data\segments\waltz\a634dd2313133a78b8f4e1c94a74020c58f528bb__s160000ms.wav,160000,17267,89.1,waltz
60f84fbdb0d4a3ae0df28a21cb99021ef4e7c429__0ms,60f84fbdb0d4a3ae0df28a21cb99021ef4e7c429,WALTZ If I Ain't Got You (Slow Waltz  29 Bpm),D:\projekty\Hudba\music-editor\src\data\segments\waltz\60f84fbdb0d4a3ae0df28a21cb99021ef4e7c429__s0ms.wav,0,20000,87.6,waltz
60f84fbdb0d4a3ae0df28a21cb99021ef4e7c429__20000ms,60f84fbdb0d4a3ae0df28a21cb99021ef4e7c429,WALTZ If I Ain't Got You (Slow Waltz  29 Bpm),D:\projekty\Hudba\music-editor\src\data\segments\waltz\60f84fbdb0d4a3ae0df28a21cb99021ef4e7c429__s20000ms.wav,20000,20000,87.6,waltz
60f84fbdb0d4a3ae0df28a21cb99021ef4e7c429__40000ms,60f84fbdb0d4a3ae0df28a21cb99021ef4e7c429,WALTZ If I Ain't Got You (Slow Waltz  29 Bpm),D:\projekty\Hudba\music-editor\src\data\segments\waltz\60f84fbdb0d4a3ae0df28a21cb99021ef4e7c429__s40000ms.wav,40000,20000,87.6,waltz
60f84fbdb0d4a3ae0df28a21cb99021ef4e7c429__60000ms,60f84fbdb0d4a3ae0df28a21cb99021ef4e7c429,WALTZ If I Ain't Got You (Slow Waltz  29 Bpm),D:\projekty\Hudba\music-editor\src\data\segments\waltz\60f84fbdb0d4a3ae0df28a21cb99021ef4e7c429__s60000ms.wav,60000,20000,87.6,waltz
60f84fbdb0d4a3ae0df28a21cb99021ef4e7c429__80000ms,60f84fbdb0d4a3ae0df28a21cb99021ef4e7c429,WALTZ If I Ain't Got You (Slow Waltz  29 Bpm),D:\projekty\Hudba\music-editor\src\data\segments\waltz\60f84fbdb0d4a3ae0df28a21cb99021ef4e7c429__s80000ms.wav,80000,20000,87.6,waltz
60f84fbdb0d4a3ae0df28a21cb99021ef4e7c429__100000ms,60f84fbdb0d4a3ae0df28a21cb99021ef4e7c429,WALTZ If I Ain't Got You (Slow Waltz  29 Bpm),D:\projekty\Hudba\music-editor\src\data\segments\waltz\60f84fbdb0d4a3ae0df28a21cb99021ef4e7c429__s100000ms.wav,100000,20000,87.6,waltz
60f84fbdb0d4a3ae0df28a21cb99021ef4e7c429__120000ms,60f84fbdb0d4a3ae0df28a21cb99021ef4e7c429,WALTZ If I Ain't Got You (Slow Waltz  29 Bpm),D:\projekty\Hudba\music-editor\src\data\segments\waltz\60f84fbdb0d4a3ae0df28a21cb99021ef4e7c429__s120000ms.wav,120000,20000,87.6,waltz
60f84fbdb0d4a3ae0df28a21cb99021ef4e7c429__140000ms,60f84fbdb0d4a3ae0df28a21cb99021ef4e7c429,WALTZ If I Ain't Got You (Slow Waltz  29 Bpm),D:\projekty\Hudba\music-editor\src\data\segments\waltz\60f84fbdb0d4a3ae0df28a21cb99021ef4e7c429__s140000ms.wav,140000,20000,87.6,waltz
60f84fbdb0d4a3ae0df28a21cb99021ef4e7c429__160000ms,60f84fbdb0d4a3ae0df28a21cb99021ef4e7c429,WALTZ If I Ain't Got You (Slow Waltz  29 Bpm),D:\projekty\Hudba\music-editor\src\data\segments\waltz\60f84fbdb0d4a3ae0df28a21cb99021ef4e7c429__s160000ms.wav,160000,20000,87.6,waltz
60f84fbdb0d4a3ae0df28a21cb99021ef4e7c429__180000ms,60f84fbdb0d4a3ae0df28a21cb99021ef4e7c429,WALTZ If I Ain't Got You (Slow Waltz  29 Bpm),D:\projekty\Hudba\music-editor\src\data\segments\waltz\60f84fbdb0d4a3ae0df28a21cb99021ef4e7c429__s180000ms.wav,180000,20000,87.6,waltz
60f84fbdb0d4a3ae0df28a21cb99021ef4e7c429__200000ms,60f84fbdb0d4a3ae0df28a21cb99021ef4e7c429,WALTZ If I Ain't Got You (Slow Waltz  29 Bpm),D:\projekty\Hudba\music-editor\src\data\segments\waltz\60f84fbdb0d4a3ae0df28a21cb99021ef4e7c429__s200000ms.wav,200000,20000,87.6,waltz
60f84fbdb0d4a3ae0df28a21cb99021ef4e7c429__220000ms,60f84fbdb0d4a3ae0df28a21cb99021ef4e7c429,WALTZ If I Ain't Got You (Slow Waltz  29 Bpm),D:\projekty\Hudba\music-editor\src\data\segments\waltz\60f84fbdb0d4a3ae0df28a21cb99021ef4e7c429__s220000ms.wav,220000,12072,87.6,waltz
8fe38b91d45752451de2dedcdbc6258d853de74e__0ms,8fe38b91d45752451de2dedcdbc6258d853de74e,WALTZ Lonely This Christmas [Waltz  30 BPM] (feat Ross Mitchell,D:\projekty\Hudba\music-editor\src\data\segments\waltz\8fe38b91d45752451de2dedcdbc6258d853de74e__s0ms.wav,0,20000,90.7,waltz
8fe38b91d45752451de2dedcdbc6258d853de74e__20000ms,8fe38b91d45752451de2dedcdbc6258d853de74e,WALTZ Lonely This Christmas [Waltz  30 BPM] (feat Ross Mitchell,D:\projekty\Hudba\music-editor\src\data\segments\waltz\8fe38b91d45752451de2dedcdbc6258d853de74e__s20000ms.wav,20000,20000,90.7,waltz
8fe38b91d45752451de2dedcdbc6258d853de74e__40000ms,8fe38b91d45752451de2dedcdbc6258d853de74e,WALTZ Lonely This Christmas [Waltz  30 BPM] (feat Ross Mitchell,D:\projekty\Hudba\music-editor\src\data\segments\waltz\8fe38b91d45752451de2dedcdbc6258d853de74e__s40000ms.wav,40000,20000,90.7,waltz
8fe38b91d45752451de2dedcdbc6258d853de74e__60000ms,8fe38b91d45752451de2dedcdbc6258d853de74e,WALTZ Lonely This Christmas [Waltz  30 BPM] (feat Ross Mitchell,D:\projekty\Hudba\music-editor\src\data\segments\waltz\8fe38b91d45752451de2dedcdbc6258d853de74e__s60000ms.wav,60000,20000,90.7,waltz
8fe38b91d45752451de2dedcdbc6258d853de74e__80000ms,8fe38b91d45752451de2dedcdbc6258d853de74e,WALTZ Lonely This Christmas [Waltz  30 BPM] (feat Ross Mitchell,D:\projekty\Hudba\music-editor\src\data\segments\waltz\8fe38b91d45752451de2dedcdbc6258d853de74e__s80000ms.wav,80000,20000,90.7,waltz
8fe38b91d45752451de2dedcdbc6258d853de74e__100000ms,8fe38b91d45752451de2dedcdbc6258d853de74e,WALTZ Lonely This Christmas [Waltz  30 BPM] (feat Ross Mitchell,D:\projekty\Hudba\music-editor\src\data\segments\waltz\8fe38b91d45752451de2dedcdbc6258d853de74e__s100000ms.wav,100000,20000,90.7,waltz
8fe38b91d45752451de2dedcdbc6258d853de74e__120000ms,8fe38b91d45752451de2dedcdbc6258d853de74e,WALTZ Lonely This Christmas [Waltz  30 BPM] (feat Ross Mitchell,D:\projekty\Hudba\music-editor\src\data\segments\waltz\8fe38b91d45752451de2dedcdbc6258d853de74e__s120000ms.wav,120000,20000,90.7,waltz
8fe38b91d45752451de2dedcdbc6258d853de74e__140000ms,8fe38b91d45752451de2dedcdbc6258d853de74e,WALTZ Lonely This Christmas [Waltz  30 BPM] (feat Ross Mitchell,D:\projekty\Hudba\music-editor\src\data\segments\waltz\8fe38b91d45752451de2dedcdbc6258d853de74e__s140000ms.wav,140000,20000,90.7,waltz
8fe38b91d45752451de2dedcdbc6258d853de74e__160000ms,8fe38b91d45752451de2dedcdbc6258d853de74e,WALTZ Lonely This Christmas [Waltz  30 BPM] (feat Ross Mitchell,D:\projekty\Hudba\music-editor\src\data\segments\waltz\8fe38b91d45752451de2dedcdbc6258d853de74e__s160000ms.wav,160000,17972,90.7,waltz
d6294b6378039ef6c877a34edd38ed3af794c2cc__0ms,d6294b6378039ef6c877a34edd38ed3af794c2cc,WALTZ Lovely [Slow Waltz 29BPM,D:\projekty\Hudba\music-editor\src\data\segments\waltz\d6294b6378039ef6c877a34edd38ed3af794c2cc__s0ms.wav,0,20000,87.6,waltz
d6294b6378039ef6c877a34edd38ed3af794c2cc__20000ms,d6294b6378039ef6c877a34edd38ed3af794c2cc,WALTZ Lovely [Slow Waltz 29BPM,D:\projekty\Hudba\music-editor\src\data\segments\waltz\d6294b6378039ef6c877a34edd38ed3af794c2cc__s20000ms.wav,20000,20000,87.6,waltz
d6294b6378039ef6c877a34edd38ed3af794c2cc__40000ms,d6294b6378039ef6c877a34edd38ed3af794c2cc,WALTZ Lovely [Slow Waltz 29BPM,D:\projekty\Hudba\music-editor\src\data\segments\waltz\d6294b6378039ef6c877a34edd38ed3af794c2cc__s40000ms.wav,40000,20000,87.6,waltz
d6294b6378039ef6c877a34edd38ed3af794c2cc__60000ms,d6294b6378039ef6c877a34edd38ed3af794c2cc,WALTZ Lovely [Slow Waltz 29BPM,D:\projekty\Hudba\music-editor\src\data\segments\waltz\d6294b6378039ef6c877a34edd38ed3af794c2cc__s60000ms.wav,60000,20000,87.6,waltz
d6294b6378039ef6c877a34edd38ed3af794c2cc__80000ms,d6294b6378039ef6c877a34edd38ed3af794c2cc,WALTZ Lovely [Slow Waltz 29BPM,D:\projekty\Hudba\music-editor\src\data\segments\waltz\d6294b6378039ef6c877a34edd38ed3af794c2cc__s80000ms.wav,80000,20000,87.6,waltz
d6294b6378039ef6c877a34edd38ed3af794c2cc__100000ms,d6294b6378039ef6c877a34edd38ed3af794c2cc,WALTZ Lovely [Slow Waltz 29BPM,D:\projekty\Hudba\music-editor\src\data\segments\waltz\d6294b6378039ef6c877a34edd38ed3af794c2cc__s100000ms.wav,100000,20000,87.6,waltz
d6294b6378039ef6c877a34edd38ed3af794c2cc__120000ms,d6294b6378039ef6c877a34edd38ed3af794c2cc,WALTZ Lovely [Slow Waltz 29BPM,D:\projekty\Hudba\music-editor\src\data\segments\waltz\d6294b6378039ef6c877a34edd38ed3af794c2cc__s120000ms.wav,120000,20000,87.6,waltz
d6294b6378039ef6c877a34edd38ed3af794c2cc__140000ms,d6294b6378039ef6c877a34edd38ed3af794c2cc,WALTZ Lovely [Slow Waltz 29BPM,D:\projekty\Hudba\music-editor\src\data\segments\waltz\d6294b6378039ef6c877a34edd38ed3af794c2cc__s140000ms.wav,140000,20000,87.6,waltz
d6294b6378039ef6c877a34edd38ed3af794c2cc__160000ms,d6294b6378039ef6c877a34edd38ed3af794c2cc,WALTZ Lovely [Slow Waltz 29BPM,D:\projekty\Hudba\music-editor\src\data\segments\waltz\d6294b6378039ef6c877a34edd38ed3af794c2cc__s160000ms.wav,160000,20000,87.6,waltz
d6294b6378039ef6c877a34edd38ed3af794c2cc__180000ms,d6294b6378039ef6c877a34edd38ed3af794c2cc,WALTZ Lovely [Slow Waltz 29BPM,D:\projekty\Hudba\music-editor\src\data\segments\waltz\d6294b6378039ef6c877a34edd38ed3af794c2cc__s180000ms.wav,180000,20000,87.6,waltz
d6294b6378039ef6c877a34edd38ed3af794c2cc__200000ms,d6294b6378039ef6c877a34edd38ed3af794c2cc,WALTZ Lovely [Slow Waltz 29BPM,D:\projekty\Hudba\music-editor\src\data\segments\waltz\d6294b6378039ef6c877a34edd38ed3af794c2cc__s200000ms.wav,200000,10338,87.6,waltz
413ddd23a47f1a1bbe056dfcd4096e0e982d1a7d__0ms,413ddd23a47f1a1bbe056dfcd4096e0e982d1a7d,WALTZ Metallica   Nothing Else Matters (DJ Maksy Slow Waltz Remix),D:\projekty\Hudba\music-editor\src\data\segments\waltz\413ddd23a47f1a1bbe056dfcd4096e0e982d1a7d__s0ms.wav,0,20000,87.6,waltz
413ddd23a47f1a1bbe056dfcd4096e0e982d1a7d__20000ms,413ddd23a47f1a1bbe056dfcd4096e0e982d1a7d,WALTZ Metallica   Nothing Else Matters (DJ Maksy Slow Waltz Remix),D:\projekty\Hudba\music-editor\src\data\segments\waltz\413ddd23a47f1a1bbe056dfcd4096e0e982d1a7d__s20000ms.wav,20000,20000,87.6,waltz
413ddd23a47f1a1bbe056dfcd4096e0e982d1a7d__40000ms,413ddd23a47f1a1bbe056dfcd4096e0e982d1a7d,WALTZ Metallica   Nothing Else Matters (DJ Maksy Slow Waltz Remix),D:\projekty\Hudba\music-editor\src\data\segments\waltz\413ddd23a47f1a1bbe056dfcd4096e0e982d1a7d__s40000ms.wav,40000,20000,87.6,waltz
413ddd23a47f1a1bbe056dfcd4096e0e982d1a7d__60000ms,413ddd23a47f1a1bbe056dfcd4096e0e982d1a7d,WALTZ Metallica   Nothing Else Matters (DJ Maksy Slow Waltz Remix),D:\projekty\Hudba\music-editor\src\data\segments\waltz\413ddd23a47f1a1bbe056dfcd4096e0e982d1a7d__s60000ms.wav,60000,20000,87.6,waltz
413ddd23a47f1a1bbe056dfcd4096e0e982d1a7d__80000ms,413ddd23a47f1a1bbe056dfcd4096e0e982d1a7d,WALTZ Metallica   Nothing Else Matters (DJ Maksy Slow Waltz Remix),D:\projekty\Hudba\music-editor\src\data\segments\waltz\413ddd23a47f1a1bbe056dfcd4096e0e982d1a7d__s80000ms.wav,80000,20000,87.6,waltz
413ddd23a47f1a1bbe056dfcd4096e0e982d1a7d__100000ms,413ddd23a47f1a1bbe056dfcd4096e0e982d1a7d,WALTZ Metallica   Nothing Else Matters (DJ Maksy Slow Waltz Remix),D:\projekty\Hudba\music-editor\src\data\segments\waltz\413ddd23a47f1a1bbe056dfcd4096e0e982d1a7d__s100000ms.wav,100000,20000,87.6,waltz
413ddd23a47f1a1bbe056dfcd4096e0e982d1a7d__120000ms,413ddd23a47f1a1bbe056dfcd4096e0e982d1a7d,WALTZ Metallica   Nothing Else Matters (DJ Maksy Slow Waltz Remix),D:\projekty\Hudba\music-editor\src\data\segments\waltz\413ddd23a47f1a1bbe056dfcd4096e0e982d1a7d__s120000ms.wav,120000,20000,87.6,waltz
413ddd23a47f1a1bbe056dfcd4096e0e982d1a7d__140000ms,413ddd23a47f1a1bbe056dfcd4096e0e982d1a7d,WALTZ Metallica   Nothing Else Matters (DJ Maksy Slow Waltz Remix),D:\projekty\Hudba\music-editor\src\data\segments\waltz\413ddd23a47f1a1bbe056dfcd4096e0e982d1a7d__s140000ms.wav,140000,20000,87.6,waltz
413ddd23a47f1a1bbe056dfcd4096e0e982d1a7d__160000ms,413ddd23a47f1a1bbe056dfcd4096e0e982d1a7d,WALTZ Metallica   Nothing Else Matters (DJ Maksy Slow Waltz Remix),D:\projekty\Hudba\music-editor\src\data\segments\waltz\413ddd23a47f1a1bbe056dfcd4096e0e982d1a7d__s160000ms.wav,160000,20000,87.6,waltz
413ddd23a47f1a1bbe056dfcd4096e0e982d1a7d__180000ms,413ddd23a47f1a1bbe056dfcd4096e0e982d1a7d,WALTZ Metallica   Nothing Else Matters (DJ Maksy Slow Waltz Remix),D:\projekty\Hudba\music-editor\src\data\segments\waltz\413ddd23a47f1a1bbe056dfcd4096e0e982d1a7d__s180000ms.wav,180000,20000,87.6,waltz
413ddd23a47f1a1bbe056dfcd4096e0e982d1a7d__200000ms,413ddd23a47f1a1bbe056dfcd4096e0e982d1a7d,WALTZ Metallica   Nothing Else Matters (DJ Maksy Slow Waltz Remix),D:\projekty\Hudba\music-editor\src\data\segments\waltz\413ddd23a47f1a1bbe056dfcd4096e0e982d1a7d__s200000ms.wav,200000,20000,87.6,waltz
fc6415d95a845d07b2289252ebf614bf95ffa142__0ms,fc6415d95a845d07b2289252ebf614bf95ffa142,Waltz Miles Away Slow Waltz,D:\projekty\Hudba\music-editor\src\data\segments\waltz\fc6415d95a845d07b2289252ebf614bf95ffa142__s0ms.wav,0,20000,86.1,waltz
fc6415d95a845d07b2289252ebf614bf95ffa142__20000ms,fc6415d95a845d07b2289252ebf614bf95ffa142,Waltz Miles Away Slow Waltz,D:\projekty\Hudba\music-editor\src\data\segments\waltz\fc6415d95a845d07b2289252ebf614bf95ffa142__s20000ms.wav,20000,20000,86.1,waltz
fc6415d95a845d07b2289252ebf614bf95ffa142__40000ms,fc6415d95a845d07b2289252ebf614bf95ffa142,Waltz Miles Away Slow Waltz,D:\projekty\Hudba\music-editor\src\data\segments\waltz\fc6415d95a845d07b2289252ebf614bf95ffa142__s40000ms.wav,40000,20000,86.1,waltz
fc6415d95a845d07b2289252ebf614bf95ffa142__60000ms,fc6415d95a845d07b2289252ebf614bf95ffa142,Waltz Miles Away Slow Waltz,D:\projekty\Hudba\music-editor\src\data\segments\waltz\fc6415d95a845d07b2289252ebf614bf95ffa142__s60000ms.wav,60000,20000,86.1,waltz
fc6415d95a845d07b2289252ebf614bf95ffa142__80000ms,fc6415d95a845d07b2289252ebf614bf95ffa142,Waltz Miles Away Slow Waltz,D:\projekty\Hudba\music-editor\src\data\segments\waltz\fc6415d95a845d07b2289252ebf614bf95ffa142__s80000ms.wav,80000,20000,86.1,waltz
fc6415d95a845d07b2289252ebf614bf95ffa142__100000ms,fc6415d95a845d07b2289252ebf614bf95ffa142,Waltz Miles Away Slow Waltz,D:\projekty\Hudba\music-editor\src\data\segments\waltz\fc6415d95a845d07b2289252ebf614bf95ffa142__s100000ms.wav,100000,20000,86.1,waltz
fc6415d95a845d07b2289252ebf614bf95ffa142__120000ms,fc6415d95a845d07b2289252ebf614bf95ffa142,Waltz Miles Away Slow Waltz,D:\projekty\Hudba\music-editor\src\data\segments\waltz\fc6415d95a845d07b2289252ebf614bf95ffa142__s120000ms.wav,120000,20000,86.1,waltz
fc6415d95a845d07b2289252ebf614bf95ffa142__140000ms,fc6415d95a845d07b2289252ebf614bf95ffa142,Waltz Miles Away Slow Waltz,D:\projekty\Hudba\music-editor\src\data\segments\waltz\fc6415d95a845d07b2289252ebf614bf95ffa142__s140000ms.wav,140000,20000,86.1,waltz
fc6415d95a845d07b2289252ebf614bf95ffa142__160000ms,fc6415d95a845d07b2289252ebf614bf95ffa142,Waltz Miles Away Slow Waltz,D:\projekty\Hudba\music-editor\src\data\segments\waltz\fc6415d95a845d07b2289252ebf614bf95ffa142__s160000ms.wav,160000,20000,86.1,waltz
fc6415d95a845d07b2289252ebf614bf95ffa142__180000ms,fc6415d95a845d07b2289252ebf614bf95ffa142,Waltz Miles Away Slow Waltz,D:\projekty\Hudba\music-editor\src\data\segments\waltz\fc6415d95a845d07b2289252ebf614bf95ffa142__s180000ms.wav,180000,20000,86.1,waltz
fc6415d95a845d07b2289252ebf614bf95ffa142__200000ms,fc6415d95a845d07b2289252ebf614bf95ffa142,Waltz Miles Away Slow Waltz,D:\projekty\Hudba\music-editor\src\data\segments\waltz\fc6415d95a845d07b2289252ebf614bf95ffa142__s200000ms.wav,200000,8980,86.1,waltz
ce71d1b7bb2b62164a37822e31e6c036a29d3abd__0ms,ce71d1b7bb2b62164a37822e31e6c036a29d3abd,WALTZ Moon (Waltz,D:\projekty\Hudba\music-editor\src\data\segments\waltz\ce71d1b7bb2b62164a37822e31e6c036a29d3abd__s0ms.wav,0,20000,87.6,waltz
ce71d1b7bb2b62164a37822e31e6c036a29d3abd__20000ms,ce71d1b7bb2b62164a37822e31e6c036a29d3abd,WALTZ Moon (Waltz,D:\projekty\Hudba\music-editor\src\data\segments\waltz\ce71d1b7bb2b62164a37822e31e6c036a29d3abd__s20000ms.wav,20000,20000,87.6,waltz
ce71d1b7bb2b62164a37822e31e6c036a29d3abd__40000ms,ce71d1b7bb2b62164a37822e31e6c036a29d3abd,WALTZ Moon (Waltz,D:\projekty\Hudba\music-editor\src\data\segments\waltz\ce71d1b7bb2b62164a37822e31e6c036a29d3abd__s40000ms.wav,40000,20000,87.6,waltz
ce71d1b7bb2b62164a37822e31e6c036a29d3abd__60000ms,ce71d1b7bb2b62164a37822e31e6c036a29d3abd,WALTZ Moon (Waltz,D:\projekty\Hudba\music-editor\src\data\segments\waltz\ce71d1b7bb2b62164a37822e31e6c036a29d3abd__s60000ms.wav,60000,20000,87.6,waltz
ce71d1b7bb2b62164a37822e31e6c036a29d3abd__80000ms,ce71d1b7bb2b62164a37822e31e6c036a29d3abd,WALTZ Moon (Waltz,D:\projekty\Hudba\music-editor\src\data\segments\waltz\ce71d1b7bb2b62164a37822e31e6c036a29d3abd__s80000ms.wav,80000,20000,87.6,waltz
ce71d1b7bb2b62164a37822e31e6c036a29d3abd__100000ms,ce71d1b7bb2b62164a37822e31e6c036a29d3abd,WALTZ Moon (Waltz,D:\projekty\Hudba\music-editor\src\data\segments\waltz\ce71d1b7bb2b62164a37822e31e6c036a29d3abd__s100000ms.wav,100000,20000,87.6,waltz
ce71d1b7bb2b62164a37822e31e6c036a29d3abd__120000ms,ce71d1b7bb2b62164a37822e31e6c036a29d3abd,WALTZ Moon (Waltz,D:\projekty\Hudba\music-editor\src\data\segments\waltz\ce71d1b7bb2b62164a37822e31e6c036a29d3abd__s120000ms.wav,120000,20000,87.6,waltz
ce71d1b7bb2b62164a37822e31e6c036a29d3abd__140000ms,ce71d1b7bb2b62164a37822e31e6c036a29d3abd,WALTZ Moon (Waltz,D:\projekty\Hudba\music-editor\src\data\segments\waltz\ce71d1b7bb2b62164a37822e31e6c036a29d3abd__s140000ms.wav,140000,20000,87.6,waltz
ce71d1b7bb2b62164a37822e31e6c036a29d3abd__160000ms,ce71d1b7bb2b62164a37822e31e6c036a29d3abd,WALTZ Moon (Waltz,D:\projekty\Hudba\music-editor\src\data\segments\waltz\ce71d1b7bb2b62164a37822e31e6c036a29d3abd__s160000ms.wav,160000,20000,87.6,waltz
ce71d1b7bb2b62164a37822e31e6c036a29d3abd__180000ms,ce71d1b7bb2b62164a37822e31e6c036a29d3abd,WALTZ Moon (Waltz,D:\projekty\Hudba\music-editor\src\data\segments\waltz\ce71d1b7bb2b62164a37822e31e6c036a29d3abd__s180000ms.wav,180000,8395,87.6,waltz
ab043f20b54053a4c5f930e5f37cf86d1b009c39__0ms,ab043f20b54053a4c5f930e5f37cf86d1b009c39,WALTZ More Than Love (Waltz,D:\projekty\Hudba\music-editor\src\data\segments\waltz\ab043f20b54053a4c5f930e5f37cf86d1b009c39__s0ms.wav,0,20000,90.7,waltz
ab043f20b54053a4c5f930e5f37cf86d1b009c39__20000ms,ab043f20b54053a4c5f930e5f37cf86d1b009c39,WALTZ More Than Love (Waltz,D:\projekty\Hudba\music-editor\src\data\segments\waltz\ab043f20b54053a4c5f930e5f37cf86d1b009c39__s20000ms.wav,20000,20000,90.7,waltz
ab043f20b54053a4c5f930e5f37cf86d1b009c39__40000ms,ab043f20b54053a4c5f930e5f37cf86d1b009c39,WALTZ More Than Love (Waltz,D:\projekty\Hudba\music-editor\src\data\segments\waltz\ab043f20b54053a4c5f930e5f37cf86d1b009c39__s40000ms.wav,40000,20000,90.7,waltz
ab043f20b54053a4c5f930e5f37cf86d1b009c39__60000ms,ab043f20b54053a4c5f930e5f37cf86d1b009c39,WALTZ More Than Love (Waltz,D:\projekty\Hudba\music-editor\src\data\segments\waltz\ab043f20b54053a4c5f930e5f37cf86d1b009c39__s60000ms.wav,60000,20000,90.7,waltz
ab043f20b54053a4c5f930e5f37cf86d1b009c39__80000ms,ab043f20b54053a4c5f930e5f37cf86d1b009c39,WALTZ More Than Love (Waltz,D:\projekty\Hudba\music-editor\src\data\segments\waltz\ab043f20b54053a4c5f930e5f37cf86d1b009c39__s80000ms.wav,80000,20000,90.7,waltz
ab043f20b54053a4c5f930e5f37cf86d1b009c39__100000ms,ab043f20b54053a4c5f930e5f37cf86d1b009c39,WALTZ More Than Love (Waltz,D:\projekty\Hudba\music-editor\src\data\segments\waltz\ab043f20b54053a4c5f930e5f37cf86d1b009c39__s100000ms.wav,100000,20000,90.7,waltz
ab043f20b54053a4c5f930e5f37cf86d1b009c39__120000ms,ab043f20b54053a4c5f930e5f37cf86d1b009c39,WALTZ More Than Love (Waltz,D:\projekty\Hudba\music-editor\src\data\segments\waltz\ab043f20b54053a4c5f930e5f37cf86d1b009c39__s120000ms.wav,120000,20000,90.7,waltz
ab043f20b54053a4c5f930e5f37cf86d1b009c39__140000ms,ab043f20b54053a4c5f930e5f37cf86d1b009c39,WALTZ More Than Love (Waltz,D:\projekty\Hudba\music-editor\src\data\segments\waltz\ab043f20b54053a4c5f930e5f37cf86d1b009c39__s140000ms.wav,140000,20000,90.7,waltz
ab043f20b54053a4c5f930e5f37cf86d1b009c39__160000ms,ab043f20b54053a4c5f930e5f37cf86d1b009c39,WALTZ More Than Love (Waltz,D:\projekty\Hudba\music-editor\src\data\segments\waltz\ab043f20b54053a4c5f930e5f37cf86d1b009c39__s160000ms.wav,160000,20000,90.7,waltz
ab043f20b54053a4c5f930e5f37cf86d1b009c39__180000ms,ab043f20b54053a4c5f930e5f37cf86d1b009c39,WALTZ More Than Love (Waltz,D:\projekty\Hudba\music-editor\src\data\segments\waltz\ab043f20b54053a4c5f930e5f37cf86d1b009c39__s180000ms.wav,180000,20000,90.7,waltz
ab043f20b54053a4c5f930e5f37cf86d1b009c39__200000ms,ab043f20b54053a4c5f930e5f37cf86d1b009c39,WALTZ More Than Love (Waltz,D:\projekty\Hudba\music-editor\src\data\segments\waltz\ab043f20b54053a4c5f930e5f37cf86d1b009c39__s200000ms.wav,200000,20000,90.7,waltz
ab043f20b54053a4c5f930e5f37cf86d1b009c39__220000ms,ab043f20b54053a4c5f930e5f37cf86d1b009c39,WALTZ More Than Love (Waltz,D:\projekty\Hudba\music-editor\src\data\segments\waltz\ab043f20b54053a4c5f930e5f37cf86d1b009c39__s220000ms.wav,220000,20000,90.7,waltz
ab043f20b54053a4c5f930e5f37cf86d1b009c39__240000ms,ab043f20b54053a4c5f930e5f37cf86d1b009c39,WALTZ More Than Love (Waltz,D:\projekty\Hudba\music-editor\src\data\segments\waltz\ab043f20b54053a4c5f930e5f37cf86d1b009c39__s240000ms.wav,240000,8085,90.7,waltz
6cf7857c4869a41e7d6d8842de670fbcb399c70b__0ms,6cf7857c4869a41e7d6d8842de670fbcb399c70b,WALTZ music    I Owe Yo,D:\projekty\Hudba\music-editor\src\data\segments\waltz\6cf7857c4869a41e7d6d8842de670fbcb399c70b__s0ms.wav,0,20000,83.4,waltz
6cf7857c4869a41e7d6d8842de670fbcb399c70b__20000ms,6cf7857c4869a41e7d6d8842de670fbcb399c70b,WALTZ music    I Owe Yo,D:\projekty\Hudba\music-editor\src\data\segments\waltz\6cf7857c4869a41e7d6d8842de670fbcb399c70b__s20000ms.wav,20000,20000,83.4,waltz
6cf7857c4869a41e7d6d8842de670fbcb399c70b__40000ms,6cf7857c4869a41e7d6d8842de670fbcb399c70b,WALTZ music    I Owe Yo,D:\projekty\Hudba\music-editor\src\data\segments\waltz\6cf7857c4869a41e7d6d8842de670fbcb399c70b__s40000ms.wav,40000,20000,83.4,waltz
6cf7857c4869a41e7d6d8842de670fbcb399c70b__60000ms,6cf7857c4869a41e7d6d8842de670fbcb399c70b,WALTZ music    I Owe Yo,D:\projekty\Hudba\music-editor\src\data\segments\waltz\6cf7857c4869a41e7d6d8842de670fbcb399c70b__s60000ms.wav,60000,20000,83.4,waltz
6cf7857c4869a41e7d6d8842de670fbcb399c70b__80000ms,6cf7857c4869a41e7d6d8842de670fbcb399c70b,WALTZ music    I Owe Yo,D:\projekty\Hudba\music-editor\src\data\segments\waltz\6cf7857c4869a41e7d6d8842de670fbcb399c70b__s80000ms.wav,80000,20000,83.4,waltz
6cf7857c4869a41e7d6d8842de670fbcb399c70b__100000ms,6cf7857c4869a41e7d6d8842de670fbcb399c70b,WALTZ music    I Owe Yo,D:\projekty\Hudba\music-editor\src\data\segments\waltz\6cf7857c4869a41e7d6d8842de670fbcb399c70b__s100000ms.wav,100000,20000,83.4,waltz
6cf7857c4869a41e7d6d8842de670fbcb399c70b__120000ms,6cf7857c4869a41e7d6d8842de670fbcb399c70b,WALTZ music    I Owe Yo,D:\projekty\Hudba\music-editor\src\data\segments\waltz\6cf7857c4869a41e7d6d8842de670fbcb399c70b__s120000ms.wav,120000,20000,83.4,waltz
6cf7857c4869a41e7d6d8842de670fbcb399c70b__140000ms,6cf7857c4869a41e7d6d8842de670fbcb399c70b,WALTZ music    I Owe Yo,D:\projekty\Hudba\music-editor\src\data\segments\waltz\6cf7857c4869a41e7d6d8842de670fbcb399c70b__s140000ms.wav,140000,16970,83.4,waltz
2e2d4177cac9df676391bb43048bd6947e4b5672__0ms,2e2d4177cac9df676391bb43048bd6947e4b5672,WALTZ music   Always Remember Us This Way,D:\projekty\Hudba\music-editor\src\data\segments\waltz\2e2d4177cac9df676391bb43048bd6947e4b5672__s0ms.wav,0,20000,87.6,waltz
2e2d4177cac9df676391bb43048bd6947e4b5672__20000ms,2e2d4177cac9df676391bb43048bd6947e4b5672,WALTZ music   Always Remember Us This Way,D:\projekty\Hudba\music-editor\src\data\segments\waltz\2e2d4177cac9df676391bb43048bd6947e4b5672__s20000ms.wav,20000,20000,87.6,waltz
2e2d4177cac9df676391bb43048bd6947e4b5672__40000ms,2e2d4177cac9df676391bb43048bd6947e4b5672,WALTZ music   Always Remember Us This Way,D:\projekty\Hudba\music-editor\src\data\segments\waltz\2e2d4177cac9df676391bb43048bd6947e4b5672__s40000ms.wav,40000,20000,87.6,waltz
2e2d4177cac9df676391bb43048bd6947e4b5672__60000ms,2e2d4177cac9df676391bb43048bd6947e4b5672,WALTZ music   Always Remember Us This Way,D:\projekty\Hudba\music-editor\src\data\segments\waltz\2e2d4177cac9df676391bb43048bd6947e4b5672__s60000ms.wav,60000,20000,87.6,waltz
2e2d4177cac9df676391bb43048bd6947e4b5672__80000ms,2e2d4177cac9df676391bb43048bd6947e4b5672,WALTZ music   Always Remember Us This Way,D:\projekty\Hudba\music-editor\src\data\segments\waltz\2e2d4177cac9df676391bb43048bd6947e4b5672__s80000ms.wav,80000,20000,87.6,waltz
2e2d4177cac9df676391bb43048bd6947e4b5672__100000ms,2e2d4177cac9df676391bb43048bd6947e4b5672,WALTZ music   Always Remember Us This Way,D:\projekty\Hudba\music-editor\src\data\segments\waltz\2e2d4177cac9df676391bb43048bd6947e4b5672__s100000ms.wav,100000,20000,87.6,waltz
2e2d4177cac9df676391bb43048bd6947e4b5672__120000ms,2e2d4177cac9df676391bb43048bd6947e4b5672,WALTZ music   Always Remember Us This Way,D:\projekty\Hudba\music-editor\src\data\segments\waltz\2e2d4177cac9df676391bb43048bd6947e4b5672__s120000ms.wav,120000,20000,87.6,waltz
2e2d4177cac9df676391bb43048bd6947e4b5672__140000ms,2e2d4177cac9df676391bb43048bd6947e4b5672,WALTZ music   Always Remember Us This Way,D:\projekty\Hudba\music-editor\src\data\segments\waltz\2e2d4177cac9df676391bb43048bd6947e4b5672__s140000ms.wav,140000,20000,87.6,waltz
2e2d4177cac9df676391bb43048bd6947e4b5672__160000ms,2e2d4177cac9df676391bb43048bd6947e4b5672,WALTZ music   Always Remember Us This Way,D:\projekty\Hudba\music-editor\src\data\segments\waltz\2e2d4177cac9df676391bb43048bd6947e4b5672__s160000ms.wav,160000,20000,87.6,waltz
2e2d4177cac9df676391bb43048bd6947e4b5672__180000ms,2e2d4177cac9df676391bb43048bd6947e4b5672,WALTZ music   Always Remember Us This Way,D:\projekty\Hudba\music-editor\src\data\segments\waltz\2e2d4177cac9df676391bb43048bd6947e4b5672__s180000ms.wav,180000,20000,87.6,waltz
2e2d4177cac9df676391bb43048bd6947e4b5672__200000ms,2e2d4177cac9df676391bb43048bd6947e4b5672,WALTZ music   Always Remember Us This Way,D:\projekty\Hudba\music-editor\src\data\segments\waltz\2e2d4177cac9df676391bb43048bd6947e4b5672__s200000ms.wav,200000,20000,87.6,waltz
488c5bf471601d2c68c6ccc7f8209c663d50634c__0ms,488c5bf471601d2c68c6ccc7f8209c663d50634c,WALTZ music   Like The Piano,D:\projekty\Hudba\music-editor\src\data\segments\waltz\488c5bf471601d2c68c6ccc7f8209c663d50634c__s0ms.wav,0,20000,90.7,waltz
488c5bf471601d2c68c6ccc7f8209c663d50634c__20000ms,488c5bf471601d2c68c6ccc7f8209c663d50634c,WALTZ music   Like The Piano,D:\projekty\Hudba\music-editor\src\data\segments\waltz\488c5bf471601d2c68c6ccc7f8209c663d50634c__s20000ms.wav,20000,20000,90.7,waltz
488c5bf471601d2c68c6ccc7f8209c663d50634c__40000ms,488c5bf471601d2c68c6ccc7f8209c663d50634c,WALTZ music   Like The Piano,D:\projekty\Hudba\music-editor\src\data\segments\waltz\488c5bf471601d2c68c6ccc7f8209c663d50634c__s40000ms.wav,40000,20000,90.7,waltz
488c5bf471601d2c68c6ccc7f8209c663d50634c__60000ms,488c5bf471601d2c68c6ccc7f8209c663d50634c,WALTZ music   Like The Piano,D:\projekty\Hudba\music-editor\src\data\segments\waltz\488c5bf471601d2c68c6ccc7f8209c663d50634c__s60000ms.wav,60000,20000,90.7,waltz
488c5bf471601d2c68c6ccc7f8209c663d50634c__80000ms,488c5bf471601d2c68c6ccc7f8209c663d50634c,WALTZ music   Like The Piano,D:\projekty\Hudba\music-editor\src\data\segments\waltz\488c5bf471601d2c68c6ccc7f8209c663d50634c__s80000ms.wav,80000,20000,90.7,waltz
488c5bf471601d2c68c6ccc7f8209c663d50634c__100000ms,488c5bf471601d2c68c6ccc7f8209c663d50634c,WALTZ music   Like The Piano,D:\projekty\Hudba\music-editor\src\data\segments\waltz\488c5bf471601d2c68c6ccc7f8209c663d50634c__s100000ms.wav,100000,20000,90.7,waltz
488c5bf471601d2c68c6ccc7f8209c663d50634c__120000ms,488c5bf471601d2c68c6ccc7f8209c663d50634c,WALTZ music   Like The Piano,D:\projekty\Hudba\music-editor\src\data\segments\waltz\488c5bf471601d2c68c6ccc7f8209c663d50634c__s120000ms.wav,120000,20000,90.7,waltz
488c5bf471601d2c68c6ccc7f8209c663d50634c__140000ms,488c5bf471601d2c68c6ccc7f8209c663d50634c,WALTZ music   Like The Piano,D:\projekty\Hudba\music-editor\src\data\segments\waltz\488c5bf471601d2c68c6ccc7f8209c663d50634c__s140000ms.wav,140000,20000,90.7,waltz
488c5bf471601d2c68c6ccc7f8209c663d50634c__160000ms,488c5bf471601d2c68c6ccc7f8209c663d50634c,WALTZ music   Like The Piano,D:\projekty\Hudba\music-editor\src\data\segments\waltz\488c5bf471601d2c68c6ccc7f8209c663d50634c__s160000ms.wav,160000,20000,90.7,waltz
488c5bf471601d2c68c6ccc7f8209c663d50634c__180000ms,488c5bf471601d2c68c6ccc7f8209c663d50634c,WALTZ music   Like The Piano,D:\projekty\Hudba\music-editor\src\data\segments\waltz\488c5bf471601d2c68c6ccc7f8209c663d50634c__s180000ms.wav,180000,20000,90.7,waltz
488c5bf471601d2c68c6ccc7f8209c663d50634c__200000ms,488c5bf471601d2c68c6ccc7f8209c663d50634c,WALTZ music   Like The Piano,D:\projekty\Hudba\music-editor\src\data\segments\waltz\488c5bf471601d2c68c6ccc7f8209c663d50634c__s200000ms.wav,200000,15432,90.7,waltz
20260d10fc4c29e72581212a7e4f10a402ef14ae__0ms,20260d10fc4c29e72581212a7e4f10a402ef14ae,WALTZ Music   Tears In Love (from,D:\projekty\Hudba\music-editor\src\data\segments\waltz\20260d10fc4c29e72581212a7e4f10a402ef14ae__s0ms.wav,0,20000,84.7,waltz
20260d10fc4c29e72581212a7e4f10a402ef14ae__20000ms,20260d10fc4c29e72581212a7e4f10a402ef14ae,WALTZ Music   Tears In Love (from,D:\projekty\Hudba\music-editor\src\data\segments\waltz\20260d10fc4c29e72581212a7e4f10a402ef14ae__s20000ms.wav,20000,20000,84.7,waltz
20260d10fc4c29e72581212a7e4f10a402ef14ae__40000ms,20260d10fc4c29e72581212a7e4f10a402ef14ae,WALTZ Music   Tears In Love (from,D:\projekty\Hudba\music-editor\src\data\segments\waltz\20260d10fc4c29e72581212a7e4f10a402ef14ae__s40000ms.wav,40000,20000,84.7,waltz
20260d10fc4c29e72581212a7e4f10a402ef14ae__60000ms,20260d10fc4c29e72581212a7e4f10a402ef14ae,WALTZ Music   Tears In Love (from,D:\projekty\Hudba\music-editor\src\data\segments\waltz\20260d10fc4c29e72581212a7e4f10a402ef14ae__s60000ms.wav,60000,20000,84.7,waltz
20260d10fc4c29e72581212a7e4f10a402ef14ae__80000ms,20260d10fc4c29e72581212a7e4f10a402ef14ae,WALTZ Music   Tears In Love (from,D:\projekty\Hudba\music-editor\src\data\segments\waltz\20260d10fc4c29e72581212a7e4f10a402ef14ae__s80000ms.wav,80000,20000,84.7,waltz
20260d10fc4c29e72581212a7e4f10a402ef14ae__100000ms,20260d10fc4c29e72581212a7e4f10a402ef14ae,WALTZ Music   Tears In Love (from,D:\projekty\Hudba\music-editor\src\data\segments\waltz\20260d10fc4c29e72581212a7e4f10a402ef14ae__s100000ms.wav,100000,20000,84.7,waltz
20260d10fc4c29e72581212a7e4f10a402ef14ae__120000ms,20260d10fc4c29e72581212a7e4f10a402ef14ae,WALTZ Music   Tears In Love (from,D:\projekty\Hudba\music-editor\src\data\segments\waltz\20260d10fc4c29e72581212a7e4f10a402ef14ae__s120000ms.wav,120000,20000,84.7,waltz
20260d10fc4c29e72581212a7e4f10a402ef14ae__140000ms,20260d10fc4c29e72581212a7e4f10a402ef14ae,WALTZ Music   Tears In Love (from,D:\projekty\Hudba\music-editor\src\data\segments\waltz\20260d10fc4c29e72581212a7e4f10a402ef14ae__s140000ms.wav,140000,20000,84.7,waltz
deb948f7695b441d7fed0f6de101b6e556de9a5a__0ms,deb948f7695b441d7fed0f6de101b6e556de9a5a,Waltz music Claudia Streza – I Will Always Love You,D:\projekty\Hudba\music-editor\src\data\segments\waltz\deb948f7695b441d7fed0f6de101b6e556de9a5a__s0ms.wav,0,20000,87.6,waltz
deb948f7695b441d7fed0f6de101b6e556de9a5a__20000ms,deb948f7695b441d7fed0f6de101b6e556de9a5a,Waltz music Claudia Streza – I Will Always Love You,D:\projekty\Hudba\music-editor\src\data\segments\waltz\deb948f7695b441d7fed0f6de101b6e556de9a5a__s20000ms.wav,20000,20000,87.6,waltz
deb948f7695b441d7fed0f6de101b6e556de9a5a__40000ms,deb948f7695b441d7fed0f6de101b6e556de9a5a,Waltz music Claudia Streza – I Will Always Love You,D:\projekty\Hudba\music-editor\src\data\segments\waltz\deb948f7695b441d7fed0f6de101b6e556de9a5a__s40000ms.wav,40000,20000,87.6,waltz
deb948f7695b441d7fed0f6de101b6e556de9a5a__60000ms,deb948f7695b441d7fed0f6de101b6e556de9a5a,Waltz music Claudia Streza – I Will Always Love You,D:\projekty\Hudba\music-editor\src\data\segments\waltz\deb948f7695b441d7fed0f6de101b6e556de9a5a__s60000ms.wav,60000,20000,87.6,waltz
deb948f7695b441d7fed0f6de101b6e556de9a5a__80000ms,deb948f7695b441d7fed0f6de101b6e556de9a5a,Waltz music Claudia Streza – I Will Always Love You,D:\projekty\Hudba\music-editor\src\data\segments\waltz\deb948f7695b441d7fed0f6de101b6e556de9a5a__s80000ms.wav,80000,20000,87.6,waltz
deb948f7695b441d7fed0f6de101b6e556de9a5a__100000ms,deb948f7695b441d7fed0f6de101b6e556de9a5a,Waltz music Claudia Streza – I Will Always Love You,D:\projekty\Hudba\music-editor\src\data\segments\waltz\deb948f7695b441d7fed0f6de101b6e556de9a5a__s100000ms.wav,100000,20000,87.6,waltz
deb948f7695b441d7fed0f6de101b6e556de9a5a__120000ms,deb948f7695b441d7fed0f6de101b6e556de9a5a,Waltz music Claudia Streza – I Will Always Love You,D:\projekty\Hudba\music-editor\src\data\segments\waltz\deb948f7695b441d7fed0f6de101b6e556de9a5a__s120000ms.wav,120000,20000,87.6,waltz
deb948f7695b441d7fed0f6de101b6e556de9a5a__140000ms,deb948f7695b441d7fed0f6de101b6e556de9a5a,Waltz music Claudia Streza – I Will Always Love You,D:\projekty\Hudba\music-editor\src\data\segments\waltz\deb948f7695b441d7fed0f6de101b6e556de9a5a__s140000ms.wav,140000,20000,87.6,waltz
deb948f7695b441d7fed0f6de101b6e556de9a5a__160000ms,deb948f7695b441d7fed0f6de101b6e556de9a5a,Waltz music Claudia Streza – I Will Always Love You,D:\projekty\Hudba\music-editor\src\data\segments\waltz\deb948f7695b441d7fed0f6de101b6e556de9a5a__s160000ms.wav,160000,20000,87.6,waltz
deb948f7695b441d7fed0f6de101b6e556de9a5a__180000ms,deb948f7695b441d7fed0f6de101b6e556de9a5a,Waltz music Claudia Streza – I Will Always Love You,D:\projekty\Hudba\music-editor\src\data\segments\waltz\deb948f7695b441d7fed0f6de101b6e556de9a5a__s180000ms.wav,180000,20000,87.6,waltz
deb948f7695b441d7fed0f6de101b6e556de9a5a__200000ms,deb948f7695b441d7fed0f6de101b6e556de9a5a,Waltz music Claudia Streza – I Will Always Love You,D:\projekty\Hudba\music-editor\src\data\segments\waltz\deb948f7695b441d7fed0f6de101b6e556de9a5a__s200000ms.wav,200000,20000,87.6,waltz
deb948f7695b441d7fed0f6de101b6e556de9a5a__220000ms,deb948f7695b441d7fed0f6de101b6e556de9a5a,Waltz music Claudia Streza – I Will Always Love You,D:\projekty\Hudba\music-editor\src\data\segments\waltz\deb948f7695b441d7fed0f6de101b6e556de9a5a__s220000ms.wav,220000,20000,87.6,waltz
deb948f7695b441d7fed0f6de101b6e556de9a5a__240000ms,deb948f7695b441d7fed0f6de101b6e556de9a5a,Waltz music Claudia Streza – I Will Always Love You,D:\projekty\Hudba\music-editor\src\data\segments\waltz\deb948f7695b441d7fed0f6de101b6e556de9a5a__s240000ms.wav,240000,20000,87.6,waltz
deb948f7695b441d7fed0f6de101b6e556de9a5a__260000ms,deb948f7695b441d7fed0f6de101b6e556de9a5a,Waltz music Claudia Streza – I Will Always Love You,D:\projekty\Hudba\music-editor\src\data\segments\waltz\deb948f7695b441d7fed0f6de101b6e556de9a5a__s260000ms.wav,260000,20000,87.6,waltz
934eac221100e0924aa6016f4cc6621d05744940__0ms,934eac221100e0924aa6016f4cc6621d05744940,"Waltz music E Morricone, C Nistri – Chi Mai",D:\projekty\Hudba\music-editor\src\data\segments\waltz\934eac221100e0924aa6016f4cc6621d05744940__s0ms.wav,0,20000,89.1,waltz
934eac221100e0924aa6016f4cc6621d05744940__20000ms,934eac221100e0924aa6016f4cc6621d05744940,"Waltz music E Morricone, C Nistri – Chi Mai",D:\projekty\Hudba\music-editor\src\data\segments\waltz\934eac221100e0924aa6016f4cc6621d05744940__s20000ms.wav,20000,20000,89.1,waltz
934eac221100e0924aa6016f4cc6621d05744940__40000ms,934eac221100e0924aa6016f4cc6621d05744940,"Waltz music E Morricone, C Nistri – Chi Mai",D:\projekty\Hudba\music-editor\src\data\segments\waltz\934eac221100e0924aa6016f4cc6621d05744940__s40000ms.wav,40000,20000,89.1,waltz
934eac221100e0924aa6016f4cc6621d05744940__60000ms,934eac221100e0924aa6016f4cc6621d05744940,"Waltz music E Morricone, C Nistri – Chi Mai",D:\projekty\Hudba\music-editor\src\data\segments\waltz\934eac221100e0924aa6016f4cc6621d05744940__s60000ms.wav,60000,20000,89.1,waltz
934eac221100e0924aa6016f4cc6621d05744940__80000ms,934eac221100e0924aa6016f4cc6621d05744940,"Waltz music E Morricone, C Nistri – Chi Mai",D:\projekty\Hudba\music-editor\src\data\segments\waltz\934eac221100e0924aa6016f4cc6621d05744940__s80000ms.wav,80000,20000,89.1,waltz
934eac221100e0924aa6016f4cc6621d05744940__100000ms,934eac221100e0924aa6016f4cc6621d05744940,"Waltz music E Morricone, C Nistri – Chi Mai",D:\projekty\Hudba\music-editor\src\data\segments\waltz\934eac221100e0924aa6016f4cc6621d05744940__s100000ms.wav,100000,20000,89.1,waltz
934eac221100e0924aa6016f4cc6621d05744940__120000ms,934eac221100e0924aa6016f4cc6621d05744940,"Waltz music E Morricone, C Nistri – Chi Mai",D:\projekty\Hudba\music-editor\src\data\segments\waltz\934eac221100e0924aa6016f4cc6621d05744940__s120000ms.wav,120000,20000,89.1,waltz
934eac221100e0924aa6016f4cc6621d05744940__140000ms,934eac221100e0924aa6016f4cc6621d05744940,"Waltz music E Morricone, C Nistri – Chi Mai",D:\projekty\Hudba\music-editor\src\data\segments\waltz\934eac221100e0924aa6016f4cc6621d05744940__s140000ms.wav,140000,16787,89.1,waltz
5d4ff89f3fb27b6e439e77e5b6b54c6fe17fe6eb__0ms,5d4ff89f3fb27b6e439e77e5b6b54c6fe17fe6eb,Waltz music Garden Of Secrets – Autumn,D:\projekty\Hudba\music-editor\src\data\segments\viennese waltz\5d4ff89f3fb27b6e439e77e5b6b54c6fe17fe6eb__s0ms.wav,0,20000,172.3,viennese waltz
5d4ff89f3fb27b6e439e77e5b6b54c6fe17fe6eb__20000ms,5d4ff89f3fb27b6e439e77e5b6b54c6fe17fe6eb,Waltz music Garden Of Secrets – Autumn,D:\projekty\Hudba\music-editor\src\data\segments\viennese waltz\5d4ff89f3fb27b6e439e77e5b6b54c6fe17fe6eb__s20000ms.wav,20000,20000,172.3,viennese waltz
5d4ff89f3fb27b6e439e77e5b6b54c6fe17fe6eb__40000ms,5d4ff89f3fb27b6e439e77e5b6b54c6fe17fe6eb,Waltz music Garden Of Secrets – Autumn,D:\projekty\Hudba\music-editor\src\data\segments\viennese waltz\5d4ff89f3fb27b6e439e77e5b6b54c6fe17fe6eb__s40000ms.wav,40000,20000,172.3,viennese waltz
5d4ff89f3fb27b6e439e77e5b6b54c6fe17fe6eb__60000ms,5d4ff89f3fb27b6e439e77e5b6b54c6fe17fe6eb,Waltz music Garden Of Secrets – Autumn,D:\projekty\Hudba\music-editor\src\data\segments\viennese waltz\5d4ff89f3fb27b6e439e77e5b6b54c6fe17fe6eb__s60000ms.wav,60000,20000,172.3,viennese waltz
5d4ff89f3fb27b6e439e77e5b6b54c6fe17fe6eb__80000ms,5d4ff89f3fb27b6e439e77e5b6b54c6fe17fe6eb,Waltz music Garden Of Secrets – Autumn,D:\projekty\Hudba\music-editor\src\data\segments\viennese waltz\5d4ff89f3fb27b6e439e77e5b6b54c6fe17fe6eb__s80000ms.wav,80000,20000,172.3,viennese waltz
5d4ff89f3fb27b6e439e77e5b6b54c6fe17fe6eb__100000ms,5d4ff89f3fb27b6e439e77e5b6b54c6fe17fe6eb,Waltz music Garden Of Secrets – Autumn,D:\projekty\Hudba\music-editor\src\data\segments\viennese waltz\5d4ff89f3fb27b6e439e77e5b6b54c6fe17fe6eb__s100000ms.wav,100000,20000,172.3,viennese waltz
5d4ff89f3fb27b6e439e77e5b6b54c6fe17fe6eb__120000ms,5d4ff89f3fb27b6e439e77e5b6b54c6fe17fe6eb,Waltz music Garden Of Secrets – Autumn,D:\projekty\Hudba\music-editor\src\data\segments\viennese waltz\5d4ff89f3fb27b6e439e77e5b6b54c6fe17fe6eb__s120000ms.wav,120000,20000,172.3,viennese waltz
5d4ff89f3fb27b6e439e77e5b6b54c6fe17fe6eb__140000ms,5d4ff89f3fb27b6e439e77e5b6b54c6fe17fe6eb,Waltz music Garden Of Secrets – Autumn,D:\projekty\Hudba\music-editor\src\data\segments\viennese waltz\5d4ff89f3fb27b6e439e77e5b6b54c6fe17fe6eb__s140000ms.wav,140000,20000,172.3,viennese waltz
5d4ff89f3fb27b6e439e77e5b6b54c6fe17fe6eb__160000ms,5d4ff89f3fb27b6e439e77e5b6b54c6fe17fe6eb,Waltz music Garden Of Secrets – Autumn,D:\projekty\Hudba\music-editor\src\data\segments\viennese waltz\5d4ff89f3fb27b6e439e77e5b6b54c6fe17fe6eb__s160000ms.wav,160000,20000,172.3,viennese waltz
5d4ff89f3fb27b6e439e77e5b6b54c6fe17fe6eb__180000ms,5d4ff89f3fb27b6e439e77e5b6b54c6fe17fe6eb,Waltz music Garden Of Secrets – Autumn,D:\projekty\Hudba\music-editor\src\data\segments\viennese waltz\5d4ff89f3fb27b6e439e77e5b6b54c6fe17fe6eb__s180000ms.wav,180000,17642,172.3,viennese waltz
b26f54eefa2760f8371fb1c94c7326dbbd633787__0ms,b26f54eefa2760f8371fb1c94c7326dbbd633787,Waltz music Klaus Hallen – Earth Song,D:\projekty\Hudba\music-editor\src\data\segments\waltz\b26f54eefa2760f8371fb1c94c7326dbbd633787__s0ms.wav,0,20000,87.6,waltz
b26f54eefa2760f8371fb1c94c7326dbbd633787__20000ms,b26f54eefa2760f8371fb1c94c7326dbbd633787,Waltz music Klaus Hallen – Earth Song,D:\projekty\Hudba\music-editor\src\data\segments\waltz\b26f54eefa2760f8371fb1c94c7326dbbd633787__s20000ms.wav,20000,20000,87.6,waltz
b26f54eefa2760f8371fb1c94c7326dbbd633787__40000ms,b26f54eefa2760f8371fb1c94c7326dbbd633787,Waltz music Klaus Hallen – Earth Song,D:\projekty\Hudba\music-editor\src\data\segments\waltz\b26f54eefa2760f8371fb1c94c7326dbbd633787__s40000ms.wav,40000,20000,87.6,waltz
b26f54eefa2760f8371fb1c94c7326dbbd633787__60000ms,b26f54eefa2760f8371fb1c94c7326dbbd633787,Waltz music Klaus Hallen – Earth Song,D:\projekty\Hudba\music-editor\src\data\segments\waltz\b26f54eefa2760f8371fb1c94c7326dbbd633787__s60000ms.wav,60000,20000,87.6,waltz
b26f54eefa2760f8371fb1c94c7326dbbd633787__80000ms,b26f54eefa2760f8371fb1c94c7326dbbd633787,Waltz music Klaus Hallen – Earth Song,D:\projekty\Hudba\music-editor\src\data\segments\waltz\b26f54eefa2760f8371fb1c94c7326dbbd633787__s80000ms.wav,80000,20000,87.6,waltz
b26f54eefa2760f8371fb1c94c7326dbbd633787__100000ms,b26f54eefa2760f8371fb1c94c7326dbbd633787,Waltz music Klaus Hallen – Earth Song,D:\projekty\Hudba\music-editor\src\data\segments\waltz\b26f54eefa2760f8371fb1c94c7326dbbd633787__s100000ms.wav,100000,20000,87.6,waltz
b26f54eefa2760f8371fb1c94c7326dbbd633787__120000ms,b26f54eefa2760f8371fb1c94c7326dbbd633787,Waltz music Klaus Hallen – Earth Song,D:\projekty\Hudba\music-editor\src\data\segments\waltz\b26f54eefa2760f8371fb1c94c7326dbbd633787__s120000ms.wav,120000,20000,87.6,waltz
b26f54eefa2760f8371fb1c94c7326dbbd633787__140000ms,b26f54eefa2760f8371fb1c94c7326dbbd633787,Waltz music Klaus Hallen – Earth Song,D:\projekty\Hudba\music-editor\src\data\segments\waltz\b26f54eefa2760f8371fb1c94c7326dbbd633787__s140000ms.wav,140000,20000,87.6,waltz
b26f54eefa2760f8371fb1c94c7326dbbd633787__160000ms,b26f54eefa2760f8371fb1c94c7326dbbd633787,Waltz music Klaus Hallen – Earth Song,D:\projekty\Hudba\music-editor\src\data\segments\waltz\b26f54eefa2760f8371fb1c94c7326dbbd633787__s160000ms.wav,160000,20000,87.6,waltz
b26f54eefa2760f8371fb1c94c7326dbbd633787__180000ms,b26f54eefa2760f8371fb1c94c7326dbbd633787,Waltz music Klaus Hallen – Earth Song,D:\projekty\Hudba\music-editor\src\data\segments\waltz\b26f54eefa2760f8371fb1c94c7326dbbd633787__s180000ms.wav,180000,20000,87.6,waltz
b26f54eefa2760f8371fb1c94c7326dbbd633787__200000ms,b26f54eefa2760f8371fb1c94c7326dbbd633787,Waltz music Klaus Hallen – Earth Song,D:\projekty\Hudba\music-editor\src\data\segments\waltz\b26f54eefa2760f8371fb1c94c7326dbbd633787__s200000ms.wav,200000,20000,87.6,waltz
b26f54eefa2760f8371fb1c94c7326dbbd633787__220000ms,b26f54eefa2760f8371fb1c94c7326dbbd633787,Waltz music Klaus Hallen – Earth Song,D:\projekty\Hudba\music-editor\src\data\segments\waltz\b26f54eefa2760f8371fb1c94c7326dbbd633787__s220000ms.wav,220000,20000,87.6,waltz
b26f54eefa2760f8371fb1c94c7326dbbd633787__240000ms,b26f54eefa2760f8371fb1c94c7326dbbd633787,Waltz music Klaus Hallen – Earth Song,D:\projekty\Hudba\music-editor\src\data\segments\waltz\b26f54eefa2760f8371fb1c94c7326dbbd633787__s240000ms.wav,240000,20000,87.6,waltz
b26f54eefa2760f8371fb1c94c7326dbbd633787__260000ms,b26f54eefa2760f8371fb1c94c7326dbbd633787,Waltz music Klaus Hallen – Earth Song,D:\projekty\Hudba\music-editor\src\data\segments\waltz\b26f54eefa2760f8371fb1c94c7326dbbd633787__s260000ms.wav,260000,20000,87.6,waltz
b26f54eefa2760f8371fb1c94c7326dbbd633787__280000ms,b26f54eefa2760f8371fb1c94c7326dbbd633787,Waltz music Klaus Hallen – Earth Song,D:\projekty\Hudba\music-editor\src\data\segments\waltz\b26f54eefa2760f8371fb1c94c7326dbbd633787__s280000ms.wav,280000,20000,87.6,waltz
b26f54eefa2760f8371fb1c94c7326dbbd633787__300000ms,b26f54eefa2760f8371fb1c94c7326dbbd633787,Waltz music Klaus Hallen – Earth Song,D:\projekty\Hudba\music-editor\src\data\segments\waltz\b26f54eefa2760f8371fb1c94c7326dbbd633787__s300000ms.wav,300000,20000,87.6,waltz
b26f54eefa2760f8371fb1c94c7326dbbd633787__320000ms,b26f54eefa2760f8371fb1c94c7326dbbd633787,Waltz music Klaus Hallen – Earth Song,D:\projekty\Hudba\music-editor\src\data\segments\waltz\b26f54eefa2760f8371fb1c94c7326dbbd633787__s320000ms.wav,320000,20000,87.6,waltz
b26f54eefa2760f8371fb1c94c7326dbbd633787__340000ms,b26f54eefa2760f8371fb1c94c7326dbbd633787,Waltz music Klaus Hallen – Earth Song,D:\projekty\Hudba\music-editor\src\data\segments\waltz\b26f54eefa2760f8371fb1c94c7326dbbd633787__s340000ms.wav,340000,20000,87.6,waltz
b26f54eefa2760f8371fb1c94c7326dbbd633787__360000ms,b26f54eefa2760f8371fb1c94c7326dbbd633787,Waltz music Klaus Hallen – Earth Song,D:\projekty\Hudba\music-editor\src\data\segments\waltz\b26f54eefa2760f8371fb1c94c7326dbbd633787__s360000ms.wav,360000,20000,87.6,waltz
3d7f228444c8618d4d8f6aec459f13d9f8905087__0ms,3d7f228444c8618d4d8f6aec459f13d9f8905087,Waltz music William Jansen – Cosas De La Vida,D:\projekty\Hudba\music-editor\src\data\segments\waltz\3d7f228444c8618d4d8f6aec459f13d9f8905087__s0ms.wav,0,20000,87.6,waltz
3d7f228444c8618d4d8f6aec459f13d9f8905087__20000ms,3d7f228444c8618d4d8f6aec459f13d9f8905087,Waltz music William Jansen – Cosas De La Vida,D:\projekty\Hudba\music-editor\src\data\segments\waltz\3d7f228444c8618d4d8f6aec459f13d9f8905087__s20000ms.wav,20000,20000,87.6,waltz
3d7f228444c8618d4d8f6aec459f13d9f8905087__40000ms,3d7f228444c8618d4d8f6aec459f13d9f8905087,Waltz music William Jansen – Cosas De La Vida,D:\projekty\Hudba\music-editor\src\data\segments\waltz\3d7f228444c8618d4d8f6aec459f13d9f8905087__s40000ms.wav,40000,20000,87.6,waltz
3d7f228444c8618d4d8f6aec459f13d9f8905087__60000ms,3d7f228444c8618d4d8f6aec459f13d9f8905087,Waltz music William Jansen – Cosas De La Vida,D:\projekty\Hudba\music-editor\src\data\segments\waltz\3d7f228444c8618d4d8f6aec459f13d9f8905087__s60000ms.wav,60000,20000,87.6,waltz
3d7f228444c8618d4d8f6aec459f13d9f8905087__80000ms,3d7f228444c8618d4d8f6aec459f13d9f8905087,Waltz music William Jansen – Cosas De La Vida,D:\projekty\Hudba\music-editor\src\data\segments\waltz\3d7f228444c8618d4d8f6aec459f13d9f8905087__s80000ms.wav,80000,20000,87.6,waltz
3d7f228444c8618d4d8f6aec459f13d9f8905087__100000ms,3d7f228444c8618d4d8f6aec459f13d9f8905087,Waltz music William Jansen – Cosas De La Vida,D:\projekty\Hudba\music-editor\src\data\segments\waltz\3d7f228444c8618d4d8f6aec459f13d9f8905087__s100000ms.wav,100000,20000,87.6,waltz
3d7f228444c8618d4d8f6aec459f13d9f8905087__120000ms,3d7f228444c8618d4d8f6aec459f13d9f8905087,Waltz music William Jansen – Cosas De La Vida,D:\projekty\Hudba\music-editor\src\data\segments\waltz\3d7f228444c8618d4d8f6aec459f13d9f8905087__s120000ms.wav,120000,20000,87.6,waltz
3d7f228444c8618d4d8f6aec459f13d9f8905087__140000ms,3d7f228444c8618d4d8f6aec459f13d9f8905087,Waltz music William Jansen – Cosas De La Vida,D:\projekty\Hudba\music-editor\src\data\segments\waltz\3d7f228444c8618d4d8f6aec459f13d9f8905087__s140000ms.wav,140000,20000,87.6,waltz
3d7f228444c8618d4d8f6aec459f13d9f8905087__160000ms,3d7f228444c8618d4d8f6aec459f13d9f8905087,Waltz music William Jansen – Cosas De La Vida,D:\projekty\Hudba\music-editor\src\data\segments\waltz\3d7f228444c8618d4d8f6aec459f13d9f8905087__s160000ms.wav,160000,20000,87.6,waltz
3d7f228444c8618d4d8f6aec459f13d9f8905087__180000ms,3d7f228444c8618d4d8f6aec459f13d9f8905087,Waltz music William Jansen – Cosas De La Vida,D:\projekty\Hudba\music-editor\src\data\segments\waltz\3d7f228444c8618d4d8f6aec459f13d9f8905087__s180000ms.wav,180000,20000,87.6,waltz
3d7f228444c8618d4d8f6aec459f13d9f8905087__200000ms,3d7f228444c8618d4d8f6aec459f13d9f8905087,Waltz music William Jansen – Cosas De La Vida,D:\projekty\Hudba\music-editor\src\data\segments\waltz\3d7f228444c8618d4d8f6aec459f13d9f8905087__s200000ms.wav,200000,20000,87.6,waltz
3d7f228444c8618d4d8f6aec459f13d9f8905087__220000ms,3d7f228444c8618d4d8f6aec459f13d9f8905087,Waltz music William Jansen – Cosas De La Vida,D:\projekty\Hudba\music-editor\src\data\segments\waltz\3d7f228444c8618d4d8f6aec459f13d9f8905087__s220000ms.wav,220000,20000,87.6,waltz
3d7f228444c8618d4d8f6aec459f13d9f8905087__240000ms,3d7f228444c8618d4d8f6aec459f13d9f8905087,Waltz music William Jansen – Cosas De La Vida,D:\projekty\Hudba\music-editor\src\data\segments\waltz\3d7f228444c8618d4d8f6aec459f13d9f8905087__s240000ms.wav,240000,8581,87.6,waltz
ab46512431b739bda16128f4687b7ac129a5f5eb__0ms,ab46512431b739bda16128f4687b7ac129a5f5eb,WALTZ On Alti Kasim (Waltz),D:\projekty\Hudba\music-editor\src\data\segments\waltz\ab46512431b739bda16128f4687b7ac129a5f5eb__s0ms.wav,0,20000,87.6,waltz
ab46512431b739bda16128f4687b7ac129a5f5eb__20000ms,ab46512431b739bda16128f4687b7ac129a5f5eb,WALTZ On Alti Kasim (Waltz),D:\projekty\Hudba\music-editor\src\data\segments\waltz\ab46512431b739bda16128f4687b7ac129a5f5eb__s20000ms.wav,20000,20000,87.6,waltz
ab46512431b739bda16128f4687b7ac129a5f5eb__40000ms,ab46512431b739bda16128f4687b7ac129a5f5eb,WALTZ On Alti Kasim (Waltz),D:\projekty\Hudba\music-editor\src\data\segments\waltz\ab46512431b739bda16128f4687b7ac129a5f5eb__s40000ms.wav,40000,20000,87.6,waltz
ab46512431b739bda16128f4687b7ac129a5f5eb__60000ms,ab46512431b739bda16128f4687b7ac129a5f5eb,WALTZ On Alti Kasim (Waltz),D:\projekty\Hudba\music-editor\src\data\segments\waltz\ab46512431b739bda16128f4687b7ac129a5f5eb__s60000ms.wav,60000,20000,87.6,waltz
ab46512431b739bda16128f4687b7ac129a5f5eb__80000ms,ab46512431b739bda16128f4687b7ac129a5f5eb,WALTZ On Alti Kasim (Waltz),D:\projekty\Hudba\music-editor\src\data\segments\waltz\ab46512431b739bda16128f4687b7ac129a5f5eb__s80000ms.wav,80000,20000,87.6,waltz
ab46512431b739bda16128f4687b7ac129a5f5eb__100000ms,ab46512431b739bda16128f4687b7ac129a5f5eb,WALTZ On Alti Kasim (Waltz),D:\projekty\Hudba\music-editor\src\data\segments\waltz\ab46512431b739bda16128f4687b7ac129a5f5eb__s100000ms.wav,100000,20000,87.6,waltz
ab46512431b739bda16128f4687b7ac129a5f5eb__120000ms,ab46512431b739bda16128f4687b7ac129a5f5eb,WALTZ On Alti Kasim (Waltz),D:\projekty\Hudba\music-editor\src\data\segments\waltz\ab46512431b739bda16128f4687b7ac129a5f5eb__s120000ms.wav,120000,20000,87.6,waltz
ab46512431b739bda16128f4687b7ac129a5f5eb__140000ms,ab46512431b739bda16128f4687b7ac129a5f5eb,WALTZ On Alti Kasim (Waltz),D:\projekty\Hudba\music-editor\src\data\segments\waltz\ab46512431b739bda16128f4687b7ac129a5f5eb__s140000ms.wav,140000,20000,87.6,waltz
ab46512431b739bda16128f4687b7ac129a5f5eb__160000ms,ab46512431b739bda16128f4687b7ac129a5f5eb,WALTZ On Alti Kasim (Waltz),D:\projekty\Hudba\music-editor\src\data\segments\waltz\ab46512431b739bda16128f4687b7ac129a5f5eb__s160000ms.wav,160000,17580,87.6,waltz
000f42e354dbcbdae15a15634a7d94319e496888__0ms,000f42e354dbcbdae15a15634a7d94319e496888,WALTZ Slow  Waltz   Naked   Klaus Hallen Tanzorcheste,D:\projekty\Hudba\music-editor\src\data\segments\waltz\000f42e354dbcbdae15a15634a7d94319e496888__s0ms.wav,0,20000,84.7,waltz
000f42e354dbcbdae15a15634a7d94319e496888__20000ms,000f42e354dbcbdae15a15634a7d94319e496888,WALTZ Slow  Waltz   Naked   Klaus Hallen Tanzorcheste,D:\projekty\Hudba\music-editor\src\data\segments\waltz\000f42e354dbcbdae15a15634a7d94319e496888__s20000ms.wav,20000,20000,84.7,waltz
000f42e354dbcbdae15a15634a7d94319e496888__40000ms,000f42e354dbcbdae15a15634a7d94319e496888,WALTZ Slow  Waltz   Naked   Klaus Hallen Tanzorcheste,D:\projekty\Hudba\music-editor\src\data\segments\waltz\000f42e354dbcbdae15a15634a7d94319e496888__s40000ms.wav,40000,20000,84.7,waltz
000f42e354dbcbdae15a15634a7d94319e496888__60000ms,000f42e354dbcbdae15a15634a7d94319e496888,WALTZ Slow  Waltz   Naked   Klaus Hallen Tanzorcheste,D:\projekty\Hudba\music-editor\src\data\segments\waltz\000f42e354dbcbdae15a15634a7d94319e496888__s60000ms.wav,60000,20000,84.7,waltz
000f42e354dbcbdae15a15634a7d94319e496888__80000ms,000f42e354dbcbdae15a15634a7d94319e496888,WALTZ Slow  Waltz   Naked   Klaus Hallen Tanzorcheste,D:\projekty\Hudba\music-editor\src\data\segments\waltz\000f42e354dbcbdae15a15634a7d94319e496888__s80000ms.wav,80000,20000,84.7,waltz
000f42e354dbcbdae15a15634a7d94319e496888__100000ms,000f42e354dbcbdae15a15634a7d94319e496888,WALTZ Slow  Waltz   Naked   Klaus Hallen Tanzorcheste,D:\projekty\Hudba\music-editor\src\data\segments\waltz\000f42e354dbcbdae15a15634a7d94319e496888__s100000ms.wav,100000,20000,84.7,waltz
000f42e354dbcbdae15a15634a7d94319e496888__120000ms,000f42e354dbcbdae15a15634a7d94319e496888,WALTZ Slow  Waltz   Naked   Klaus Hallen Tanzorcheste,D:\projekty\Hudba\music-editor\src\data\segments\waltz\000f42e354dbcbdae15a15634a7d94319e496888__s120000ms.wav,120000,20000,84.7,waltz
000f42e354dbcbdae15a15634a7d94319e496888__140000ms,000f42e354dbcbdae15a15634a7d94319e496888,WALTZ Slow  Waltz   Naked   Klaus Hallen Tanzorcheste,D:\projekty\Hudba\music-editor\src\data\segments\waltz\000f42e354dbcbdae15a15634a7d94319e496888__s140000ms.wav,140000,20000,84.7,waltz
000f42e354dbcbdae15a15634a7d94319e496888__160000ms,000f42e354dbcbdae15a15634a7d94319e496888,WALTZ Slow  Waltz   Naked   Klaus Hallen Tanzorcheste,D:\projekty\Hudba\music-editor\src\data\segments\waltz\000f42e354dbcbdae15a15634a7d94319e496888__s160000ms.wav,160000,20000,84.7,waltz
000f42e354dbcbdae15a15634a7d94319e496888__180000ms,000f42e354dbcbdae15a15634a7d94319e496888,WALTZ Slow  Waltz   Naked   Klaus Hallen Tanzorcheste,D:\projekty\Hudba\music-editor\src\data\segments\waltz\000f42e354dbcbdae15a15634a7d94319e496888__s180000ms.wav,180000,20000,84.7,waltz
000f42e354dbcbdae15a15634a7d94319e496888__200000ms,000f42e354dbcbdae15a15634a7d94319e496888,WALTZ Slow  Waltz   Naked   Klaus Hallen Tanzorcheste,D:\projekty\Hudba\music-editor\src\data\segments\waltz\000f42e354dbcbdae15a15634a7d94319e496888__s200000ms.wav,200000,11775,84.7,waltz
fa169127927a9964f2f9e8c60a8ee68986dd6884__0ms,fa169127927a9964f2f9e8c60a8ee68986dd6884,WALTZ Slow Waltz   Cleopatr,D:\projekty\Hudba\music-editor\src\data\segments\waltz\fa169127927a9964f2f9e8c60a8ee68986dd6884__s0ms.wav,0,20000,89.1,waltz
fa169127927a9964f2f9e8c60a8ee68986dd6884__20000ms,fa169127927a9964f2f9e8c60a8ee68986dd6884,WALTZ Slow Waltz   Cleopatr,D:\projekty\Hudba\music-editor\src\data\segments\waltz\fa169127927a9964f2f9e8c60a8ee68986dd6884__s20000ms.wav,20000,20000,89.1,waltz
fa169127927a9964f2f9e8c60a8ee68986dd6884__40000ms,fa169127927a9964f2f9e8c60a8ee68986dd6884,WALTZ Slow Waltz   Cleopatr,D:\projekty\Hudba\music-editor\src\data\segments\waltz\fa169127927a9964f2f9e8c60a8ee68986dd6884__s40000ms.wav,40000,20000,89.1,waltz
fa169127927a9964f2f9e8c60a8ee68986dd6884__60000ms,fa169127927a9964f2f9e8c60a8ee68986dd6884,WALTZ Slow Waltz   Cleopatr,D:\projekty\Hudba\music-editor\src\data\segments\waltz\fa169127927a9964f2f9e8c60a8ee68986dd6884__s60000ms.wav,60000,20000,89.1,waltz
fa169127927a9964f2f9e8c60a8ee68986dd6884__80000ms,fa169127927a9964f2f9e8c60a8ee68986dd6884,WALTZ Slow Waltz   Cleopatr,D:\projekty\Hudba\music-editor\src\data\segments\waltz\fa169127927a9964f2f9e8c60a8ee68986dd6884__s80000ms.wav,80000,20000,89.1,waltz
fa169127927a9964f2f9e8c60a8ee68986dd6884__100000ms,fa169127927a9964f2f9e8c60a8ee68986dd6884,WALTZ Slow Waltz   Cleopatr,D:\projekty\Hudba\music-editor\src\data\segments\waltz\fa169127927a9964f2f9e8c60a8ee68986dd6884__s100000ms.wav,100000,20000,89.1,waltz
fa169127927a9964f2f9e8c60a8ee68986dd6884__120000ms,fa169127927a9964f2f9e8c60a8ee68986dd6884,WALTZ Slow Waltz   Cleopatr,D:\projekty\Hudba\music-editor\src\data\segments\waltz\fa169127927a9964f2f9e8c60a8ee68986dd6884__s120000ms.wav,120000,20000,89.1,waltz
fa169127927a9964f2f9e8c60a8ee68986dd6884__140000ms,fa169127927a9964f2f9e8c60a8ee68986dd6884,WALTZ Slow Waltz   Cleopatr,D:\projekty\Hudba\music-editor\src\data\segments\waltz\fa169127927a9964f2f9e8c60a8ee68986dd6884__s140000ms.wav,140000,20000,89.1,waltz
fa169127927a9964f2f9e8c60a8ee68986dd6884__160000ms,fa169127927a9964f2f9e8c60a8ee68986dd6884,WALTZ Slow Waltz   Cleopatr,D:\projekty\Hudba\music-editor\src\data\segments\waltz\fa169127927a9964f2f9e8c60a8ee68986dd6884__s160000ms.wav,160000,20000,89.1,waltz
fa169127927a9964f2f9e8c60a8ee68986dd6884__180000ms,fa169127927a9964f2f9e8c60a8ee68986dd6884,WALTZ Slow Waltz   Cleopatr,D:\projekty\Hudba\music-editor\src\data\segments\waltz\fa169127927a9964f2f9e8c60a8ee68986dd6884__s180000ms.wav,180000,14377,89.1,waltz
b45af8dfd84ee195d2c72d7e2c690bd50fc9fab2__0ms,b45af8dfd84ee195d2c72d7e2c690bd50fc9fab2,WALTZ SLOW WALTZ   Dj Ice ft Avery   No Time To Die (from 007,D:\projekty\Hudba\music-editor\src\data\segments\waltz\b45af8dfd84ee195d2c72d7e2c690bd50fc9fab2__s0ms.wav,0,20000,84.7,waltz
b45af8dfd84ee195d2c72d7e2c690bd50fc9fab2__20000ms,b45af8dfd84ee195d2c72d7e2c690bd50fc9fab2,WALTZ SLOW WALTZ   Dj Ice ft Avery   No Time To Die (from 007,D:\projekty\Hudba\music-editor\src\data\segments\waltz\b45af8dfd84ee195d2c72d7e2c690bd50fc9fab2__s20000ms.wav,20000,20000,84.7,waltz
b45af8dfd84ee195d2c72d7e2c690bd50fc9fab2__40000ms,b45af8dfd84ee195d2c72d7e2c690bd50fc9fab2,WALTZ SLOW WALTZ   Dj Ice ft Avery   No Time To Die (from 007,D:\projekty\Hudba\music-editor\src\data\segments\waltz\b45af8dfd84ee195d2c72d7e2c690bd50fc9fab2__s40000ms.wav,40000,20000,84.7,waltz
b45af8dfd84ee195d2c72d7e2c690bd50fc9fab2__60000ms,b45af8dfd84ee195d2c72d7e2c690bd50fc9fab2,WALTZ SLOW WALTZ   Dj Ice ft Avery   No Time To Die (from 007,D:\projekty\Hudba\music-editor\src\data\segments\waltz\b45af8dfd84ee195d2c72d7e2c690bd50fc9fab2__s60000ms.wav,60000,20000,84.7,waltz
b45af8dfd84ee195d2c72d7e2c690bd50fc9fab2__80000ms,b45af8dfd84ee195d2c72d7e2c690bd50fc9fab2,WALTZ SLOW WALTZ   Dj Ice ft Avery   No Time To Die (from 007,D:\projekty\Hudba\music-editor\src\data\segments\waltz\b45af8dfd84ee195d2c72d7e2c690bd50fc9fab2__s80000ms.wav,80000,20000,84.7,waltz
b941fa2bd606d5e288297a800b190913fb13358e__0ms,b941fa2bd606d5e288297a800b190913fb13358e,WALTZ Slow Waltz   Himlen I Min Favn   Anne Vad,D:\projekty\Hudba\music-editor\src\data\segments\waltz\b941fa2bd606d5e288297a800b190913fb13358e__s0ms.wav,0,20000,86.1,waltz
b941fa2bd606d5e288297a800b190913fb13358e__20000ms,b941fa2bd606d5e288297a800b190913fb13358e,WALTZ Slow Waltz   Himlen I Min Favn   Anne Vad,D:\projekty\Hudba\music-editor\src\data\segments\waltz\b941fa2bd606d5e288297a800b190913fb13358e__s20000ms.wav,20000,20000,86.1,waltz
b941fa2bd606d5e288297a800b190913fb13358e__40000ms,b941fa2bd606d5e288297a800b190913fb13358e,WALTZ Slow Waltz   Himlen I Min Favn   Anne Vad,D:\projekty\Hudba\music-editor\src\data\segments\waltz\b941fa2bd606d5e288297a800b190913fb13358e__s40000ms.wav,40000,20000,86.1,waltz
b941fa2bd606d5e288297a800b190913fb13358e__60000ms,b941fa2bd606d5e288297a800b190913fb13358e,WALTZ Slow Waltz   Himlen I Min Favn   Anne Vad,D:\projekty\Hudba\music-editor\src\data\segments\waltz\b941fa2bd606d5e288297a800b190913fb13358e__s60000ms.wav,60000,20000,86.1,waltz
b941fa2bd606d5e288297a800b190913fb13358e__80000ms,b941fa2bd606d5e288297a800b190913fb13358e,WALTZ Slow Waltz   Himlen I Min Favn   Anne Vad,D:\projekty\Hudba\music-editor\src\data\segments\waltz\b941fa2bd606d5e288297a800b190913fb13358e__s80000ms.wav,80000,20000,86.1,waltz
b941fa2bd606d5e288297a800b190913fb13358e__100000ms,b941fa2bd606d5e288297a800b190913fb13358e,WALTZ Slow Waltz   Himlen I Min Favn   Anne Vad,D:\projekty\Hudba\music-editor\src\data\segments\waltz\b941fa2bd606d5e288297a800b190913fb13358e__s100000ms.wav,100000,20000,86.1,waltz
b941fa2bd606d5e288297a800b190913fb13358e__120000ms,b941fa2bd606d5e288297a800b190913fb13358e,WALTZ Slow Waltz   Himlen I Min Favn   Anne Vad,D:\projekty\Hudba\music-editor\src\data\segments\waltz\b941fa2bd606d5e288297a800b190913fb13358e__s120000ms.wav,120000,20000,86.1,waltz
b941fa2bd606d5e288297a800b190913fb13358e__140000ms,b941fa2bd606d5e288297a800b190913fb13358e,WALTZ Slow Waltz   Himlen I Min Favn   Anne Vad,D:\projekty\Hudba\music-editor\src\data\segments\waltz\b941fa2bd606d5e288297a800b190913fb13358e__s140000ms.wav,140000,20000,86.1,waltz
b941fa2bd606d5e288297a800b190913fb13358e__160000ms,b941fa2bd606d5e288297a800b190913fb13358e,WALTZ Slow Waltz   Himlen I Min Favn   Anne Vad,D:\projekty\Hudba\music-editor\src\data\segments\waltz\b941fa2bd606d5e288297a800b190913fb13358e__s160000ms.wav,160000,20000,86.1,waltz
b941fa2bd606d5e288297a800b190913fb13358e__180000ms,b941fa2bd606d5e288297a800b190913fb13358e,WALTZ Slow Waltz   Himlen I Min Favn   Anne Vad,D:\projekty\Hudba\music-editor\src\data\segments\waltz\b941fa2bd606d5e288297a800b190913fb13358e__s180000ms.wav,180000,20000,86.1,waltz
b941fa2bd606d5e288297a800b190913fb13358e__200000ms,b941fa2bd606d5e288297a800b190913fb13358e,WALTZ Slow Waltz   Himlen I Min Favn   Anne Vad,D:\projekty\Hudba\music-editor\src\data\segments\waltz\b941fa2bd606d5e288297a800b190913fb13358e__s200000ms.wav,200000,20000,86.1,waltz
b941fa2bd606d5e288297a800b190913fb13358e__220000ms,b941fa2bd606d5e288297a800b190913fb13358e,WALTZ Slow Waltz   Himlen I Min Favn   Anne Vad,D:\projekty\Hudba\music-editor\src\data\segments\waltz\b941fa2bd606d5e288297a800b190913fb13358e__s220000ms.wav,220000,20000,86.1,waltz
b941fa2bd606d5e288297a800b190913fb13358e__240000ms,b941fa2bd606d5e288297a800b190913fb13358e,WALTZ Slow Waltz   Himlen I Min Favn   Anne Vad,D:\projekty\Hudba\music-editor\src\data\segments\waltz\b941fa2bd606d5e288297a800b190913fb13358e__s240000ms.wav,240000,15242,86.1,waltz
bb8a04b3678cb8b65e6a67106e20752bd000921e__0ms,bb8a04b3678cb8b65e6a67106e20752bd000921e,"WALTZ Slow Waltz   Un Peu Plus Haut, upravená Un Peu Plus Loin   Laudin",D:\projekty\Hudba\music-editor\src\data\segments\waltz\bb8a04b3678cb8b65e6a67106e20752bd000921e__s0ms.wav,0,20000,87.6,waltz
bb8a04b3678cb8b65e6a67106e20752bd000921e__20000ms,bb8a04b3678cb8b65e6a67106e20752bd000921e,"WALTZ Slow Waltz   Un Peu Plus Haut, upravená Un Peu Plus Loin   Laudin",D:\projekty\Hudba\music-editor\src\data\segments\waltz\bb8a04b3678cb8b65e6a67106e20752bd000921e__s20000ms.wav,20000,20000,87.6,waltz
bb8a04b3678cb8b65e6a67106e20752bd000921e__40000ms,bb8a04b3678cb8b65e6a67106e20752bd000921e,"WALTZ Slow Waltz   Un Peu Plus Haut, upravená Un Peu Plus Loin   Laudin",D:\projekty\Hudba\music-editor\src\data\segments\waltz\bb8a04b3678cb8b65e6a67106e20752bd000921e__s40000ms.wav,40000,20000,87.6,waltz
bb8a04b3678cb8b65e6a67106e20752bd000921e__60000ms,bb8a04b3678cb8b65e6a67106e20752bd000921e,"WALTZ Slow Waltz   Un Peu Plus Haut, upravená Un Peu Plus Loin   Laudin",D:\projekty\Hudba\music-editor\src\data\segments\waltz\bb8a04b3678cb8b65e6a67106e20752bd000921e__s60000ms.wav,60000,20000,87.6,waltz
bb8a04b3678cb8b65e6a67106e20752bd000921e__80000ms,bb8a04b3678cb8b65e6a67106e20752bd000921e,"WALTZ Slow Waltz   Un Peu Plus Haut, upravená Un Peu Plus Loin   Laudin",D:\projekty\Hudba\music-editor\src\data\segments\waltz\bb8a04b3678cb8b65e6a67106e20752bd000921e__s80000ms.wav,80000,20000,87.6,waltz
bb8a04b3678cb8b65e6a67106e20752bd000921e__100000ms,bb8a04b3678cb8b65e6a67106e20752bd000921e,"WALTZ Slow Waltz   Un Peu Plus Haut, upravená Un Peu Plus Loin   Laudin",D:\projekty\Hudba\music-editor\src\data\segments\waltz\bb8a04b3678cb8b65e6a67106e20752bd000921e__s100000ms.wav,100000,20000,87.6,waltz
a405b0c742a6f0f7d12b6cf327a49c3788db18c4__0ms,a405b0c742a6f0f7d12b6cf327a49c3788db18c4,WALTZ SLOW WALTZ Music   Now When The Rain Fall,D:\projekty\Hudba\music-editor\src\data\segments\waltz\a405b0c742a6f0f7d12b6cf327a49c3788db18c4__s0ms.wav,0,20000,87.6,waltz
a405b0c742a6f0f7d12b6cf327a49c3788db18c4__20000ms,a405b0c742a6f0f7d12b6cf327a49c3788db18c4,WALTZ SLOW WALTZ Music   Now When The Rain Fall,D:\projekty\Hudba\music-editor\src\data\segments\waltz\a405b0c742a6f0f7d12b6cf327a49c3788db18c4__s20000ms.wav,20000,20000,87.6,waltz
a405b0c742a6f0f7d12b6cf327a49c3788db18c4__40000ms,a405b0c742a6f0f7d12b6cf327a49c3788db18c4,WALTZ SLOW WALTZ Music   Now When The Rain Fall,D:\projekty\Hudba\music-editor\src\data\segments\waltz\a405b0c742a6f0f7d12b6cf327a49c3788db18c4__s40000ms.wav,40000,20000,87.6,waltz
a405b0c742a6f0f7d12b6cf327a49c3788db18c4__60000ms,a405b0c742a6f0f7d12b6cf327a49c3788db18c4,WALTZ SLOW WALTZ Music   Now When The Rain Fall,D:\projekty\Hudba\music-editor\src\data\segments\waltz\a405b0c742a6f0f7d12b6cf327a49c3788db18c4__s60000ms.wav,60000,20000,87.6,waltz
a405b0c742a6f0f7d12b6cf327a49c3788db18c4__80000ms,a405b0c742a6f0f7d12b6cf327a49c3788db18c4,WALTZ SLOW WALTZ Music   Now When The Rain Fall,D:\projekty\Hudba\music-editor\src\data\segments\waltz\a405b0c742a6f0f7d12b6cf327a49c3788db18c4__s80000ms.wav,80000,20000,87.6,waltz
a405b0c742a6f0f7d12b6cf327a49c3788db18c4__100000ms,a405b0c742a6f0f7d12b6cf327a49c3788db18c4,WALTZ SLOW WALTZ Music   Now When The Rain Fall,D:\projekty\Hudba\music-editor\src\data\segments\waltz\a405b0c742a6f0f7d12b6cf327a49c3788db18c4__s100000ms.wav,100000,20000,87.6,waltz
a405b0c742a6f0f7d12b6cf327a49c3788db18c4__120000ms,a405b0c742a6f0f7d12b6cf327a49c3788db18c4,WALTZ SLOW WALTZ Music   Now When The Rain Fall,D:\projekty\Hudba\music-editor\src\data\segments\waltz\a405b0c742a6f0f7d12b6cf327a49c3788db18c4__s120000ms.wav,120000,20000,87.6,waltz
a405b0c742a6f0f7d12b6cf327a49c3788db18c4__140000ms,a405b0c742a6f0f7d12b6cf327a49c3788db18c4,WALTZ SLOW WALTZ Music   Now When The Rain Fall,D:\projekty\Hudba\music-editor\src\data\segments\waltz\a405b0c742a6f0f7d12b6cf327a49c3788db18c4__s140000ms.wav,140000,20000,87.6,waltz
a405b0c742a6f0f7d12b6cf327a49c3788db18c4__160000ms,a405b0c742a6f0f7d12b6cf327a49c3788db18c4,WALTZ SLOW WALTZ Music   Now When The Rain Fall,D:\projekty\Hudba\music-editor\src\data\segments\waltz\a405b0c742a6f0f7d12b6cf327a49c3788db18c4__s160000ms.wav,160000,14733,87.6,waltz
0cebb8127c55adb59776053868f1b229ece16b09__0ms,0cebb8127c55adb59776053868f1b229ece16b09,WALTZ The First Noel   Walt,D:\projekty\Hudba\music-editor\src\data\segments\waltz\0cebb8127c55adb59776053868f1b229ece16b09__s0ms.wav,0,20000,86.1,waltz
0cebb8127c55adb59776053868f1b229ece16b09__20000ms,0cebb8127c55adb59776053868f1b229ece16b09,WALTZ The First Noel   Walt,D:\projekty\Hudba\music-editor\src\data\segments\waltz\0cebb8127c55adb59776053868f1b229ece16b09__s20000ms.wav,20000,20000,86.1,waltz
0cebb8127c55adb59776053868f1b229ece16b09__40000ms,0cebb8127c55adb59776053868f1b229ece16b09,WALTZ The First Noel   Walt,D:\projekty\Hudba\music-editor\src\data\segments\waltz\0cebb8127c55adb59776053868f1b229ece16b09__s40000ms.wav,40000,20000,86.1,waltz
0cebb8127c55adb59776053868f1b229ece16b09__60000ms,0cebb8127c55adb59776053868f1b229ece16b09,WALTZ The First Noel   Walt,D:\projekty\Hudba\music-editor\src\data\segments\waltz\0cebb8127c55adb59776053868f1b229ece16b09__s60000ms.wav,60000,20000,86.1,waltz
0cebb8127c55adb59776053868f1b229ece16b09__80000ms,0cebb8127c55adb59776053868f1b229ece16b09,WALTZ The First Noel   Walt,D:\projekty\Hudba\music-editor\src\data\segments\waltz\0cebb8127c55adb59776053868f1b229ece16b09__s80000ms.wav,80000,20000,86.1,waltz
0cebb8127c55adb59776053868f1b229ece16b09__100000ms,0cebb8127c55adb59776053868f1b229ece16b09,WALTZ The First Noel   Walt,D:\projekty\Hudba\music-editor\src\data\segments\waltz\0cebb8127c55adb59776053868f1b229ece16b09__s100000ms.wav,100000,20000,86.1,waltz
0cebb8127c55adb59776053868f1b229ece16b09__120000ms,0cebb8127c55adb59776053868f1b229ece16b09,WALTZ The First Noel   Walt,D:\projekty\Hudba\music-editor\src\data\segments\waltz\0cebb8127c55adb59776053868f1b229ece16b09__s120000ms.wav,120000,20000,86.1,waltz
0cebb8127c55adb59776053868f1b229ece16b09__140000ms,0cebb8127c55adb59776053868f1b229ece16b09,WALTZ The First Noel   Walt,D:\projekty\Hudba\music-editor\src\data\segments\waltz\0cebb8127c55adb59776053868f1b229ece16b09__s140000ms.wav,140000,20000,86.1,waltz
0cebb8127c55adb59776053868f1b229ece16b09__160000ms,0cebb8127c55adb59776053868f1b229ece16b09,WALTZ The First Noel   Walt,D:\projekty\Hudba\music-editor\src\data\segments\waltz\0cebb8127c55adb59776053868f1b229ece16b09__s160000ms.wav,160000,14341,86.1,waltz
696769b2e7cf20c4b043760b0e7b3924f5b31514__0ms,696769b2e7cf20c4b043760b0e7b3924f5b31514,WALTZ Valzer lento   Silent Nigh,D:\projekty\Hudba\music-editor\src\data\segments\waltz\696769b2e7cf20c4b043760b0e7b3924f5b31514__s0ms.wav,0,20000,86.1,waltz
696769b2e7cf20c4b043760b0e7b3924f5b31514__20000ms,696769b2e7cf20c4b043760b0e7b3924f5b31514,WALTZ Valzer lento   Silent Nigh,D:\projekty\Hudba\music-editor\src\data\segments\waltz\696769b2e7cf20c4b043760b0e7b3924f5b31514__s20000ms.wav,20000,20000,86.1,waltz
696769b2e7cf20c4b043760b0e7b3924f5b31514__40000ms,696769b2e7cf20c4b043760b0e7b3924f5b31514,WALTZ Valzer lento   Silent Nigh,D:\projekty\Hudba\music-editor\src\data\segments\waltz\696769b2e7cf20c4b043760b0e7b3924f5b31514__s40000ms.wav,40000,20000,86.1,waltz
696769b2e7cf20c4b043760b0e7b3924f5b31514__60000ms,696769b2e7cf20c4b043760b0e7b3924f5b31514,WALTZ Valzer lento   Silent Nigh,D:\projekty\Hudba\music-editor\src\data\segments\waltz\696769b2e7cf20c4b043760b0e7b3924f5b31514__s60000ms.wav,60000,20000,86.1,waltz
696769b2e7cf20c4b043760b0e7b3924f5b31514__80000ms,696769b2e7cf20c4b043760b0e7b3924f5b31514,WALTZ Valzer lento   Silent Nigh,D:\projekty\Hudba\music-editor\src\data\segments\waltz\696769b2e7cf20c4b043760b0e7b3924f5b31514__s80000ms.wav,80000,20000,86.1,waltz
696769b2e7cf20c4b043760b0e7b3924f5b31514__100000ms,696769b2e7cf20c4b043760b0e7b3924f5b31514,WALTZ Valzer lento   Silent Nigh,D:\projekty\Hudba\music-editor\src\data\segments\waltz\696769b2e7cf20c4b043760b0e7b3924f5b31514__s100000ms.wav,100000,20000,86.1,waltz
696769b2e7cf20c4b043760b0e7b3924f5b31514__120000ms,696769b2e7cf20c4b043760b0e7b3924f5b31514,WALTZ Valzer lento   Silent Nigh,D:\projekty\Hudba\music-editor\src\data\segments\waltz\696769b2e7cf20c4b043760b0e7b3924f5b31514__s120000ms.wav,120000,20000,86.1,waltz
696769b2e7cf20c4b043760b0e7b3924f5b31514__140000ms,696769b2e7cf20c4b043760b0e7b3924f5b31514,WALTZ Valzer lento   Silent Nigh,D:\projekty\Hudba\music-editor\src\data\segments\waltz\696769b2e7cf20c4b043760b0e7b3924f5b31514__s140000ms.wav,140000,20000,86.1,waltz
696769b2e7cf20c4b043760b0e7b3924f5b31514__160000ms,696769b2e7cf20c4b043760b0e7b3924f5b31514,WALTZ Valzer lento   Silent Nigh,D:\projekty\Hudba\music-editor\src\data\segments\waltz\696769b2e7cf20c4b043760b0e7b3924f5b31514__s160000ms.wav,160000,20000,86.1,waltz
696769b2e7cf20c4b043760b0e7b3924f5b31514__180000ms,696769b2e7cf20c4b043760b0e7b3924f5b31514,WALTZ Valzer lento   Silent Nigh,D:\projekty\Hudba\music-editor\src\data\segments\waltz\696769b2e7cf20c4b043760b0e7b3924f5b31514__s180000ms.wav,180000,20000,86.1,waltz
696769b2e7cf20c4b043760b0e7b3924f5b31514__200000ms,696769b2e7cf20c4b043760b0e7b3924f5b31514,WALTZ Valzer lento   Silent Nigh,D:\projekty\Hudba\music-editor\src\data\segments\waltz\696769b2e7cf20c4b043760b0e7b3924f5b31514__s200000ms.wav,200000,20000,86.1,waltz
e709e8a1c89b365940d23b9fdadf6a0626a605d8__0ms,e709e8a1c89b365940d23b9fdadf6a0626a605d8,WALTZ vánoční orchestrální skladba Miloslav R  Procházk,D:\projekty\Hudba\music-editor\src\data\segments\waltz\e709e8a1c89b365940d23b9fdadf6a0626a605d8__s0ms.wav,0,20000,95.7,waltz
e709e8a1c89b365940d23b9fdadf6a0626a605d8__20000ms,e709e8a1c89b365940d23b9fdadf6a0626a605d8,WALTZ vánoční orchestrální skladba Miloslav R  Procházk,D:\projekty\Hudba\music-editor\src\data\segments\waltz\e709e8a1c89b365940d23b9fdadf6a0626a605d8__s20000ms.wav,20000,20000,95.7,waltz
e709e8a1c89b365940d23b9fdadf6a0626a605d8__40000ms,e709e8a1c89b365940d23b9fdadf6a0626a605d8,WALTZ vánoční orchestrální skladba Miloslav R  Procházk,D:\projekty\Hudba\music-editor\src\data\segments\waltz\e709e8a1c89b365940d23b9fdadf6a0626a605d8__s40000ms.wav,40000,20000,95.7,waltz
e709e8a1c89b365940d23b9fdadf6a0626a605d8__60000ms,e709e8a1c89b365940d23b9fdadf6a0626a605d8,WALTZ vánoční orchestrální skladba Miloslav R  Procházk,D:\projekty\Hudba\music-editor\src\data\segments\waltz\e709e8a1c89b365940d23b9fdadf6a0626a605d8__s60000ms.wav,60000,20000,95.7,waltz
e709e8a1c89b365940d23b9fdadf6a0626a605d8__80000ms,e709e8a1c89b365940d23b9fdadf6a0626a605d8,WALTZ vánoční orchestrální skladba Miloslav R  Procházk,D:\projekty\Hudba\music-editor\src\data\segments\waltz\e709e8a1c89b365940d23b9fdadf6a0626a605d8__s80000ms.wav,80000,20000,95.7,waltz
e709e8a1c89b365940d23b9fdadf6a0626a605d8__100000ms,e709e8a1c89b365940d23b9fdadf6a0626a605d8,WALTZ vánoční orchestrální skladba Miloslav R  Procházk,D:\projekty\Hudba\music-editor\src\data\segments\waltz\e709e8a1c89b365940d23b9fdadf6a0626a605d8__s100000ms.wav,100000,20000,95.7,waltz
e709e8a1c89b365940d23b9fdadf6a0626a605d8__120000ms,e709e8a1c89b365940d23b9fdadf6a0626a605d8,WALTZ vánoční orchestrální skladba Miloslav R  Procházk,D:\projekty\Hudba\music-editor\src\data\segments\waltz\e709e8a1c89b365940d23b9fdadf6a0626a605d8__s120000ms.wav,120000,20000,95.7,waltz
e709e8a1c89b365940d23b9fdadf6a0626a605d8__140000ms,e709e8a1c89b365940d23b9fdadf6a0626a605d8,WALTZ vánoční orchestrální skladba Miloslav R  Procházk,D:\projekty\Hudba\music-editor\src\data\segments\waltz\e709e8a1c89b365940d23b9fdadf6a0626a605d8__s140000ms.wav,140000,20000,95.7,waltz
e709e8a1c89b365940d23b9fdadf6a0626a605d8__160000ms,e709e8a1c89b365940d23b9fdadf6a0626a605d8,WALTZ vánoční orchestrální skladba Miloslav R  Procházk,D:\projekty\Hudba\music-editor\src\data\segments\waltz\e709e8a1c89b365940d23b9fdadf6a0626a605d8__s160000ms.wav,160000,20000,95.7,waltz
e709e8a1c89b365940d23b9fdadf6a0626a605d8__180000ms,e709e8a1c89b365940d23b9fdadf6a0626a605d8,WALTZ vánoční orchestrální skladba Miloslav R  Procházk,D:\projekty\Hudba\music-editor\src\data\segments\waltz\e709e8a1c89b365940d23b9fdadf6a0626a605d8__s180000ms.wav,180000,8526,95.7,waltz
4db1912bef8305659742099397eaf41ca701942f__0ms,4db1912bef8305659742099397eaf41ca701942f,WALTZ When I Need You (Slow Waltz,D:\projekty\Hudba\music-editor\src\data\segments\waltz\4db1912bef8305659742099397eaf41ca701942f__s0ms.wav,0,20000,87.6,waltz
4db1912bef8305659742099397eaf41ca701942f__20000ms,4db1912bef8305659742099397eaf41ca701942f,WALTZ When I Need You (Slow Waltz,D:\projekty\Hudba\music-editor\src\data\segments\waltz\4db1912bef8305659742099397eaf41ca701942f__s20000ms.wav,20000,20000,87.6,waltz
4db1912bef8305659742099397eaf41ca701942f__40000ms,4db1912bef8305659742099397eaf41ca701942f,WALTZ When I Need You (Slow Waltz,D:\projekty\Hudba\music-editor\src\data\segments\waltz\4db1912bef8305659742099397eaf41ca701942f__s40000ms.wav,40000,20000,87.6,waltz
4db1912bef8305659742099397eaf41ca701942f__60000ms,4db1912bef8305659742099397eaf41ca701942f,WALTZ When I Need You (Slow Waltz,D:\projekty\Hudba\music-editor\src\data\segments\waltz\4db1912bef8305659742099397eaf41ca701942f__s60000ms.wav,60000,20000,87.6,waltz
4db1912bef8305659742099397eaf41ca701942f__80000ms,4db1912bef8305659742099397eaf41ca701942f,WALTZ When I Need You (Slow Waltz,D:\projekty\Hudba\music-editor\src\data\segments\waltz\4db1912bef8305659742099397eaf41ca701942f__s80000ms.wav,80000,20000,87.6,waltz
4db1912bef8305659742099397eaf41ca701942f__100000ms,4db1912bef8305659742099397eaf41ca701942f,WALTZ When I Need You (Slow Waltz,D:\projekty\Hudba\music-editor\src\data\segments\waltz\4db1912bef8305659742099397eaf41ca701942f__s100000ms.wav,100000,20000,87.6,waltz
4db1912bef8305659742099397eaf41ca701942f__120000ms,4db1912bef8305659742099397eaf41ca701942f,WALTZ When I Need You (Slow Waltz,D:\projekty\Hudba\music-editor\src\data\segments\waltz\4db1912bef8305659742099397eaf41ca701942f__s120000ms.wav,120000,20000,87.6,waltz
4db1912bef8305659742099397eaf41ca701942f__140000ms,4db1912bef8305659742099397eaf41ca701942f,WALTZ When I Need You (Slow Waltz,D:\projekty\Hudba\music-editor\src\data\segments\waltz\4db1912bef8305659742099397eaf41ca701942f__s140000ms.wav,140000,20000,87.6,waltz
4db1912bef8305659742099397eaf41ca701942f__160000ms,4db1912bef8305659742099397eaf41ca701942f,WALTZ When I Need You (Slow Waltz,D:\projekty\Hudba\music-editor\src\data\segments\waltz\4db1912bef8305659742099397eaf41ca701942f__s160000ms.wav,160000,20000,87.6,waltz
4db1912bef8305659742099397eaf41ca701942f__180000ms,4db1912bef8305659742099397eaf41ca701942f,WALTZ When I Need You (Slow Waltz,D:\projekty\Hudba\music-editor\src\data\segments\waltz\4db1912bef8305659742099397eaf41ca701942f__s180000ms.wav,180000,17251,87.6,waltz
13d7b9fe78507c5710340d3261c91ac3769f882b__0ms,13d7b9fe78507c5710340d3261c91ac3769f882b,WALTZ Your Song (Langs Walzer  29 BPM),D:\projekty\Hudba\music-editor\src\data\segments\waltz\13d7b9fe78507c5710340d3261c91ac3769f882b__s0ms.wav,0,20000,87.6,waltz
13d7b9fe78507c5710340d3261c91ac3769f882b__20000ms,13d7b9fe78507c5710340d3261c91ac3769f882b,WALTZ Your Song (Langs Walzer  29 BPM),D:\projekty\Hudba\music-editor\src\data\segments\waltz\13d7b9fe78507c5710340d3261c91ac3769f882b__s20000ms.wav,20000,20000,87.6,waltz
13d7b9fe78507c5710340d3261c91ac3769f882b__40000ms,13d7b9fe78507c5710340d3261c91ac3769f882b,WALTZ Your Song (Langs Walzer  29 BPM),D:\projekty\Hudba\music-editor\src\data\segments\waltz\13d7b9fe78507c5710340d3261c91ac3769f882b__s40000ms.wav,40000,20000,87.6,waltz
13d7b9fe78507c5710340d3261c91ac3769f882b__60000ms,13d7b9fe78507c5710340d3261c91ac3769f882b,WALTZ Your Song (Langs Walzer  29 BPM),D:\projekty\Hudba\music-editor\src\data\segments\waltz\13d7b9fe78507c5710340d3261c91ac3769f882b__s60000ms.wav,60000,20000,87.6,waltz
13d7b9fe78507c5710340d3261c91ac3769f882b__80000ms,13d7b9fe78507c5710340d3261c91ac3769f882b,WALTZ Your Song (Langs Walzer  29 BPM),D:\projekty\Hudba\music-editor\src\data\segments\waltz\13d7b9fe78507c5710340d3261c91ac3769f882b__s80000ms.wav,80000,20000,87.6,waltz
13d7b9fe78507c5710340d3261c91ac3769f882b__100000ms,13d7b9fe78507c5710340d3261c91ac3769f882b,WALTZ Your Song (Langs Walzer  29 BPM),D:\projekty\Hudba\music-editor\src\data\segments\waltz\13d7b9fe78507c5710340d3261c91ac3769f882b__s100000ms.wav,100000,20000,87.6,waltz
13d7b9fe78507c5710340d3261c91ac3769f882b__120000ms,13d7b9fe78507c5710340d3261c91ac3769f882b,WALTZ Your Song (Langs Walzer  29 BPM),D:\projekty\Hudba\music-editor\src\data\segments\waltz\13d7b9fe78507c5710340d3261c91ac3769f882b__s120000ms.wav,120000,20000,87.6,waltz
13d7b9fe78507c5710340d3261c91ac3769f882b__140000ms,13d7b9fe78507c5710340d3261c91ac3769f882b,WALTZ Your Song (Langs Walzer  29 BPM),D:\projekty\Hudba\music-editor\src\data\segments\waltz\13d7b9fe78507c5710340d3261c91ac3769f882b__s140000ms.wav,140000,20000,87.6,waltz
13d7b9fe78507c5710340d3261c91ac3769f882b__160000ms,13d7b9fe78507c5710340d3261c91ac3769f882b,WALTZ Your Song (Langs Walzer  29 BPM),D:\projekty\Hudba\music-editor\src\data\segments\waltz\13d7b9fe78507c5710340d3261c91ac3769f882b__s160000ms.wav,160000,20000,87.6,waltz
13d7b9fe78507c5710340d3261c91ac3769f882b__180000ms,13d7b9fe78507c5710340d3261c91ac3769f882b,WALTZ Your Song (Langs Walzer  29 BPM),D:\projekty\Hudba\music-editor\src\data\segments\waltz\13d7b9fe78507c5710340d3261c91ac3769f882b__s180000ms.wav,180000,20000,87.6,waltz
13d7b9fe78507c5710340d3261c91ac3769f882b__200000ms,13d7b9fe78507c5710340d3261c91ac3769f882b,WALTZ Your Song (Langs Walzer  29 BPM),D:\projekty\Hudba\music-editor\src\data\segments\waltz\13d7b9fe78507c5710340d3261c91ac3769f882b__s200000ms.wav,200000,20000,87.6,waltz
13d7b9fe78507c5710340d3261c91ac3769f882b__220000ms,13d7b9fe78507c5710340d3261c91ac3769f882b,WALTZ Your Song (Langs Walzer  29 BPM),D:\projekty\Hudba\music-editor\src\data\segments\waltz\13d7b9fe78507c5710340d3261c91ac3769f882b__s220000ms.wav,220000,20000,87.6,waltz
13d7b9fe78507c5710340d3261c91ac3769f882b__240000ms,13d7b9fe78507c5710340d3261c91ac3769f882b,WALTZ Your Song (Langs Walzer  29 BPM),D:\projekty\Hudba\music-editor\src\data\segments\waltz\13d7b9fe78507c5710340d3261c91ac3769f882b__s240000ms.wav,240000,20000,87.6,waltz
13d7b9fe78507c5710340d3261c91ac3769f882b__260000ms,13d7b9fe78507c5710340d3261c91ac3769f882b,WALTZ Your Song (Langs Walzer  29 BPM),D:\projekty\Hudba\music-editor\src\data\segments\waltz\13d7b9fe78507c5710340d3261c91ac3769f882b__s260000ms.wav,260000,20000,87.6,waltz
